generation,fitness_run_1,diversity_run_1,fitness_run_2,diversity_run_2,fitness_run_3,diversity_run_3,fitness_run_4,diversity_run_4,fitness_run_5,diversity_run_5,fitness_average,diversity_average
1,3591.1473503768393,18.587974683544303,3659.120997690256,22.35253164556962,3679.8396205349527,16.472784810126583,3720.734547909087,21.633544303797468,3686.2118062465493,10.842405063291139,3667.410864551537,17.977848101265824
2,3574.543819824483,18.723417721518988,3580.711360773989,25.359177215189874,3586.5652431747694,21.39113924050633,3653.6736214946445,20.75727848101266,3549.4017061442846,20.55506329113924,3588.9791502824346,21.357215189873422
3,3524.7133285737777,26.325949367088608,3548.992886929214,19.444303797468354,3558.0780803279517,24.41613924050633,3609.0353796300437,16.11993670886076,3496.593475599819,32.37151898734177,3547.482630212161,23.735569620253166
4,3429.769685826919,23.30253164556962,3456.6541367606083,18.292405063291138,3521.1855036161305,16.412974683544302,3561.6497747304034,14.30379746835443,3399.5726500232972,48.857594936708864,3473.7663501914712,24.233860759493673
5,3346.831529028839,18.15253164556962,3404.366204639727,21.296518987341774,3433.504069580863,23.301898734177215,3509.356386346871,23.27151898734177,3307.1378547907193,15.730379746835442,3400.2392088774045,20.35056962025316
6,3330.8317662435247,21.91898734177215,3295.5686582555113,23.44272151898734,3379.9455059121565,13.949683544303797,3459.0323176160796,20.500316455696204,3258.5379881416184,17.715822784810126,3344.783247233778,19.505506329113924
7,3244.7155741799943,27.605696202531647,3246.210830751748,18.08987341772152,3308.425065433844,19.09240506329114,3409.392526432709,13.998101265822784,3212.638525062272,23.887025316455695,3284.2765043721133,20.534620253164555
8,3187.1970804773014,20.83417721518987,3175.3959597313838,20.157278481012657,3283.920446623614,19.968670886075948,3382.3426505200437,19.685443037974682,3168.624705551607,10.51139240506329,3239.4961685807903,18.23139240506329
9,3106.1691720466956,21.95632911392405,3138.691380862993,18.75253164556962,3210.5640053192737,19.281012658227848,3349.5648502780055,20.009493670886076,3113.9427152193184,27.258860759493672,3183.786424745257,21.45164556962025
10,3058.9415457504606,22.655379746835443,3055.0069687839964,15.442721518987343,3183.3494430122423,17.35221518987342,3299.1202283975513,23.008544303797468,3066.6279034664076,25.98860759493671,3132.609217882132,20.889493670886075
11,3024.117330749837,23.158227848101266,3032.5993357710645,19.41487341772152,3116.216195755132,17.39145569620253,3245.6086862998905,52.21708860759494,3032.75740685892,21.949050632911394,3090.259791086969,26.82613924050633
12,2992.699072157978,36.164873417721516,2975.7064418929754,17.814556962025318,3056.302358272784,17.483227848101265,3180.3082020351753,34.88860759493671,3014.780889618175,12.945886075949367,3043.959392795418,23.859430379746833
13,2897.510895742503,36.153481012658226,2921.8361442379714,19.61772151898734,3030.2189817455665,19.90284810126582,3070.9458450185143,16.864240506329114,2983.8433985643132,17.58987341772152,2980.8710530617736,22.025632911392403
14,2852.4695605598686,14.908544303797468,2864.275053759316,14.258544303797468,2995.968011003733,13.92373417721519,3029.9296679779873,14.480379746835442,2920.468307539689,10.51487341772152,2932.622120168119,13.617215189873416
15,2814.871979173397,24.185126582278482,2814.0630242027323,17.231962025316456,2977.679804263559,22.49272151898734,3029.9296679779873,20.484493670886074,2887.6376711604407,15.336075949367089,2904.8364293556233,19.94607594936709
16,2769.0760339892654,17.88101265822785,2768.1236886444226,22.750316455696204,2943.4105727132837,17.72626582278481,2981.859041114319,19.01360759493671,2887.4578870407217,20.38227848101266,2869.9854447004027,19.550696202531647
17,2713.1561258056627,13.238291139240506,2727.4471554570123,31.806645569620255,2899.1938390267123,13.98006329113924,2955.951823806157,22.480696202531647,2851.1098895841487,24.064556962025318,2829.3717667359388,21.114050632911393
18,2692.8005543305653,13.908544303797468,2673.792846853113,25.37246835443038,2822.5018432208685,19.730063291139242,2911.3423603025185,19.093987341772152,2803.4760617030092,23.104746835443038,2780.782733282015,20.241962025316457
19,2664.0445817050063,24.922784810126583,2666.1139846790416,15.306012658227848,2809.5649727098253,17.074050632911394,2905.6330439921603,21.075,2749.2214292958133,15.95506329113924,2758.9156024763697,18.86658227848101
20,2648.073166677473,22.50601265822785,2613.261933350625,20.815189873417722,2786.490766851698,18.754430379746836,2888.4240015796395,36.550949367088606,2738.73379687354,19.435443037974682,2734.9967330665954,23.61240506329114
21,2640.2138828992697,26.340506329113925,2590.6967480912112,17.741139240506328,2743.9156434637976,21.449367088607595,2865.7616685150506,44.0370253164557,2727.836833191973,22.007911392405063,2713.684955232261,26.315189873417715
22,2585.6689972232984,47.60601265822785,2576.9120960267232,18.521835443037975,2698.244507619236,23.26012658227848,2851.80639249064,20.361075949367088,2727.836833191973,16.64746835443038,2688.0937653103742,25.279303797468355
23,2541.554308768267,13.010443037974683,2544.4034765790116,27.082278481012658,2635.853659648528,18.561075949367087,2836.0430864502605,23.561075949367087,2706.8339565500037,16.479746835443038,2652.937697599214,19.73892405063291
24,2530.404213636489,14.875,2520.26802283979,19.73481012658228,2604.301156070833,23.719620253164557,2789.972438918385,47.50158227848101,2698.1843611583754,22.469620253164557,2628.6260385247742,25.66012658227848
25,2500.080362660452,15.155696202531646,2493.346572439416,22.933860759493673,2598.1241449392064,18.570253164556963,2730.096843647558,15.196835443037974,2667.3635724740698,14.75632911392405,2597.8022992321407,17.32259493670886
26,2498.40529774718,24.43006329113924,2468.4438629798046,22.491455696202532,2579.1783382718363,25.274050632911393,2672.8212936306472,15.809810126582278,2625.783646998236,18.320569620253163,2568.926487925541,21.26518987341772
27,2498.2134945031185,27.571518987341772,2397.4413592029878,31.75632911392405,2574.235081791045,19.19746835443038,2647.8018232527215,26.253164556962027,2597.830024983387,23.393037974683544,2543.104356746652,25.634303797468355
28,2470.969736964399,28.111075949367088,2377.371984555124,17.051898734177215,2568.816047309565,36.46424050632911,2600.1434131447168,20.679430379746837,2582.218179148478,21.627848101265823,2519.903872224457,24.786898734177218
29,2464.8691223872693,17.604430379746834,2377.371984555124,16.09145569620253,2524.095605057872,24.726898734177215,2582.1437463244706,19.298101265822783,2554.5018415180634,28.301898734177215,2500.5964599685603,21.204556962025315
30,2437.7322331747637,23.752848101265823,2353.1615509308804,20.853164556962025,2487.6351021967203,23.360759493670887,2558.952920422697,23.590506329113925,2553.92610910653,23.554430379746837,2478.2815831663183,23.022341772151897
31,2418.3799961099794,19.256645569620254,2322.017128248746,20.013924050632912,2454.0158032028103,14.80632911392405,2522.7022624900137,16.04493670886076,2550.4598081895915,18.550949367088606,2453.5149996482282,17.734556962025316
32,2415.4635357034394,17.01835443037975,2302.744070263567,14.602848101265822,2454.0158032028103,20.072151898734177,2508.6738694494047,14.555379746835444,2520.8006317702266,29.34651898734177,2440.3395820778896,19.119050632911392
33,2405.6767875003325,24.46012658227848,2285.7466252212066,25.002215189873418,2433.313209261923,19.162341772151898,2489.7169576105684,23.2123417721519,2499.1605621470344,14.646518987341771,2422.722828348213,21.29670886075949
34,2389.4360406529067,15.935126582278482,2274.7538192394554,35.77753164556962,2433.313209261923,15.737658227848101,2481.0591481860656,26.0,2491.2635833858667,16.047784810126583,2413.9651601452433,21.899620253164557
35,2357.106510294712,22.70917721518987,2264.5169451945803,12.525,2418.695597497416,16.604746835443038,2427.997414154298,22.359493670886074,2488.3968052962177,23.060126582278482,2391.3426544874446,19.451708860759492
36,2343.978374409284,15.57373417721519,2261.942524926535,21.754746835443036,2392.922053245844,22.43639240506329,2423.100599674968,23.007911392405063,2480.3721093975046,28.130379746835445,2380.4631323308267,22.180632911392404
37,2329.2207581495736,21.203164556962026,2246.8866466632244,35.91360759493671,2360.7633574119045,21.35727848101266,2392.2409617584585,39.369303797468355,2468.3467047874965,30.287974683544302,2359.491685754131,29.62626582278481
38,2287.0158402836855,14.292088607594936,2228.839404441417,16.075632911392404,2347.7519026955365,20.699367088607595,2361.9470485562883,25.627848101265823,2449.5992059189907,27.799050632911392,2335.0306803791837,20.898797468354427
39,2277.559495432688,12.851898734177215,2220.0300244930722,16.98227848101266,2314.0663081912667,40.585759493670885,2348.8465209618735,22.423101265822783,2437.3801420804366,17.070886075949367,2319.5764982318674,21.98278481012658
40,2253.7662281758685,16.37246835443038,2194.8003002351397,24.97151898734177,2306.550722355503,11.441455696202532,2317.0497831895236,24.88860759493671,2413.040004448678,27.449367088607595,2297.041407680942,21.024683544303798
41,2251.0924996839367,16.651898734177216,2164.7713060010187,17.100632911392406,2274.99041263404,18.314873417721518,2279.6270551582134,20.100632911392406,2413.040004448678,18.166772151898734,2276.7042555851776,18.066962025316457
42,2251.0924996839367,22.028164556962025,2149.288385326872,15.14493670886076,2266.916727927088,19.414556962025316,2272.308575258752,16.429746835443037,2392.4981534570215,17.558227848101264,2266.4208683307343,18.11512658227848
43,2244.908781951985,19.719620253164557,2138.969451815812,22.30221518987342,2254.10216852463,22.97626582278481,2272.308575258752,24.249683544303796,2359.208460527276,16.37373417721519,2253.899487615691,21.124303797468354
44,2244.908781951985,22.692088607594936,2138.969451815812,18.337974683544303,2232.9510726757276,20.05126582278481,2272.308575258752,18.550632911392405,2359.208460527276,15.608860759493671,2249.6692684459103,19.048164556962025
45,2224.9532826702157,24.5626582278481,2125.242459091574,22.714240506329112,2223.5237948088547,17.16392405063291,2267.484993251714,16.991772151898733,2339.768610335504,20.03291139240506,2236.1946280315724,20.29310126582278
46,2224.9532826702157,26.598417721518988,2114.8932691755385,24.569620253164558,2189.8313326147004,41.212025316455694,2228.1766370987466,30.998101265822786,2273.739951236478,18.563291139240505,2206.3188945591355,28.388291139240504
47,2215.088694105988,21.373101265822786,2114.8932691755385,21.78291139240506,2187.1177697423545,27.40253164556962,2226.645207176228,17.470886075949366,2251.7269543651537,21.53259493670886,2199.094378913053,21.91240506329114
48,2215.088694105988,24.898101265822785,2114.8932691755385,13.547784810126583,2177.5518677968143,33.585443037974684,2213.6421945135694,25.59145569620253,2237.839474695345,17.914240506329115,2191.803100057451,23.10740506329114
49,2203.985208667612,22.770886075949367,2100.3213629656266,16.535443037974684,2161.566842451679,23.008544303797468,2199.418928865403,16.85348101265823,2228.4992050652427,20.134493670886076,2178.758309603113,19.860569620253163
50,2195.109111457062,20.377848101265823,2083.1950164861278,26.127848101265823,2147.9809704433114,18.74905063291139,2181.5450736258895,21.878164556962027,2219.306301895537,21.940822784810127,2165.4272947815857,21.814746835443035
51,2195.109111457062,18.941139240506327,2078.911481932929,33.77310126582279,2130.1566253745814,24.047151898734178,2157.5811099503007,19.995569620253164,2211.4647957316274,22.935443037974682,2154.6446248893,23.93848101265823
52,2195.109111457062,18.156645569620252,2047.8973536484473,28.936708860759495,2113.88092588886,21.554430379746837,2133.492685521293,15.279430379746836,2199.6620025815196,29.413291139240506,2138.008415819436,22.668101265822788
53,2186.3937667615774,21.498417721518987,2044.7726032007588,21.405379746835443,2097.6248558742755,20.33639240506329,2122.13631877429,21.197151898734177,2149.2481037756042,23.048417721518987,2120.0351296773015,21.497151898734177
54,2175.128707395661,26.974367088607593,2037.9623535248522,34.77594936708861,2092.9867386809524,15.318354430379747,2122.13631877429,11.660759493670886,2144.6806292539186,18.92626582278481,2114.578949525935,21.531139240506327
55,2159.0151141386377,28.081645569620253,2001.2966427770268,16.26360759493671,2071.3404188216164,20.584493670886076,2065.881797232753,22.947151898734177,2141.7196529315042,19.98227848101266,2087.8507251803076,21.571835443037976
56,2153.741117480895,16.45506329113924,2001.2966427770268,14.612658227848101,2067.608034152848,21.91392405063291,2065.1531734030664,18.0123417721519,2119.7364864527704,22.05221518987342,2081.507090853321,18.609240506329115
57,2149.1848045452093,49.56550632911392,1995.035221833569,19.333544303797467,2063.173304847227,35.77246835443038,2030.833700823209,17.55854430379747,2119.7364864527704,17.281012658227848,2071.5927037003967,27.902215189873413
58,2144.7450233599575,27.023101265822785,1995.035221833569,45.47246835443038,2062.8738461382936,44.13639240506329,2030.833700823209,18.514240506329113,2119.7364864527704,14.290506329113924,2070.64485572156,29.8873417721519
59,2137.7337469583485,36.79367088607595,1989.1454484276528,28.77341772151899,2062.8738461382936,13.050949367088608,2026.3934408837993,17.031962025316457,2096.5630964346337,19.764556962025317,2062.5419157685456,23.082911392405066
60,2137.7337469583485,14.356645569620254,1968.0612507011947,40.20886075949367,2062.8738461382936,19.412974683544302,2017.8979086198954,22.030696202531647,2088.2177702611652,20.377215189873418,2054.9569045357794,23.277278481012655
61,2051.1986754309514,18.929746835443037,1962.0831489315653,17.469620253164557,2062.8738461382936,19.28607594936709,2017.8979086198954,19.497151898734177,2082.601102778579,21.620253164556964,2035.330936379857,19.360569620253166
62,2043.926816401766,16.01360759493671,1959.4384829243686,17.939873417721518,2062.8738461382936,16.31993670886076,2009.863025549763,19.45,2082.601102778579,42.469303797468356,2031.7406547585538,22.438544303797467
63,2023.3561521639806,20.470569620253166,1946.6400221971126,25.9373417721519,2055.532128098531,21.343987341772152,2009.863025549763,13.862658227848101,2067.8353903627585,43.36107594936709,2020.6453436744291,24.99512658227848
64,2021.7834373878607,12.640189873417722,1941.2982365628561,25.204430379746835,2037.777023271618,18.6,1971.1745355208782,19.410759493670888,2053.0725755664703,40.44873417721519,2005.0211616619367,23.260822784810124
65,2021.7834373878607,26.78259493670886,1905.0758984582394,23.666772151898734,2037.777023271618,17.33132911392405,1971.1745355208782,13.94367088607595,2053.0725755664703,22.037341772151898,1997.7766940410133,20.752341772151897
66,2014.2996373944977,24.594620253164557,1903.9832491091834,12.809177215189873,2030.9081372354703,13.369303797468355,1969.9801356875791,24.718987341772152,2053.0725755664703,19.880379746835445,1994.4487469986402,19.074493670886078
67,1998.8958426159668,19.71107594936709,1903.9832491091834,13.962025316455696,2016.245279737901,15.427531645569621,1960.442269521314,16.435126582278482,2031.400358361804,19.984177215189874,1982.1933998692336,17.103987341772154
68,1993.5256037993097,19.863291139240506,1903.9832491091834,23.22879746835443,2010.9636467572404,20.724683544303797,1955.184383584448,23.07753164556962,2031.400358361804,20.954430379746835,1979.011448322397,21.569746835443038
69,1984.87324474669,18.099050632911393,1900.7203097161084,20.868037974683546,2007.3596501472475,29.22658227848101,1955.184383584448,34.29335443037974,2015.057760009267,19.923101265822783,1972.639069640752,24.482025316455694
70,1952.9266826509447,25.704430379746835,1893.4064059593893,24.71645569620253,1983.3157186987826,19.764873417721518,1953.0827395267106,18.231012658227847,1998.6909812787435,17.13132911392405,1956.284505622914,21.109620253164557
71,1952.9266826509447,16.80253164556962,1861.724887371886,21.649050632911393,1971.0601353790341,17.831645569620253,1947.7509560879964,23.485443037974683,1949.5074281892478,21.979430379746834,1936.5940179358217,20.349620253164552
72,1927.3043289324778,21.999367088607595,1830.7003737466523,19.13006329113924,1964.8238506765272,20.491455696202532,1945.6493120302596,29.06360759493671,1942.0209633158552,11.35506329113924,1922.0997657403543,20.407911392405065
73,1888.5524271687927,15.829430379746835,1830.7003737466523,19.082911392405062,1963.126140013044,22.412341772151898,1943.56515825059,24.30221518987342,1929.086803976252,20.88639240506329,1911.0061806310664,20.5026582278481
74,1888.5524271687927,27.4376582278481,1830.7003737466523,15.741455696202532,1958.479842803389,17.21993670886076,1941.0414245949587,21.490506329113924,1929.086803976252,13.694620253164556,1909.572174458009,19.116835443037978
75,1883.3538205718064,18.477848101265824,1827.0440602702872,18.200316455696203,1925.7484644383014,23.816772151898736,1921.911271398153,23.5126582278481,1926.1104529404395,20.01360759493671,1896.8336139237974,20.804240506329116
76,1868.0125614576737,23.155379746835443,1827.0440602702872,30.625,1916.2253981116796,21.7376582278481,1901.7899013061715,16.595886075949366,1903.194080889933,23.698101265822785,1883.253200407149,23.16240506329114
77,1852.0870159027845,17.645886075949367,1817.0652657269995,22.57373417721519,1916.2253981116796,16.2376582278481,1887.6717430655594,11.107911392405063,1903.194080889933,15.79873417721519,1875.2487007393909,16.672784810126583
78,1848.2600586675303,17.483227848101265,1817.0652657269995,14.136075949367088,1904.705075816964,18.248417721518987,1887.6717430655594,21.02246835443038,1895.0390218751397,17.29113924050633,1870.5482330304385,17.636265822784807
79,1845.6914288958033,24.78006329113924,1817.0652657269995,21.211708860759494,1894.5545888185334,23.24367088607595,1880.900797280321,17.81139240506329,1891.886427228296,18.47848101265823,1866.0197015899907,21.10506329113924
80,1827.008011654916,33.2126582278481,1803.6354975498264,18.873101265822786,1894.5545888185334,17.79746835443038,1868.7897757537903,13.656012658227848,1891.886427228296,38.83037974683544,1857.1748602010725,24.47392405063291
81,1818.6271080776337,20.593670886075948,1803.6354975498264,13.198101265822785,1894.5545888185334,15.765506329113924,1868.7897757537903,20.525949367088607,1891.886427228296,24.273101265822785,1855.4986794856159,18.871265822784814
82,1808.7385890843327,20.060443037974682,1788.3275874293836,23.801582278481014,1894.5545888185334,18.08481012658228,1867.1101865036692,18.482911392405065,1887.925666977237,22.08006329113924,1849.3313237626312,20.501962025316455
83,1803.270523272736,14.220569620253164,1771.037140892172,21.595886075949366,1886.7087287323352,18.178797468354432,1823.2061029177007,31.168037974683543,1880.7855809138664,25.212658227848102,1833.0016153457618,22.07518987341772
84,1803.270523272736,22.723101265822784,1770.6266278241526,19.583544303797467,1886.7087287323352,29.672151898734178,1823.2061029177007,20.178797468354432,1870.9909874360844,17.89651898734177,1830.9605940366014,22.010822784810124
85,1793.577289850066,18.203164556962026,1770.6266278241526,23.426582278481014,1886.6653799734765,32.93164556962025,1821.680374657,25.04082278481013,1870.9909874360844,19.440189873417722,1828.7081319481556,23.808481012658227
86,1788.7710413752004,21.18639240506329,1770.2179169903584,26.237974683544305,1879.1694881600788,29.871518987341773,1821.680374657,12.406645569620252,1860.4753395129703,27.671518987341774,1824.0628321391214,23.474810126582277
87,1788.7710413752004,18.744620253164555,1764.4928793540441,20.656012658227848,1871.4944637625158,26.809493670886077,1802.9664747588672,25.44746835443038,1854.2225496668304,13.921518987341772,1816.3894817834916,21.115822784810128
88,1782.0107711037704,11.463291139240507,1764.4928793540441,24.71107594936709,1866.590427696634,22.23132911392405,1802.9664747588672,21.543037974683543,1854.2225496668304,24.86392405063291,1814.0566205160292,20.96253164556962
89,1773.2134585590704,18.423417721518987,1764.4928793540441,19.475949367088607,1866.590427696634,24.655696202531647,1802.9664747588672,17.96993670886076,1849.9432825503714,15.20759493670886,1811.4413045837973,19.14651898734177
90,1766.6474168237792,17.791455696202533,1764.4928793540441,21.693037974683545,1861.2642710085045,17.430379746835442,1802.9664747588672,21.178481012658228,1849.9432825503714,30.504430379746836,1809.0628648991133,21.719556962025315
91,1745.2259952808897,25.38101265822785,1764.4928793540441,24.559177215189873,1859.314638605501,21.803481012658228,1782.6657137865664,20.708227848101266,1849.9432825503714,16.946202531645568,1800.3285019154744,21.879620253164553
92,1742.6126836808107,17.78512658227848,1752.401515105468,22.08607594936709,1859.314638605501,20.903164556962025,1782.6657137865664,17.82753164556962,1849.9432825503714,14.513291139240506,1797.3875667457437,18.623037974683545
93,1739.5332562075434,20.748101265822786,1752.401515105468,19.11772151898734,1859.314638605501,19.281012658227848,1761.2733542805663,15.185759493670886,1849.9432825503714,23.63101265822785,1792.49320934989,19.59272151898734
94,1724.709692432422,43.48860759493671,1752.401515105468,12.641139240506329,1859.1229724252098,15.588291139240507,1742.3709845969402,20.41993670886076,1849.9432825503714,18.346835443037975,1785.7096894220824,22.096962025316454
95,1707.8681664566548,19.73987341772152,1750.7653622951084,22.756962025316454,1859.1229724252098,17.02626582278481,1734.296518688502,16.999683544303796,1849.9432825503714,17.116772151898733,1780.3992604831692,18.727911392405062
96,1707.8681664566548,19.641772151898735,1743.791346083345,15.138607594936708,1859.1229724252098,20.48386075949367,1734.296518688502,11.132278481012658,1849.9432825503714,13.697468354430379,1779.0044572408165,16.018797468354432
97,1707.82002308117,17.829113924050635,1739.3358826947663,24.12405063291139,1847.3435378631584,17.68227848101266,1734.296518688502,13.463291139240507,1849.7254343722834,23.721835443037975,1775.704279339976,19.364113924050635
98,1701.0936061358866,27.13132911392405,1726.939804640395,38.678164556962024,1847.3435378631584,19.92120253164557,1734.296518688502,17.746518987341773,1807.0242775592355,16.075316455696203,1763.3395489774357,23.91050632911392
99,1690.0634268688873,19.345569620253166,1726.939804640395,14.853481012658229,1847.3435378631584,19.000316455696204,1729.2059911342303,18.5626582278481,1807.0242775592355,21.044303797468356,1760.1154076131813,18.56126582278481
100,1685.7195461299655,22.943987341772154,1726.939804640395,19.27626582278481,1847.3435378631584,24.20886075949367,1729.2059911342303,26.571835443037976,1803.9533747501791,24.355379746835442,1758.6324509035853,23.47126582278481
101,1684.9618136116906,23.457911392405062,1722.1696492098936,15.770253164556962,1847.3435378631584,15.677531645569621,1722.132644941331,21.545569620253165,1803.9533747501791,22.56360759493671,1756.1122040752502,19.802974683544306
102,1684.840960991964,22.373101265822786,1705.1469943625937,37.11867088607595,1847.3435378631584,21.94746835443038,1722.132644941331,28.623417721518987,1788.1937069608523,29.57974683544304,1749.53156902398,27.928481012658228
103,1671.8051734462713,27.380696202531645,1703.8672019021005,25.45126582278481,1847.3435378631584,17.88132911392405,1720.9475496851262,22.1373417721519,1780.0560738958393,21.093037974683543,1744.8039073584994,22.78873417721519
104,1671.1512465549322,16.054113924050633,1703.1746660740378,12.928164556962026,1847.3435378631584,16.085443037974684,1720.9475496851262,19.052848101265823,1777.2668649659277,18.326898734177217,1743.9767730286367,16.489493670886077
105,1671.1512465549322,17.92373417721519,1698.9661158041133,28.277215189873417,1847.3435378631584,20.18354430379747,1720.9475496851262,18.174050632911392,1747.9790964086972,27.248417721518987,1737.2775092632055,22.36139240506329
106,1671.1512465549322,23.900949367088607,1672.8082578649537,31.96518987341772,1847.3435378631584,28.078481012658226,1720.9475496851262,16.356962025316456,1745.8624982583099,29.02120253164557,1731.6226180452963,25.86455696202532
107,1671.1512465549322,23.33417721518987,1672.8082578649537,24.62626582278481,1847.1518716828673,18.105379746835442,1716.585255023971,24.468670886075948,1745.8624982583099,37.870886075949365,1730.7118258770067,25.681075949367084
108,1671.1512465549322,15.190506329113925,1668.0814153063193,21.73132911392405,1825.4455777731382,16.97848101265823,1716.585255023971,23.473101265822784,1742.8946912647534,50.325949367088604,1724.8316371846227,25.53987341772152
109,1668.00488343105,22.246835443037973,1668.0814153063193,23.87753164556962,1825.4455777731382,16.720886075949366,1716.585255023971,17.142088607594935,1740.5836028838928,27.288291139240506,1723.7401468836742,21.455126582278478
110,1668.00488343105,32.06740506329114,1666.3995017709133,15.639240506329115,1825.4455777731382,26.604430379746834,1716.585255023971,21.58512658227848,1740.5836028838928,11.74113924050633,1723.403764176593,21.52746835443038
111,1663.002934160977,23.770886075949367,1662.3995017709133,15.513291139240506,1814.0884686237791,19.04493670886076,1716.585255023971,22.099683544303797,1740.5836028838928,15.542721518987342,1719.3319524927065,19.194303797468354
112,1663.002934160977,37.6129746835443,1645.2523252853066,17.701582278481013,1814.0884686237791,17.91613924050633,1709.8823135647494,16.276582278481012,1740.5836028838928,19.79113924050633,1714.561928903741,21.8596835443038
113,1660.9363414042311,19.911392405063292,1645.2523252853066,16.02626582278481,1802.5189507550976,20.649050632911393,1709.8823135647494,23.700316455696203,1740.5836028838928,16.741455696202532,1711.8347067786556,19.405696202531647
114,1660.9363414042311,15.750632911392405,1645.2523252853066,11.931962025316455,1787.779066097055,17.865822784810128,1703.091880655905,24.502848101265823,1730.1356833431344,22.237974683544305,1705.4390593571266,18.457848101265824
115,1637.1569982637495,22.004113924050632,1642.3993763294145,24.909493670886075,1787.484837438195,22.605696202531647,1703.091880655905,23.41898734177215,1729.291332176627,22.599367088607593,1699.8848849727783,23.10753164556962
116,1637.1569982637495,20.820253164556963,1642.3993763294145,51.48132911392405,1787.484837438195,23.453164556962026,1703.091880655905,21.58132911392405,1729.291332176627,20.917405063291138,1699.8848849727783,27.650696202531645
117,1621.803596362903,13.47373417721519,1612.7132219246619,30.134810126582277,1782.9270953914654,19.83481012658228,1703.091880655905,19.126898734177214,1720.751752090787,20.354746835443038,1688.2575092851446,20.585
118,1611.4094826241426,22.825632911392404,1612.7132219246619,17.111075949367088,1782.9270953914654,29.366455696202532,1703.091880655905,18.51518987341772,1715.2823619004955,15.548101265822785,1685.084808499334,20.673291139240508
119,1601.45740331017,15.210443037974683,1607.1180006804007,20.313291139240505,1782.9270953914654,17.79746835443038,1703.091880655905,15.366772151898735,1715.2823619004955,23.03892405063291,1681.9753483876873,18.34537974683544
120,1601.45740331017,16.94367088607595,1607.1180006804007,17.010759493670886,1782.9270953914654,17.495253164556964,1703.091880655905,18.234493670886074,1715.2823619004955,13.710759493670887,1681.9753483876873,16.678987341772153
121,1597.742741307663,17.23354430379747,1607.1180006804007,19.609493670886074,1782.9270953914654,18.260443037974685,1703.091880655905,16.373417721518987,1704.9748837701432,17.533227848101266,1679.1709203611153,17.802025316455694
122,1595.4794092037132,16.11740506329114,1607.1180006804007,20.59525316455696,1782.9270953914654,14.890189873417722,1703.091880655905,16.240822784810128,1702.833032199656,17.335759493670885,1678.289883626228,17.035886075949367
123,1595.4794092037132,17.985126582278482,1604.8537716236672,20.066772151898736,1782.9270953914654,23.343037974683543,1703.091880655905,17.674367088607596,1699.711180422128,15.286075949367088,1677.2126674593758,18.87107594936709
124,1595.4794092037132,17.876582278481013,1604.8537716236672,24.986708860759492,1782.9270953914654,16.820253164556963,1694.0259709752006,19.302848101265823,1670.8856437023928,25.101898734177215,1669.634378179288,20.8176582278481
125,1595.4794092037132,18.106962025316456,1604.8537716236672,23.870569620253164,1782.9270953914654,21.71613924050633,1693.388325276477,19.485443037974683,1660.6958192692748,19.601898734177215,1667.4688841529198,20.556202531645567
126,1595.4794092037132,21.15886075949367,1604.8537716236672,25.10981012658228,1742.6422319368155,23.813924050632913,1687.8610375663181,24.463291139240507,1658.7397141143133,18.27879746835443,1657.9152328889656,22.56493670886076
127,1595.4794092037132,23.570569620253163,1604.8537716236672,24.25759493670886,1742.6422319368155,12.219936708860759,1687.8610375663181,22.51518987341772,1646.3301975643064,20.055696202531646,1655.4333295789643,20.52379746835443
128,1595.4794092037132,15.990822784810126,1604.8537716236672,11.608860759493671,1742.6422319368155,16.44272151898734,1687.8610375663181,26.888924050632912,1646.3301975643064,10.809177215189873,1655.4333295789643,16.348101265822784
129,1572.30103515283,16.480379746835442,1604.8537716236672,17.300632911392405,1742.1752365310642,25.85126582278481,1687.8610375663181,19.175,1643.227942461737,19.84113924050633,1650.0838046671233,19.7296835443038
130,1566.4797713240098,22.908227848101266,1604.8537716236672,19.517088607594935,1731.6441106652167,18.363291139240506,1687.8610375663181,18.225,1643.227942461737,22.5626582278481,1646.8133267281896,20.31525316455696
131,1566.4797713240098,35.20569620253165,1604.8537716236672,24.184177215189873,1731.1771152594654,15.060759493670886,1687.8610375663181,22.575,1643.227942461737,24.917088607594938,1646.7199276470394,24.388544303797467
132,1566.4797713240098,22.98354430379747,1604.7210321350594,23.901582278481012,1731.1771152594654,18.849683544303797,1687.8610375663181,26.22658227848101,1625.3873899483801,13.00506329113924,1643.1252692466467,20.993291139240505
133,1534.7505757407068,17.225949367088607,1604.7210321350594,19.246835443037973,1717.2614548409585,18.700632911392404,1687.8610375663181,18.26740506329114,1625.3873899483801,12.283544303797468,1633.9962980462847,17.14487341772152
134,1534.7505757407068,22.099367088607593,1595.9659201891945,19.86360759493671,1717.2614548409585,14.801582278481012,1687.8610375663181,18.27879746835443,1618.825108203405,18.33512658227848,1630.9328193081167,18.675696202531647
135,1534.399911229375,22.580696202531644,1595.9659201891945,18.919620253164556,1717.2614548409585,17.249367088607595,1673.221394369294,15.09367088607595,1617.8290796893086,19.93639240506329,1627.735552063626,18.755949367088608
136,1534.399911229375,22.346835443037975,1595.9659201891945,23.7623417721519,1717.2614548409585,16.752848101265823,1673.221394369294,13.24493670886076,1617.8290796893086,15.661075949367088,1627.735552063626,18.35360759493671
137,1534.399911229375,21.314556962025318,1592.8391927803766,17.47151898734177,1717.2614548409585,16.070253164556963,1669.0860116829033,17.75759493670886,1601.2025581804419,16.70126582278481,1622.957825742811,17.863037974683543
138,1533.6494070761194,14.041772151898734,1575.3502516288002,28.829113924050635,1704.0129309597269,20.449050632911394,1665.878684589228,28.938924050632913,1601.2025581804419,17.39746835443038,1616.0187664868631,21.93126582278481
139,1533.6494070761194,19.406329113924052,1575.3502516288002,16.911392405063292,1704.0129309597269,24.730696202531647,1665.878684589228,28.03259493670886,1601.2025581804419,20.136708860759494,1616.0187664868631,21.84354430379747
140,1533.6494070761194,16.780696202531647,1575.3502516288002,30.920569620253165,1704.0129309597269,26.475632911392406,1665.878684589228,27.826582278481013,1594.7864775376963,24.779113924050634,1614.7355503583142,25.356518987341772
141,1525.6695063868808,27.251582278481013,1575.3502516288002,17.565822784810127,1690.8444192724703,21.604113924050633,1665.878684589228,24.6626582278481,1594.7864775376963,17.661392405063292,1610.505867883015,21.749113924050633
142,1525.6695063868808,27.340506329113925,1575.3502516288002,17.419620253164556,1690.8444192724703,18.783227848101266,1665.878684589228,29.143987341772153,1594.7864775376963,18.755379746835445,1610.505867883015,22.288544303797472
143,1519.841862767,19.07246835443038,1575.3502516288002,16.74873417721519,1690.8444192724703,15.092405063291139,1661.20919002402,20.140506329113926,1594.7864775376963,16.61487341772152,1608.4064402459976,17.53379746835443
144,1507.2258836921171,26.024050632911393,1575.3502516288002,11.54620253164557,1688.0100467876816,23.175949367088606,1661.20919002402,21.400316455696203,1592.8303723827348,20.254430379746836,1604.9251489030707,20.48018987341772
145,1499.715947317495,22.462974683544303,1575.3502516288002,26.830696202531644,1684.5707107307453,30.074050632911394,1654.7994848631402,16.908227848101266,1576.9601320355964,15.75253164556962,1598.2793053151552,22.405696202531644
146,1499.715947317495,19.875632911392405,1575.3502516288002,16.018987341772153,1684.5707107307453,29.294620253164556,1653.4988997053142,19.84208860759494,1576.9601320355964,18.66582278481013,1598.0191882835902,20.739430379746835
147,1499.715947317495,19.247784810126582,1575.3502516288002,18.894936708860758,1681.7187551559323,23.298417721518987,1653.4988997053142,20.84525316455696,1576.9601320355964,16.297784810126583,1597.4487971686278,19.716835443037976
148,1499.715947317495,22.739240506329114,1571.0284807859327,15.339556962025316,1669.6434936538149,25.40854430379747,1651.3563092517873,20.813924050632913,1576.9601320355964,17.336708860759494,1593.7408726089252,20.327594936708863
149,1499.715947317495,20.65854430379747,1571.0284807859327,34.95822784810127,1669.6434936538149,13.932594936708862,1646.4565033445629,24.02879746835443,1576.9601320355964,15.256645569620254,1592.7609114274806,21.766962025316456
150,1499.715947317495,15.37246835443038,1569.9235644544963,22.41392405063291,1666.7381515886066,10.786708860759493,1642.8040796177127,28.53386075949367,1576.0581123288857,13.636075949367088,1591.0479710614393,18.148607594936706
151,1499.715947317495,18.462025316455698,1569.9235644544963,20.796518987341774,1666.7381515886066,15.587974683544303,1640.2973602477873,16.89841772151899,1572.749867284234,16.11898734177215,1589.8849781785236,17.572784810126585
152,1499.715947317495,19.536708860759493,1569.9235644544963,23.10886075949367,1663.0408400753006,13.229113924050633,1640.2973602477873,17.625632911392405,1566.749867284234,25.013291139240508,1587.9455158758624,19.70272151898734
153,1488.9506362637087,20.150949367088607,1565.3387139293188,28.38101265822785,1660.1354980100925,16.829430379746835,1640.2973602477873,21.39841772151899,1564.9014958922237,15.834177215189873,1583.924740868626,20.518797468354432
154,1488.9506362637087,21.71139240506329,1565.3387139293188,20.440189873417722,1660.1354980100925,25.008544303797468,1640.2973602477873,17.578164556962026,1556.975431168654,21.77848101265823,1582.339527923912,21.30335443037975
155,1488.9506362637087,16.37753164556962,1565.3387139293188,24.820253164556963,1659.1366372997318,17.343987341772152,1640.2973602477873,25.061075949367087,1556.975431168654,15.312658227848102,1582.13975578184,19.783101265822783
156,1488.9506362637087,11.233860759493671,1565.3387139293188,22.37246835443038,1657.8200931932263,17.63512658227848,1640.2973602477873,20.07626582278481,1556.975431168654,20.45126582278481,1581.876446960539,18.35379746835443
157,1488.9506362637087,16.015506329113926,1565.3387139293188,16.51867088607595,1655.6447591442954,25.87594936708861,1615.4744461924674,19.63259493670886,1556.975431168654,18.616455696202532,1576.4767973396888,19.331835443037974
158,1488.9506362637087,19.759177215189872,1565.3387139293188,17.550632911392405,1655.6447591442954,23.663291139240506,1615.4744461924674,20.071835443037976,1556.975431168654,25.903164556962025,1576.4767973396888,21.38962025316456
159,1488.9506362637087,18.17246835443038,1565.3387139293188,20.48481012658228,1653.7473180883208,15.65,1615.4744461924674,17.555379746835442,1550.5589822310576,13.197151898734177,1574.8140193409747,17.011962025316457
160,1488.9506362637087,19.145886075949367,1565.3387139293188,16.099367088607593,1653.7473180883208,28.96139240506329,1615.4744461924674,12.262658227848101,1548.822143807379,15.112341772151899,1574.4666516562388,18.31632911392405
161,1485.830295395576,15.892088607594937,1561.0427976269082,15.468037974683543,1650.4588333663323,25.185443037974682,1613.8998642361375,21.660759493670888,1548.822143807379,17.332911392405062,1572.0107868864666,19.107848101265823
162,1485.830295395576,24.85981012658228,1560.9953231038928,22.944620253164558,1643.197736184129,29.935759493670886,1613.8998642361375,18.28291139240506,1548.822143807379,28.901582278481012,1570.5490725454229,24.98493670886076
163,1484.9395674712093,19.25094936708861,1542.9942648726362,19.374683544303796,1640.8641940450066,22.714556962025316,1613.8998642361375,19.125632911392405,1548.822143807379,37.572784810126585,1566.3040068864736,23.60772151898734
164,1484.9395674712093,20.84746835443038,1542.9942648726362,22.814873417721518,1640.8641940450066,30.406012658227848,1613.8998642361375,23.3373417721519,1548.822143807379,35.14113924050633,1566.3040068864736,26.509367088607593
165,1484.9395674712093,24.948417721518986,1542.9942648726362,16.456645569620253,1631.5290287280873,31.81993670886076,1603.622060339089,21.065506329113923,1548.822143807379,18.366139240506328,1562.3814130436801,22.531329113924052
166,1474.258451228768,23.432911392405064,1539.812341096733,23.1626582278481,1630.2728501150373,21.119620253164555,1603.622060339089,18.992088607594937,1548.822143807379,14.428481012658228,1559.3575693174014,20.227151898734178
167,1474.258451228768,15.138607594936708,1539.812341096733,33.256645569620254,1630.2728501150373,31.968987341772152,1603.622060339089,21.37373417721519,1547.4815195884512,24.079113924050635,1559.089444473616,25.16341772151899
168,1474.258451228768,26.019936708860758,1539.812341096733,28.630379746835445,1630.2728501150373,40.119620253164555,1603.622060339089,21.187974683544304,1547.4815195884512,18.548101265822783,1559.089444473616,26.901202531645573
169,1470.8186406468262,18.359177215189874,1539.812341096733,13.313607594936709,1629.8039715913874,47.26107594936709,1603.622060339089,20.923417721518987,1547.4815195884512,22.008544303797468,1558.3077066524975,24.373164556962024
170,1470.8186406468262,22.187974683544304,1539.812341096733,19.36993670886076,1627.0101514910893,40.17879746835443,1603.622060339089,18.622784810126582,1545.2711467658644,25.850949367088607,1557.3068680679205,25.242088607594937
171,1470.8186406468262,26.08481012658228,1539.812341096733,20.451582278481013,1620.7727276924818,24.86867088607595,1603.622060339089,22.916772151898734,1541.5322067242253,26.558860759493673,1555.311595299871,24.176139240506327
172,1470.8186406468262,19.349367088607593,1539.812341096733,16.360126582278482,1617.1074994593284,19.37879746835443,1600.7864732061648,7.591772151898734,1537.8550350020744,29.922151898734178,1553.2759978822255,18.520443037974683
173,1470.8186406468262,9.38132911392405,1537.7197982045402,17.095569620253166,1617.1074994593284,23.139556962025317,1591.7748250028765,30.727848101265824,1537.8550350020744,11.033227848101266,1551.055159663129,18.275506329113924
174,1470.8186406468262,15.556645569620253,1537.7197982045402,21.83892405063291,1617.1074994593284,20.139556962025317,1591.7748250028765,17.76613924050633,1537.3509771287859,23.684493670886077,1550.9543480884713,19.797151898734178
175,1470.2155008343855,21.608227848101265,1529.794428336827,24.900632911392407,1617.1074994593284,16.417405063291138,1591.7748250028765,15.706012658227849,1537.3509771287859,17.923417721518987,1549.2486461524404,19.31113924050633
176,1463.6224411575836,10.144303797468355,1529.794428336827,34.9117088607595,1617.1074994593284,21.33607594936709,1591.7748250028765,19.540506329113924,1533.717569860098,16.560443037974682,1547.2033527633425,20.498607594936708
177,1462.2506776904393,17.843354430379748,1529.794428336827,27.715506329113925,1617.1074994593284,23.61898734177215,1591.7748250028765,18.685443037974682,1533.717569860098,22.97246835443038,1546.9290000699136,22.167151898734176
178,1461.6288840158777,24.709493670886076,1529.794428336827,20.926898734177215,1617.1074994593284,16.92120253164557,1591.7748250028765,21.525632911392407,1533.717569860098,18.297151898734178,1546.8046413350014,20.47607594936709
179,1461.6288840158777,28.600316455696202,1529.794428336827,14.434177215189873,1617.1074994593284,16.423417721518987,1591.7748250028765,22.160759493670888,1533.717569860098,18.668037974683543,1546.8046413350014,20.0573417721519
180,1452.6036282717582,27.642088607594935,1529.794428336827,17.589556962025316,1617.1074994593284,18.5873417721519,1585.3139085479302,17.23259493670886,1528.7926506878075,15.929746835443037,1542.7224230607303,19.396265822784812
181,1450.4892536401142,19.645569620253166,1529.794428336827,21.11898734177215,1614.903555708445,15.928481012658228,1583.6198675442156,23.707278481012658,1528.7926506878075,20.914240506329115,1541.519951183482,20.262911392405066
182,1450.4892536401142,25.916772151898734,1529.794428336827,24.611708860759492,1609.2302972332805,21.343670886075948,1583.6198675442156,17.997151898734177,1511.9638291099377,24.725949367088607,1537.019535172875,22.91905063291139
183,1450.2788667139823,24.743037974683546,1529.794428336827,22.60886075949367,1609.2302972332805,26.879430379746836,1583.6198675442156,24.84620253164557,1509.5904615431332,18.968987341772152,1536.502784274288,23.609303797468353
184,1450.2788667139823,32.42151898734177,1529.794428336827,22.1753164556962,1609.2302972332805,17.267088607594935,1574.8801180854546,35.140506329113926,1509.5904615431332,19.588607594936708,1534.7548343825354,25.318607594936704
185,1450.2788667139823,36.3870253164557,1529.794428336827,18.199050632911394,1609.2302972332805,20.21518987341772,1574.8801180854546,38.618987341772154,1509.5904615431332,30.249683544303796,1534.7548343825354,28.733987341772156
186,1450.2788667139823,17.068354430379745,1529.794428336827,16.781962025316457,1608.3807787918308,25.529430379746834,1562.9312583012136,26.061075949367087,1509.5904615431332,15.858860759493671,1532.1951587373974,20.259936708860756
187,1448.7990236992594,13.351582278481013,1529.429722249485,23.99493670886076,1608.1008674451332,21.385759493670886,1562.9312583012136,23.176582278481014,1509.5904615431332,19.619303797468355,1531.7702666476448,20.305632911392404
188,1446.6941478527644,28.189873417721518,1529.429722249485,15.63987341772152,1608.1008674451332,20.15981012658228,1561.643957847179,18.1123417721519,1506.8245980091465,21.347784810126583,1530.5386586807417,20.68993670886076
189,1444.7818199792885,27.08386075949367,1529.429722249485,18.58417721518987,1599.525166547848,19.66107594936709,1561.643957847179,15.383227848101265,1506.8245980091465,30.1376582278481,1528.4410529265892,22.169999999999998
190,1444.7818199792885,25.73639240506329,1529.429722249485,20.042405063291138,1594.5029664239228,19.115506329113924,1561.643957847179,13.51645569620253,1506.7783154245221,31.430696202531646,1527.4273563848794,21.968291139240506
191,1444.7818199792885,32.7623417721519,1526.9193696332545,17.76772151898734,1591.9563361729272,29.088291139240507,1561.643957847179,20.385443037974685,1506.7783154245221,19.044303797468356,1526.4159598114343,23.80962025316456
192,1444.7818199792885,28.044303797468356,1526.9193696332545,30.215822784810126,1591.9563361729272,35.233227848101265,1561.643957847179,13.019620253164558,1506.7783154245221,20.932911392405064,1526.4159598114343,25.489177215189876
193,1443.781504764089,25.96645569620253,1526.9193696332545,17.39841772151899,1591.9563361729272,35.98924050632911,1561.643957847179,21.397151898734176,1503.1778970988346,17.241772151898733,1525.4958131032568,23.59860759493671
194,1443.781504764089,23.818037974683545,1523.9444488946485,14.668987341772151,1591.9563361729272,29.174050632911392,1561.643957847179,15.696518987341772,1503.1778970988346,30.968670886075948,1524.9008289555356,22.865253164556965
195,1443.2624285814074,16.442088607594936,1523.9444488946485,25.210443037974684,1591.9563361729272,25.508227848101267,1555.4324383978335,16.952848101265822,1503.1778970988346,18.35,1523.5547098291304,20.492721518987345
196,1443.2624285814074,18.905696202531647,1523.9444488946485,18.58892405063291,1588.296599294113,18.965506329113925,1555.4324383978335,21.173101265822783,1503.1778970988346,16.256962025316454,1522.8227624533674,18.778037974683542
197,1443.2624285814074,17.718037974683543,1523.9444488946485,20.73354430379747,1580.2915413298583,41.946518987341776,1555.4324383978335,22.4373417721519,1503.1778970988346,18.20632911392405,1521.2217508605165,24.208354430379746
198,1437.6530739673424,17.931645569620255,1523.9444488946485,16.27246835443038,1574.2995835164022,17.246835443037973,1555.4324383978335,19.730063291139242,1501.4734741078228,10.892721518987342,1518.5606037768098,16.414746835443037
199,1435.2031279096054,15.250316455696202,1523.9444488946485,24.08417721518987,1569.8569179934875,15.206012658227849,1555.4324383978335,21.571518987341772,1499.0703887688462,27.127848101265823,1516.7014643928842,20.647974683544305
200,1435.2031279096054,26.760759493670886,1519.9877956560122,16.64113924050633,1567.7332435092574,29.39873417721519,1550.8808646382818,19.850316455696202,1499.0703887688462,27.46139240506329,1514.5750840964006,24.02246835443038
201,1435.2031279096054,22.14145569620253,1519.9877956560122,14.334177215189873,1567.7332435092574,21.244620253164555,1550.8808646382818,23.382911392405063,1497.953524530025,24.062025316455696,1514.3517112486363,21.033037974683545
202,1435.2031279096054,26.16898734177215,1519.1927547191228,23.49746835443038,1537.095342299669,14.211708860759494,1550.2093020625593,16.575632911392404,1497.953524530025,22.47025316455696,1507.9308103041963,20.584810126582276
203,1435.2031279096054,13.913607594936709,1515.381146145852,17.948101265822785,1519.9530393079035,23.404113924050634,1550.2093020625593,19.352848101265824,1497.953524530025,16.758544303797468,1503.740027991189,18.275443037974682
204,1435.2031279096054,15.17246835443038,1508.9566352841282,26.18354430379747,1519.9530393079035,23.015822784810126,1541.7808911936374,20.556012658227846,1495.461333496073,18.925949367088606,1500.2710054382694,20.770759493670887
205,1435.2031279096054,23.328164556962026,1505.6853889550432,24.518987341772153,1515.6210668614253,9.569303797468354,1541.7808911936374,19.164556962025316,1495.461333496073,35.756962025316454,1498.7503616831568,22.46759493670886
206,1435.2031279096054,27.96392405063291,1505.6853889550432,30.7376582278481,1508.8479680354694,20.452215189873417,1541.7808911936374,24.31993670886076,1486.5453567381385,28.821518987341772,1495.6125465663786,26.459050632911392
207,1413.9710912717558,15.493987341772153,1501.721165769524,26.17120253164557,1508.8479680354694,10.583544303797469,1541.7808911936374,16.318987341772154,1486.5453567381385,16.80506329113924,1490.573294601705,17.074556962025316
208,1413.9710912717558,17.260443037974685,1501.721165769524,31.28354430379747,1508.8479680354694,14.204746835443038,1541.7808911936374,20.568037974683545,1486.5453567381385,18.39145569620253,1490.573294601705,20.34164556962025
209,1413.9710912717558,13.871835443037975,1493.437919170284,29.886708860759494,1508.8479680354694,16.813924050632913,1541.7808911936374,15.951582278481013,1486.5453567381385,15.225,1488.916645281857,18.349810126582277
210,1413.9710912717558,18.329430379746835,1493.4234029372662,23.355696202531647,1508.8479680354694,16.712025316455698,1541.7808911936374,16.21518987341772,1476.401618862398,16.362974683544305,1486.8849944601054,18.195063291139242
211,1413.9710912717558,16.775632911392407,1479.8244488749083,20.52373417721519,1508.408851555527,24.065189873417722,1541.7808911936374,23.36867088607595,1455.5267478444307,26.20886075949367,1479.9024061480518,22.188417721518988
212,1413.9710912717558,12.622784810126582,1479.8244488749083,14.351898734177215,1508.408851555527,24.962974683544303,1541.7808911936374,20.693037974683545,1455.5267478444307,16.23259493670886,1479.9024061480518,17.772658227848105
213,1413.9710912717558,10.45,1479.6100893622568,15.987974683544303,1504.6581598060939,24.126582278481013,1541.7808911936374,8.944620253164556,1455.5267478444307,18.66613924050633,1479.1093958956349,15.635063291139241
214,1413.9710912717558,20.020886075949367,1479.6100893622568,10.5,1504.6581598060939,29.407278481012657,1541.7808911936374,11.559493670886075,1455.4804652598064,22.21012658227848,1479.10013937871,18.739556962025315
215,1413.9710912717558,12.880696202531645,1457.7453809863825,22.90506329113924,1496.9433167395823,18.603164556962025,1541.7808911936374,14.856962025316456,1455.4804652598064,15.257911392405063,1473.1842290902327,16.900759493670883
216,1413.9710912717558,18.60632911392405,1457.7453809863825,10.10506329113924,1496.9433167395823,17.537974683544302,1541.7808911936374,19.92721518987342,1455.4804652598064,15.87753164556962,1473.1842290902327,16.41082278481013
217,1413.9710912717558,22.95474683544304,1457.7453809863825,18.24240506329114,1496.9433167395823,21.128481012658227,1541.7808911936374,18.368354430379746,1455.4804652598064,23.299683544303797,1473.1842290902327,20.79873417721519
218,1413.5006458540015,16.0,1456.4484422332373,23.35,1496.9433167395823,20.62626582278481,1541.5494015319055,20.560126582278482,1455.0975276917384,12.683544303797468,1472.707866810093,18.643987341772153
219,1410.815154618154,20.905379746835443,1456.4484422332373,21.390506329113926,1494.7470090999107,18.120886075949368,1541.5494015319055,16.694303797468354,1455.0975276917384,14.845253164556961,1471.7315070349891,18.39126582278481
220,1410.815154618154,23.959493670886076,1444.797469602027,23.17626582278481,1494.7470090999107,19.192088607594936,1541.5494015319055,20.151898734177216,1455.0975276917384,21.331645569620253,1469.401312508747,21.56227848101266
221,1410.815154618154,25.37753164556962,1444.797469602027,19.690822784810127,1493.3648134124142,25.58512658227848,1541.5494015319055,25.52341772151899,1455.0975276917384,11.782594936708861,1469.1248733712478,21.591898734177214
222,1407.690689205615,20.722784810126583,1444.797469602027,19.5746835443038,1487.1418021648235,23.880379746835445,1541.5494015319055,28.719620253164557,1455.0975276917384,16.346835443037975,1467.255378039222,21.848860759493668
223,1404.6068527056086,19.99746835443038,1444.7192844652436,17.671835443037974,1487.1418021648235,21.04082278481013,1541.5494015319055,18.855063291139242,1455.0975276917384,13.25759493670886,1466.622973711864,18.16455696202532
224,1404.6068527056086,18.418037974683543,1416.9659594145337,23.4496835443038,1484.5183507521158,17.24493670886076,1541.5494015319055,24.631962025316454,1447.3615725536415,22.021835443037975,1459.0004273915608,21.153291139240505
225,1404.6068527056086,16.452215189873417,1415.1630662002267,13.791455696202531,1478.8931538297884,19.93860759493671,1541.5494015319055,19.991455696202532,1447.3615725536415,17.430696202531646,1457.5148093642342,17.52088607594937
226,1404.6068527056086,15.520569620253164,1415.1630662002267,15.551582278481012,1478.2690347195214,20.286392405063292,1541.5494015319055,14.046835443037974,1446.8965110415484,16.27278481012658,1457.296973239762,16.335632911392405
227,1404.6068527056086,22.114556962025315,1415.1630662002267,26.78512658227848,1478.2690347195214,18.59525316455696,1541.5494015319055,23.056962025316455,1446.8965110415484,22.899050632911393,1457.296973239762,22.690189873417722
228,1404.6068527056086,21.29525316455696,1415.1630662002267,28.495569620253164,1477.0602097083583,17.95917721518987,1533.8709185557152,19.52278481012658,1445.5378136627228,18.511708860759494,1455.2477721665266,21.156898734177215
229,1404.6068527056086,13.712974683544303,1415.1630662002267,18.98227848101266,1477.0602097083583,24.029430379746834,1533.8709185557152,18.406962025316457,1445.5378136627228,23.40126582278481,1455.2477721665266,19.70658227848101
230,1404.6068527056086,22.26740506329114,1415.1630662002267,17.184177215189873,1477.0602097083583,29.54082278481013,1533.8709185557152,20.25379746835443,1445.5378136627228,13.548417721518987,1455.2477721665266,20.558924050632914
231,1404.6068527056086,20.188291139240505,1415.1630662002267,20.366139240506328,1477.0602097083583,21.308227848101264,1520.170150118967,17.050949367088606,1444.6536343468977,18.335443037974684,1452.330782616012,19.44981012658228
232,1404.6068527056086,27.40126582278481,1415.1630662002267,13.773101265822785,1475.4270267364143,32.199367088607595,1520.170150118967,17.685443037974682,1444.6536343468977,25.022151898734176,1452.004146021623,23.216265822784813
233,1404.6068527056086,20.31645569620253,1415.1630662002267,20.03512658227848,1463.2335642763906,22.25253164556962,1520.170150118967,12.904113924050632,1444.6536343468977,21.237025316455696,1449.5654535296183,19.349050632911393
234,1404.6068527056086,23.918354430379747,1415.1630662002267,20.015506329113926,1463.2335642763906,14.118354430379746,1520.170150118967,19.326898734177217,1444.014274913658,21.440189873417722,1449.4375816429704,19.76386075949367
235,1403.9207495144306,21.14272151898734,1415.1630662002267,15.829113924050633,1463.2335642763906,20.563924050632913,1518.4527171582179,23.771835443037975,1438.8277624639657,19.84620253164557,1447.9195719226461,20.230759493670888
236,1403.9207495144306,19.376582278481013,1415.1630662002267,16.213291139240507,1463.2335642763906,17.21993670886076,1509.0113174189755,17.9873417721519,1438.8277624639657,17.49493670886076,1446.0312919747978,17.658417721518987
237,1401.3361925599074,24.086708860759494,1415.1630662002267,17.769303797468353,1463.2335642763906,24.706645569620253,1509.0113174189755,21.41392405063291,1438.8277624639657,19.079430379746835,1445.5143805838932,21.41120253164557
238,1401.3361925599074,27.77753164556962,1415.1630662002267,17.646835443037975,1463.2335642763906,27.411392405063292,1509.0113174189755,8.549367088607594,1438.8277624639657,16.14272151898734,1445.5143805838932,19.505569620253166
239,1401.3361925599074,16.60158227848101,1415.1630662002267,12.90632911392405,1463.2335642763906,20.98481012658228,1509.0113174189755,21.339556962025316,1438.8277624639657,21.610126582278482,1445.5143805838932,18.688481012658226
240,1401.3361925599074,16.968354430379748,1413.0502249324095,18.26772151898734,1445.9334043289296,14.105696202531645,1509.0113174189755,19.621518987341773,1436.5614308187107,19.138924050632912,1441.1785140117865,17.620443037974685
241,1401.3361925599074,17.747784810126582,1411.8205545466785,24.88132911392405,1438.8328896726055,18.848417721518988,1508.397577607246,22.125316455696204,1430.3810909312117,22.566772151898736,1438.1536610635299,21.23392405063291
242,1401.3361925599074,14.104746835443038,1411.8205545466785,31.39272151898734,1438.8328896726055,10.67120253164557,1500.7701944589467,26.080379746835444,1430.3810909312117,15.23860759493671,1436.6281844338698,19.49753164556962
243,1401.3361925599074,16.066772151898736,1411.8205545466785,17.185126582278482,1438.8328896726055,22.965506329113925,1498.0559770303428,24.95917721518987,1430.3810909312117,20.722784810126583,1436.0853409481492,20.37987341772152
244,1401.3361925599074,16.146835443037975,1411.8205545466785,21.549683544303797,1438.8328896726055,16.899367088607594,1496.1045361631998,26.78987341772152,1430.3810909312117,14.237974683544303,1435.6950527747206,19.12474683544304
245,1401.3361925599074,20.001898734177214,1411.8205545466785,14.218987341772152,1433.3792022534303,25.94240506329114,1496.1045361631998,22.504430379746836,1430.3810909312117,22.59493670886076,1434.6043152908856,21.052531645569623
246,1401.3361925599074,14.399367088607596,1411.8205545466785,23.39272151898734,1431.0801911193146,23.844303797468353,1493.3903187345957,21.566772151898736,1430.3810909312117,13.840189873417721,1433.6016695783414,19.408670886075946
247,1401.3361925599074,24.28860759493671,1408.2898415012683,18.3003164556962,1431.0801911193146,23.241139240506328,1493.3903187345957,21.323101265822785,1422.1391507974267,13.365822784810126,1431.2471389425025,20.10379746835443
248,1401.3361925599074,21.05632911392405,1408.2090808025837,17.187974683544304,1431.0801911193146,18.856012658227847,1493.3903187345957,22.925949367088606,1422.1391507974267,15.173101265822785,1431.2309868027655,19.039873417721516
249,1401.3361925599074,24.843037974683543,1408.2090808025837,19.917405063291138,1431.0801911193146,20.544620253164556,1492.9570415727078,27.205379746835444,1422.1391507974267,19.65759493670886,1431.144331370388,22.43360759493671
250,1401.3361925599074,19.815189873417722,1408.2090808025837,17.15791139240506,1431.0801911193146,23.29398734177215,1492.9570415727078,16.292088607594938,1422.1391507974267,15.209493670886076,1431.144331370388,18.35373417721519
251,1401.3361925599074,18.40379746835443,1408.2090808025837,17.55253164556962,1431.0801911193146,23.171518987341774,1492.9570415727078,24.368037974683546,1422.1391507974267,22.44272151898734,1431.144331370388,21.187721518987342
252,1396.42894446576,24.67626582278481,1408.2090808025837,19.634810126582277,1431.0801911193146,14.99873417721519,1492.9570415727078,19.81139240506329,1420.5184449221683,22.890822784810126,1429.8387405765068,20.402405063291138
253,1396.0077606574166,19.060759493670886,1408.2090808025837,18.744303797468355,1430.8364027859047,21.6123417721519,1492.9570415727078,16.114556962025315,1420.5184449221683,18.439240506329114,1429.7057461481559,18.794240506329114
254,1395.859460423934,23.31139240506329,1408.2090808025837,21.687025316455696,1430.8364027859047,26.065822784810127,1492.9570415727078,17.962025316455698,1420.5184449221683,23.026898734177216,1429.6760861014595,22.410632911392405
255,1381.6791936592701,26.997784810126582,1404.0916129883037,27.669620253164556,1430.8364027859047,30.227848101265824,1492.1296257920487,20.22848101265823,1420.5184449221683,24.197151898734177,1425.8510560295392,25.864177215189876
256,1381.6791936592701,14.716772151898734,1404.0916129883037,14.568987341772152,1427.9917707510683,18.145253164556962,1492.1296257920487,22.879746835443036,1413.8876440894715,17.531329113924052,1423.9559694560326,17.56841772151899
257,1377.4535787524976,15.285126582278481,1403.3416007736203,19.826898734177217,1427.0976847569252,31.02278481012658,1492.1296257920487,24.3123417721519,1413.8876440894715,30.72120253164557,1422.7820268329128,24.23367088607595
258,1377.4535787524976,25.832594936708862,1403.3416007736203,19.22120253164557,1427.0976847569252,31.836708860759494,1492.1296257920487,23.293354430379747,1413.8876440894715,17.71107594936709,1422.7820268329128,23.57898734177215
259,1377.4535787524976,22.49272151898734,1403.3416007736203,22.404430379746834,1424.3189397111098,29.10158227848101,1492.1296257920487,30.090506329113925,1413.8876440894715,15.705696202531646,1422.2262778237496,23.95898734177215
260,1368.934235868361,22.59240506329114,1403.3416007736203,34.506962025316454,1424.3189397111098,31.445569620253163,1492.1296257920487,19.330696202531644,1413.8876440894715,18.2123417721519,1420.5224092469223,25.21759493670886
261,1368.934235868361,15.744620253164557,1389.056730398672,37.073417721518986,1420.7535853564661,25.668037974683543,1489.9157798607016,19.84240506329114,1413.8876440894715,18.305379746835442,1416.5095951147346,23.326772151898734
262,1368.934235868361,15.451582278481013,1389.056730398672,22.53354430379747,1413.7520912107777,28.705379746835444,1489.9157798607016,18.70474683544304,1413.8876440894715,20.000632911392405,1415.1092962855969,21.079177215189876
263,1368.934235868361,17.916455696202533,1384.6683259137883,17.159177215189874,1412.1452039717121,23.35759493670886,1489.9157798607016,15.838291139240507,1411.3507428868422,24.315822784810127,1413.4028577002812,19.71746835443038
264,1368.934235868361,16.803797468354432,1369.8403757400488,25.8873417721519,1412.1452039717121,22.02879746835443,1489.9157798607016,19.48227848101266,1409.9693725317936,21.064240506329114,1410.1609935945235,21.053291139240507
265,1368.934235868361,15.55886075949367,1369.8403757400488,17.44778481012658,1412.1452039717121,23.5126582278481,1485.4825026988137,21.38860759493671,1409.9693725317936,26.62373417721519,1409.274338162146,20.906329113924052
266,1368.934235868361,19.261708860759494,1369.8403757400488,22.200316455696203,1410.3814813860372,27.629746835443036,1485.4825026988137,28.297151898734178,1409.9693725317936,13.188607594936709,1408.921593645011,22.115506329113924
267,1368.934235868361,19.11487341772152,1369.8403757400488,17.01645569620253,1410.3814813860372,28.06645569620253,1485.4825026988137,16.339240506329112,1387.0551359408705,17.29620253164557,1404.3387463268264,19.566645569620256
268,1368.934235868361,15.111392405063292,1369.8403757400488,23.46107594936709,1410.3814813860372,27.872151898734177,1485.4825026988137,19.088291139240507,1387.0551359408705,22.544620253164556,1404.3387463268264,21.615506329113924
269,1368.934235868361,19.90253164556962,1368.2301811446612,19.24367088607595,1409.7573622757702,25.8123417721519,1485.4825026988137,16.01645569620253,1387.0551359408705,9.17879746835443,1403.8918835856953,18.030759493670885
270,1368.934235868361,13.555379746835444,1368.2301811446612,28.63006329113924,1409.7573622757702,13.536075949367088,1485.4825026988137,18.95981012658228,1387.0551359408705,20.321202531645568,1403.8918835856953,19.000506329113925
271,1368.934235868361,15.41740506329114,1368.2301811446612,33.993354430379746,1409.7573622757702,21.27246835443038,1485.4825026988137,16.684177215189873,1387.0551359408705,10.079746835443038,1403.8918835856953,19.489430379746835
272,1361.0699748237605,16.65348101265823,1368.2301811446612,43.435759493670886,1409.7573622757702,19.11740506329114,1485.4825026988137,10.706012658227849,1382.2440814436477,13.699367088607595,1401.3568204773305,20.72240506329114
273,1361.0699748237605,20.513291139240508,1368.2301811446612,43.15632911392405,1409.7573622757702,23.5123417721519,1485.4825026988137,20.224367088607593,1382.2440814436477,18.95,1401.3568204773305,25.271265822784812
274,1361.0699748237605,16.194303797468354,1364.5302410785646,29.189240506329114,1409.7573622757702,23.02879746835443,1485.4825026988137,21.49905063291139,1382.2440814436477,22.554746835443037,1400.6168324641114,22.493227848101263
275,1361.0699748237605,23.53006329113924,1364.5302410785646,31.399683544303798,1403.7050996346152,24.587974683544303,1482.3445682007166,22.837025316455698,1381.2389025647603,15.28386075949367,1398.5777572604834,23.52772151898734
276,1361.0699748237605,18.995253164556964,1364.5302410785646,21.212025316455698,1402.7475617989742,25.13132911392405,1482.3445682007166,29.917088607594938,1381.2389025647603,12.25886075949367,1398.3862496933555,21.502911392405064
277,1361.0699748237605,18.178481012658228,1364.5302410785646,15.309810126582278,1402.7475617989742,22.54493670886076,1482.3445682007166,22.292405063291138,1381.2389025647603,12.562341772151898,1398.3862496933555,18.17759493670886
278,1361.0699748237605,19.68354430379747,1363.7662452246552,19.328164556962026,1402.7475617989742,19.688291139240505,1482.3445682007166,16.292405063291138,1381.2389025647603,17.556645569620255,1398.2334505225735,18.50981012658228
279,1355.4115930602454,18.497151898734177,1363.7662452246552,18.769620253164558,1402.7475617989742,22.28860759493671,1482.3445682007166,20.93639240506329,1381.2389025647603,24.51772151898734,1397.1017741698702,21.001898734177214
280,1351.8106144522383,22.715506329113925,1363.7662452246552,16.998101265822786,1402.7475617989742,18.626582278481013,1482.3445682007166,21.59018987341772,1381.2389025647603,16.394936708860758,1396.381578448269,19.265063291139242
281,1351.8106144522383,30.263924050632912,1363.7662452246552,8.543354430379747,1392.1961458060841,16.049683544303797,1482.3445682007166,11.559493670886075,1381.2389025647603,25.338291139240507,1394.2712952496909,18.35094936708861
282,1351.8106144522383,18.15506329113924,1363.7662452246552,23.84113924050633,1392.1961458060841,18.949367088607595,1481.0499974006232,18.236075949367088,1379.097050994273,19.915506329113924,1393.5840107755746,19.819430379746834
283,1351.8106144522383,24.675,1363.7662452246552,14.765506329113924,1392.1961458060841,19.22879746835443,1481.0499974006232,25.59651898734177,1379.097050994273,22.271835443037975,1393.5840107755746,21.307531645569618
284,1351.8106144522383,21.866139240506328,1363.7662452246552,11.697151898734177,1392.1961458060841,15.888607594936708,1481.0499974006232,19.5873417721519,1379.097050994273,23.080379746835444,1393.5840107755746,18.423924050632912
285,1346.4644104931174,21.48386075949367,1363.7662452246552,14.496518987341773,1392.1961458060841,17.124367088607595,1481.0499974006232,19.284177215189874,1379.097050994273,18.62626582278481,1392.5147699837507,18.203037974683543
286,1346.4644104931174,27.236075949367088,1363.7662452246552,25.591772151898734,1385.2800108032056,17.133227848101267,1481.0499974006232,19.45126582278481,1376.540643974961,19.38639240506329,1390.6202615793125,21.759746835443035
287,1346.4644104931174,18.3873417721519,1363.7662452246552,17.406645569620252,1385.2800108032056,19.36740506329114,1478.6654999279147,19.40474683544304,1376.540643974961,32.97879746835443,1390.1433620847708,21.50898734177215
288,1346.4644104931174,25.025,1363.7662452246552,19.79493670886076,1385.2800108032056,13.403481012658228,1478.041221127413,24.955379746835444,1376.540643974961,35.752848101265826,1390.0185063246704,23.78632911392405
289,1338.3430078483884,20.239556962025315,1363.7662452246552,17.885443037974685,1385.1253673423737,16.294303797468356,1476.9480669671655,26.312974683544304,1376.540643974961,24.839240506329112,1388.1446662715089,21.114303797468352
290,1336.7177271242335,20.172784810126583,1363.7662452246552,17.055379746835442,1385.1253673423737,25.834493670886076,1476.9480669671655,17.00727848101266,1376.540643974961,17.987025316455696,1387.8196101266778,19.61139240506329
291,1336.7177271242335,21.876582278481013,1363.7662452246552,23.975,1379.8338391174293,14.829746835443038,1476.9480669671655,21.89335443037975,1376.540643974961,20.95126582278481,1386.761304481689,20.705189873417723
292,1336.7177271242335,22.900316455696203,1363.7662452246552,16.017088607594935,1379.8338391174293,40.83227848101266,1476.9480669671655,18.05126582278481,1376.540643974961,20.240822784810128,1386.761304481689,23.608354430379745
293,1336.7177271242335,19.03860759493671,1356.7533655794125,17.00126582278481,1377.7076881978564,20.798101265822783,1476.9480669671655,21.05253164556962,1375.115620818771,17.63639240506329,1384.6484937374878,19.105379746835442
294,1336.7177271242335,23.02278481012658,1356.7533655794125,15.762341772151899,1377.7076881978564,22.18354430379747,1476.341871648053,17.13639240506329,1375.115620818771,11.612025316455696,1384.5272546736653,17.943417721518987
295,1336.7177271242335,23.708227848101266,1356.7533655794125,23.495886075949368,1377.7076881978564,20.33417721518987,1476.341871648053,22.187025316455696,1359.9130625479218,13.734810126582278,1381.4867430194954,20.692025316455695
296,1336.7177271242335,27.475316455696202,1356.7533655794125,22.80506329113924,1377.7076881978564,21.005379746835445,1476.341871648053,23.612974683544305,1359.9130625479218,15.262025316455697,1381.4867430194954,22.032151898734178
297,1336.7177271242335,10.942405063291138,1356.7533655794125,23.449050632911394,1377.7076881978564,26.719620253164557,1476.341871648053,15.60253164556962,1357.2176265892933,19.894303797468353,1380.9476558277697,19.321582278481014
298,1336.7177271242335,22.337025316455698,1355.1813929856303,15.13006329113924,1377.7076881978564,19.329430379746835,1476.341871648053,28.343037974683543,1357.2176265892933,27.65854430379747,1380.6332613090133,22.559620253164557
299,1336.7177271242335,22.95,1355.1813929856303,15.672784810126583,1377.7076881978564,15.8,1476.341871648053,16.323417721518986,1357.2176265892933,23.538291139240506,1380.6332613090133,18.856898734177214
300,1336.7177271242335,17.167088607594938,1355.1813929856303,20.036392405063292,1377.7076881978564,19.581645569620253,1476.341871648053,21.49905063291139,1357.2176265892933,22.913291139240506,1380.6332613090133,20.239493670886077
301,1336.7177271242335,25.41613924050633,1353.9883144088817,12.334493670886076,1377.7076881978564,19.762025316455695,1476.341871648053,17.73639240506329,1357.0695775514914,19.825,1380.3650357861031,19.014810126582276
302,1336.7177271242335,21.68354430379747,1353.9883144088817,37.686708860759495,1377.7076881978564,21.723417721518988,1476.341871648053,23.575,1357.0695775514914,18.860443037974683,1380.3650357861031,24.70582278481013
303,1336.7177271242335,17.767088607594935,1352.1935231385744,40.030696202531644,1377.7076881978564,16.22120253164557,1476.341871648053,18.816139240506327,1357.0262678974727,20.25601265822785,1379.9974156012381,22.618227848101263
304,1336.7177271242335,21.25632911392405,1352.1935231385744,37.75126582278481,1377.7076881978564,18.812974683544304,1476.341871648053,18.837974683544303,1357.0262678974727,18.546835443037974,1379.9974156012381,23.04107594936709
305,1336.7177271242335,12.509493670886076,1352.1935231385744,42.88449367088607,1377.7076881978564,15.536708860759493,1476.341871648053,20.558227848101264,1357.0262678974727,21.188291139240505,1379.9974156012381,22.53544303797468
306,1336.7177271242335,20.189240506329114,1352.1935231385744,31.150949367088607,1377.7076881978564,13.170569620253165,1476.341871648053,17.694303797468354,1357.0262678974727,20.679430379746837,1379.9974156012381,20.576898734177213
307,1336.7177271242335,15.525,1352.1935231385744,19.75379746835443,1377.7076881978564,12.198101265822785,1476.341871648053,16.93132911392405,1354.4758201811078,11.387974683544304,1379.487326057965,15.159240506329112
308,1336.7177271242335,16.574050632911394,1351.4032397464741,25.304113924050633,1376.6266412345608,19.589556962025316,1476.341871648053,17.99873417721519,1354.4758201811078,19.917721518987342,1379.113059986886,19.876835443037976
309,1336.7177271242335,26.844620253164557,1346.648829788436,28.737974683544305,1376.6266412345608,23.10379746835443,1476.341871648053,12.536708860759493,1354.4758201811078,15.444303797468354,1378.1621779952784,21.333481012658225
310,1336.7177271242335,26.325949367088608,1346.648829788436,34.375,1376.6266412345608,16.458227848101266,1467.628722231027,17.30253164556962,1354.4758201811078,22.056645569620255,1376.4195481118732,23.303670886075952
311,1336.7177271242335,23.28386075949367,1346.648829788436,20.889556962025317,1376.6266412345608,23.029430379746834,1467.628722231027,31.056962025316455,1354.4758201811078,13.582278481012658,1376.4195481118732,22.368417721518988
312,1336.7177271242335,12.542088607594936,1346.648829788436,16.916455696202533,1376.6266412345608,17.441772151898736,1455.3605749418775,16.66107594936709,1354.4758201811078,26.13639240506329,1373.965918654043,17.939556962025314
313,1336.7177271242335,20.080696202531644,1346.648829788436,13.601898734177215,1376.6266412345608,17.16898734177215,1444.0629528489458,17.593037974683543,1354.4758201811078,12.125316455696202,1371.7063942354569,16.11398734177215
314,1336.7177271242335,18.64651898734177,1346.648829788436,21.710759493670885,1376.6266412345608,20.72879746835443,1441.8860473002871,21.375316455696204,1354.2369958182207,19.545886075949365,1371.2232482531476,20.401455696202532
315,1336.0152008405905,14.405696202531646,1346.648829788436,21.61993670886076,1376.6266412345608,15.994620253164557,1439.5582019068656,20.718354430379748,1354.2369958182207,15.999367088607595,1370.6171739177348,17.74759493670886
316,1336.0152008405905,25.146835443037975,1346.648829788436,21.969620253164557,1365.6471667999222,15.37879746835443,1439.5582019068656,50.96613924050633,1354.2369958182207,20.375632911392405,1368.421279030807,26.767405063291143
317,1333.2858951598428,18.675,1346.648829788436,21.943987341772154,1365.6471667999222,17.18860759493671,1438.7930797682814,22.806962025316455,1354.2369958182207,17.89873417721519,1367.7223934669405,19.7026582278481
318,1333.2858951598428,24.160443037974684,1346.648829788436,18.01867088607595,1348.3034749520862,17.216772151898734,1438.7930797682814,25.167721518987342,1354.2369958182207,15.500632911392405,1364.2536550973734,20.012848101265824
319,1333.2858951598428,24.265506329113926,1346.648829788436,20.354430379746834,1348.3034749520862,22.565822784810127,1435.9817001771796,24.009810126582277,1354.2369958182207,21.40791139240506,1363.691379179153,22.520696202531646
320,1333.2858951598428,20.877215189873418,1346.648829788436,16.764240506329113,1348.3034749520862,17.325,1435.0393678394319,24.56139240506329,1354.2369958182207,16.116772151898733,1363.5029127116036,19.12892405063291
321,1333.2858951598428,15.846518987341772,1346.648829788436,12.503481012658227,1347.2064498007735,25.604430379746834,1435.0393678394319,23.115822784810128,1348.4893233180912,14.50379746835443,1362.133973181315,18.31481012658228
322,1333.2858951598428,14.295569620253165,1346.648829788436,22.26139240506329,1347.2064498007735,24.921835443037974,1430.9066187785306,14.61993670886076,1348.4893233180912,34.07025316455696,1361.3074233691348,22.03379746835443
323,1333.2858951598428,18.853164556962025,1341.088517959658,17.890506329113926,1345.8322043787625,23.65886075949367,1429.9642864407829,21.587974683544303,1342.045577063852,16.26645569620253,1358.4432962005797,19.651392405063287
324,1333.2858951598428,15.73259493670886,1341.088517959658,23.7623417721519,1345.8322043787625,19.178164556962024,1429.9642864407829,22.556645569620255,1342.045577063852,24.38259493670886,1358.4432962005797,21.122468354430378
325,1333.2858951598428,12.328481012658228,1341.088517959658,19.5626582278481,1345.8322043787625,20.51867088607595,1424.4888419269705,20.667405063291138,1342.045577063852,16.06645569620253,1357.3482072978172,17.82873417721519
326,1333.2858951598428,19.916455696202533,1341.088517959658,14.081012658227849,1345.8322043787625,16.60854430379747,1424.4888419269705,16.495569620253164,1342.045577063852,21.854746835443038,1357.3482072978172,17.791265822784812
327,1333.2858951598428,25.64367088607595,1341.088517959658,18.832278481012658,1345.8322043787625,26.723417721518988,1424.4888419269705,15.812025316455696,1342.045577063852,19.222784810126583,1357.3482072978172,21.246835443037973
328,1333.2858951598428,19.603164556962025,1341.088517959658,18.41360759493671,1341.699976846017,19.365189873417723,1424.4888419269705,16.374683544303796,1342.045577063852,21.923101265822783,1356.521761791268,19.135949367088607
329,1333.2858951598428,16.34018987341772,1341.088517959658,27.537341772151898,1341.699976846017,16.69240506329114,1424.4888419269705,16.26772151898734,1342.045577063852,13.913291139240506,1356.521761791268,18.15018987341772
330,1333.2858951598428,13.655063291139241,1341.088517959658,12.193037974683545,1341.699976846017,24.048101265822783,1423.4444209203525,19.645886075949367,1342.045577063852,17.029430379746834,1356.3128775899445,17.31430379746835
331,1333.2858951598428,14.157278481012659,1341.088517959658,11.850632911392404,1341.699976846017,23.832594936708862,1423.4444209203525,20.765506329113926,1342.045577063852,17.002215189873418,1356.3128775899445,17.521645569620254
332,1333.2858951598428,18.925,1341.088517959658,17.49873417721519,1341.699976846017,16.218354430379748,1423.4444209203525,20.32278481012658,1338.5457163783947,13.556012658227848,1355.6129054528533,17.304177215189874
333,1333.2858951598428,15.822151898734177,1341.088517959658,20.89018987341772,1338.9753612534148,17.34620253164557,1423.4444209203525,15.634810126582279,1336.4795581959088,29.118037974683546,1354.6547506978354,19.76227848101266
334,1332.9808950332758,18.370253164556964,1341.088517959658,16.404430379746834,1338.9753612534148,27.01107594936709,1423.4444209203525,20.721835443037975,1332.9796975104514,32.81930379746836,1353.8937785354306,23.065379746835447
335,1332.9808950332758,28.212974683544303,1341.088517959658,16.593354430379748,1338.9753612534148,32.174367088607596,1420.9862544768935,17.46392405063291,1323.897728433004,27.22373417721519,1351.5857514312493,24.33367088607595
336,1332.9808950332758,18.169620253164556,1341.088517959658,20.832911392405062,1338.9753612534148,21.615506329113924,1420.9862544768935,21.718670886075948,1323.897728433004,22.76772151898734,1351.5857514312493,21.02088607594937
337,1332.9808950332758,21.674050632911392,1341.088517959658,25.40126582278481,1338.9753612534148,23.215506329113925,1420.9862544768935,25.218670886075948,1323.897728433004,22.787341772151898,1351.5857514312493,23.6593670886076
338,1332.9808950332758,19.389556962025317,1338.4689161765532,20.691139240506327,1338.9753612534148,22.008860759493672,1419.7677035819902,22.699050632911394,1323.897728433004,17.497151898734177,1350.8181208956476,20.457151898734175
339,1332.9808950332758,15.685759493670886,1338.4689161765532,33.130696202531645,1338.9753612534148,21.30221518987342,1406.912398295925,12.656645569620252,1320.1585953469921,26.001582278481013,1347.4992332212323,21.75537974683544
340,1327.8307059102347,8.655696202531646,1338.4689161765532,37.34936708860759,1338.9753612534148,19.600949367088607,1406.912398295925,24.509493670886076,1320.1585953469921,22.49493670886076,1346.469195396624,22.522088607594934
341,1325.4209559276164,15.38639240506329,1338.4689161765532,31.117088607594937,1336.4942915201084,17.553797468354432,1406.912398295925,23.01740506329114,1320.1585953469921,18.010759493670886,1345.4910314534388,21.017088607594935
342,1325.4209559276164,15.607278481012658,1338.2153711649419,24.32626582278481,1336.4942915201084,20.930696202531646,1406.912398295925,19.15126582278481,1320.1585953469921,22.40379746835443,1345.4403224511168,20.48386075949367
343,1325.4209559276164,24.025316455696203,1338.2153711649419,22.53291139240506,1336.4942915201084,27.367088607594937,1406.912398295925,29.877848101265823,1320.1585953469921,17.360126582278482,1345.4403224511168,24.232658227848102
344,1325.4209559276164,23.094620253164557,1338.2153711649419,17.446518987341772,1336.4942915201084,21.313924050632913,1406.912398295925,23.355696202531647,1311.9074702754367,18.610443037974683,1343.7900974368058,20.76424050632911
345,1318.8188913326967,21.563924050632913,1338.2153711649419,15.186708860759493,1336.4942915201084,13.489240506329114,1406.912398295925,19.27373417721519,1310.0408267652388,17.848417721518988,1342.0963558157819,17.47240506329114
346,1318.8188913326967,20.940822784810127,1338.2153711649419,18.4373417721519,1336.4942915201084,20.129113924050632,1406.912398295925,18.224683544303797,1310.0408267652388,19.080696202531644,1342.0963558157819,19.36253164556962
347,1318.8188913326967,21.173417721518987,1338.2153711649419,21.713607594936708,1336.4942915201084,19.24398734177215,1406.912398295925,16.65981012658228,1310.0408267652388,24.005696202531645,1342.0963558157819,20.559303797468356
348,1318.8188913326967,25.42025316455696,1338.2153711649419,20.73639240506329,1336.4942915201084,16.609493670886074,1406.912398295925,16.575632911392404,1310.0408267652388,15.884177215189874,1342.0963558157819,19.045189873417723
349,1318.8188913326967,22.987974683544305,1338.2153711649419,20.34145569620253,1336.4942915201084,17.025,1406.912398295925,15.815506329113925,1307.2539709011362,19.049683544303797,1341.5389846429614,19.04392405063291
350,1318.8188913326967,20.90981012658228,1338.2153711649419,24.244303797468355,1327.1566210832746,20.246518987341773,1405.0814464010796,18.479746835443038,1307.2539709011362,23.38512658227848,1339.3052601766256,21.453101265822784
351,1318.8188913326967,21.41582278481013,1338.2153711649419,22.458227848101266,1327.1566210832746,20.00094936708861,1404.5272334887904,23.870886075949368,1307.2539709011362,27.630379746835445,1339.1944175941678,23.075253164556962
352,1318.8188913326967,17.075632911392404,1338.2153711649419,11.828481012658228,1325.5032698049106,25.14113924050633,1404.5272334887904,22.90474683544304,1307.2539709011362,19.01645569620253,1338.8637473384952,19.193291139240507
353,1318.8188913326967,17.77151898734177,1338.2153711649419,27.27784810126582,1325.5032698049106,24.38132911392405,1404.5272334887904,21.078481012658226,1307.2539709011362,27.314873417721518,1338.8637473384952,23.56481012658228
354,1318.8188913326967,19.19493670886076,1334.460717437455,25.058860759493673,1319.4952526845216,27.55759493670886,1404.5272334887904,19.41613924050633,1307.2539709011362,21.20506329113924,1336.91121316892,22.48651898734177
355,1318.8188913326967,20.605063291139242,1334.460717437455,23.843354430379748,1319.4952526845216,18.832278481012658,1404.5272334887904,21.934810126582278,1300.1279062079811,18.356962025316456,1335.486000230289,20.71449367088608
356,1318.8188913326967,14.032278481012659,1334.460717437455,20.513924050632912,1315.0887634759981,20.506962025316454,1404.5272334887904,15.477848101265822,1300.1279062079811,20.60126582278481,1334.6047023885844,18.22645569620253
357,1318.8188913326967,19.982911392405065,1334.460717437455,12.96613924050633,1315.0887634759981,38.2132911392405,1404.5272334887904,19.792088607594938,1300.024616998255,22.331962025316457,1334.584044546639,22.65727848101266
358,1318.8188913326967,19.212974683544303,1334.460717437455,14.101582278481013,1314.318433861729,22.809177215189873,1404.5272334887904,17.25,1300.024616998255,22.312974683544304,1334.4299786237852,19.1373417721519
359,1318.8188913326967,16.00632911392405,1334.460717437455,14.194303797468354,1302.5719794579152,23.228164556962025,1404.5272334887904,18.98259493670886,1295.0027717327325,25.948417721518986,1331.076318689918,19.671962025316457
360,1318.8188913326967,19.985443037974683,1334.460717437455,16.311075949367087,1302.5719794579152,14.65886075949367,1404.5272334887904,15.155696202531646,1295.0027717327325,34.12436708860759,1331.076318689918,20.047088607594937
361,1318.8188913326967,21.725316455696202,1333.5159840507558,18.85632911392405,1302.5719794579152,23.01772151898734,1404.5272334887904,16.27784810126582,1295.0027717327325,20.13259493670886,1330.8873720125782,20.001962025316452
362,1318.8188913326967,24.591772151898734,1333.5159840507558,17.912025316455697,1302.5719794579152,19.09240506329114,1385.372474014564,20.03512658227848,1295.0027717327325,15.243037974683544,1327.0564201177326,19.37487341772152
363,1318.8188913326967,21.90126582278481,1333.5159840507558,23.77879746835443,1302.5719794579152,21.72721518987342,1385.372474014564,15.182278481012657,1292.9025498680562,15.731012658227849,1326.6363757447975,19.664113924050636
364,1318.8188913326967,19.32753164556962,1333.5159840507558,23.21708860759494,1302.5719794579152,25.882911392405063,1385.372474014564,14.324367088607595,1292.9025498680562,22.19240506329114,1326.6363757447975,20.988860759493672
365,1318.8188913326967,15.381962025316456,1333.5159840507558,30.207594936708862,1302.5719794579152,18.746835443037973,1385.372474014564,26.418354430379747,1292.9025498680562,29.725,1326.6363757447975,24.09594936708861
366,1318.8188913326967,20.39272151898734,1333.5159840507558,23.322151898734177,1302.5719794579152,12.845253164556961,1385.372474014564,15.870253164556962,1292.9025498680562,21.683227848101264,1326.6363757447975,18.822721518987343
367,1318.8188913326967,24.72373417721519,1333.5159840507558,20.718670886075948,1291.801649843646,17.664240506329115,1385.372474014564,20.251898734177214,1292.9025498680562,7.995253164556962,1324.4823098219435,18.270759493670884
368,1318.8188913326967,14.004113924050634,1333.5159840507558,18.485759493670887,1291.801649843646,21.94873417721519,1385.372474014564,16.872151898734177,1292.9025498680562,16.696835443037976,1324.4823098219435,17.601518987341773
369,1318.8188913326967,13.45759493670886,1333.5159840507558,16.399367088607594,1291.801649843646,18.498101265822786,1385.372474014564,22.768037974683544,1292.697405926759,21.745253164556964,1324.4412810336842,18.573670886075952
370,1318.8188913326967,11.611392405063292,1333.5159840507558,16.417721518987342,1291.801649843646,18.09018987341772,1385.372474014564,17.52753164556962,1292.697405926759,23.780696202531647,1324.4412810336842,17.485506329113925
371,1318.8188913326967,15.681645569620253,1333.5159840507558,19.691139240506327,1291.801649843646,20.474050632911393,1385.372474014564,27.05253164556962,1292.697405926759,21.1996835443038,1324.4412810336842,20.819810126582276
372,1318.8188913326967,19.917721518987342,1333.5159840507558,17.65791139240506,1291.801649843646,10.813607594936709,1385.372474014564,13.440506329113925,1292.697405926759,20.95,1324.4412810336842,16.55594936708861
373,1318.8188913326967,23.628164556962027,1333.0604355993191,20.59113924050633,1291.801649843646,20.47246835443038,1385.372474014564,11.416455696202531,1290.2959839947516,19.43132911392405,1323.8698869569955,19.107911392405065
374,1318.8188913326967,19.298417721518987,1333.0604355993191,25.157278481012657,1291.801649843646,19.14651898734177,1385.372474014564,20.6373417721519,1290.2959839947516,32.06550632911392,1323.8698869569955,23.26101265822785
375,1318.8188913326967,13.39145569620253,1333.0604355993191,17.870253164556964,1291.801649843646,20.639556962025317,1385.372474014564,21.76645569620253,1290.2959839947516,24.2626582278481,1323.8698869569955,19.586075949367086
376,1318.8188913326967,15.224050632911393,1333.0604355993191,15.44873417721519,1289.4806136517777,16.455696202531644,1385.372474014564,15.925316455696203,1290.2959839947516,13.65,1323.4056797186217,15.340759493670888
377,1318.8188913326967,15.312341772151898,1333.0604355993191,17.339240506329112,1289.4806136517777,33.960443037974684,1385.372474014564,19.96139240506329,1290.2959839947516,17.113291139240506,1323.4056797186217,20.737341772151897
378,1318.8188913326967,20.38607594936709,1333.0604355993191,20.74367088607595,1289.4806136517777,36.801898734177215,1385.372474014564,12.556962025316455,1290.2959839947516,15.98259493670886,1323.4056797186217,21.294240506329114
379,1318.8188913326967,23.310759493670886,1333.0604355993191,25.79367088607595,1289.4806136517777,21.196202531645568,1385.372474014564,14.15886075949367,1290.2959839947516,20.980063291139242,1323.4056797186217,21.087911392405065
380,1318.8188913326967,24.904430379746834,1333.0604355993191,20.038291139240506,1289.4806136517777,17.553481012658228,1385.372474014564,24.997151898734177,1290.2959839947516,18.97848101265823,1323.4056797186217,21.294367088607594
381,1318.8188913326967,20.08607594936709,1333.0604355993191,12.196835443037974,1289.4806136517777,18.6,1385.372474014564,18.474050632911393,1290.2959839947516,23.744620253164555,1323.4056797186217,18.6203164556962
382,1318.8188913326967,24.247151898734177,1333.0604355993191,18.844620253164557,1289.4806136517777,17.672151898734178,1385.372474014564,18.501582278481013,1290.2959839947516,19.363291139240506,1323.4056797186217,19.725759493670886
383,1318.8188913326967,18.62373417721519,1333.0604355993191,18.939240506329114,1289.4806136517777,22.207594936708862,1383.2590050643776,21.536708860759493,1290.2959839947516,18.062025316455696,1322.9829859285846,19.87386075949367
384,1318.8188913326967,21.19778481012658,1333.0604355993191,19.741772151898733,1288.2740336276174,12.20126582278481,1383.2590050643776,21.325632911392404,1290.2959839947516,20.698101265822785,1322.7416699237524,19.03291139240506
385,1318.8188913326967,13.230696202531645,1331.9819480181327,22.34493670886076,1288.2740336276174,20.430696202531646,1383.2590050643776,28.820569620253163,1280.9016511539805,19.256645569620254,1320.6471058393608,20.816708860759498
386,1318.8188913326967,19.741139240506328,1331.9819480181327,34.80506329113924,1288.2740336276174,27.77626582278481,1383.2590050643776,17.728164556962025,1280.9016511539805,19.656962025316457,1320.6471058393608,23.941518987341773
387,1316.9451637716888,25.23860759493671,1331.9819480181327,44.63449367088607,1288.2740336276174,22.888924050632912,1383.2590050643776,25.45474683544304,1279.7524576689643,22.831645569620253,1320.0425216301562,28.2096835443038
388,1316.9451637716888,23.941139240506327,1331.9819480181327,28.577848101265822,1288.2740336276174,22.530379746835443,1382.632723996443,18.731962025316456,1279.7524576689643,22.78259493670886,1319.9172654165693,23.31278481012658
389,1316.9451637716888,34.689556962025314,1331.9819480181327,12.028164556962025,1288.2740336276174,21.579113924050635,1382.632723996443,25.14620253164557,1279.7524576689643,26.72753164556962,1319.9172654165693,24.034113924050633
390,1316.9385043984319,23.004113924050632,1331.9819480181327,20.162974683544302,1288.2740336276174,22.319303797468354,1382.632723996443,27.075632911392404,1279.7524576689643,28.012974683544304,1319.9159335419179,24.115
391,1314.7817896746888,14.442405063291138,1331.9819480181327,21.72753164556962,1288.2740336276174,24.19778481012658,1382.632723996443,23.082278481012658,1278.1376224760988,32.154430379746834,1319.1616235585961,23.120886075949365
392,1314.7817896746888,15.396835443037975,1331.9351851260267,17.591772151898734,1288.2740336276174,23.038291139240506,1381.9984387069994,25.298417721518987,1272.9235666904594,27.833544303797467,1317.9826027651584,21.831772151898733
393,1314.7817896746888,19.75253164556962,1331.9351851260267,20.71012658227848,1288.2740336276174,20.80632911392405,1381.9984387069994,21.849050632911393,1272.9235666904594,22.796835443037974,1317.9826027651584,21.182974683544305
394,1314.7817896746888,16.321202531645568,1331.9351851260267,19.130696202531645,1288.2740336276174,12.742721518987342,1379.499702634227,15.280696202531646,1272.9235666904594,18.889873417721518,1317.482855550604,16.473037974683542
395,1314.7817896746888,18.300632911392405,1331.9351851260267,19.770253164556962,1288.2740336276174,22.208227848101266,1379.499702634227,45.264240506329116,1272.9235666904594,20.02341772151899,1317.482855550604,25.113354430379747
396,1314.7817896746888,20.545569620253165,1331.9351851260267,20.884493670886076,1288.2740336276174,27.578481012658226,1379.2773729852152,26.165506329113924,1272.9235666904594,24.120569620253164,1317.4383896208014,23.85892405063291
397,1314.7817896746888,12.901582278481012,1331.9351851260267,10.874050632911393,1288.2740336276174,17.503164556962027,1379.2773729852152,20.811708860759495,1272.9235666904594,14.437974683544304,1317.4383896208014,15.305696202531646
398,1314.7817896746888,17.192088607594936,1331.9351851260267,18.60253164556962,1288.2740336276174,14.212974683544303,1378.3572326111012,17.824367088607595,1272.9235666904594,25.075949367088608,1317.2543615459786,18.58158227848101
399,1314.7817896746888,16.24398734177215,1331.9351851260267,20.140506329113926,1288.2740336276174,20.416455696202533,1378.3572326111012,18.515506329113926,1272.9235666904594,21.49240506329114,1317.2543615459786,19.361772151898734
400,1314.7817896746888,20.504430379746836,1331.9351851260267,21.474683544303797,1288.2740336276174,13.63386075949367,1378.3572326111012,26.297784810126583,1272.9235666904594,18.489240506329114,1317.2543615459786,20.080000000000002
401,1314.7817896746888,17.41360759493671,1331.9351851260267,18.687974683544304,1283.8407564657296,15.693354430379747,1378.3572326111012,27.689556962025318,1272.1702205097706,19.55253164556962,1316.2170368774634,19.80740506329114
402,1314.7817896746888,20.0126582278481,1331.9351851260267,18.75,1283.8407564657296,23.653164556962025,1378.3572326111012,19.97025316455696,1272.1702205097706,18.565822784810127,1316.2170368774634,20.19037974683544
403,1314.7817896746888,17.741455696202532,1331.9351851260267,20.8,1283.8407564657296,16.438291139240505,1377.457659714974,20.962974683544303,1272.1702205097706,19.03386075949367,1316.037122298238,18.9953164556962
404,1314.7817896746888,14.187658227848102,1331.9351851260267,21.40854430379747,1283.8407564657296,18.72879746835443,1377.457659714974,17.8003164556962,1272.1702205097706,21.92721518987342,1316.037122298238,18.810506329113927
405,1306.001316057531,17.266772151898735,1327.2954482125404,16.675632911392405,1283.8407564657296,23.34018987341772,1377.457659714974,19.805379746835442,1272.1702205097706,21.319620253164558,1313.3530801921092,19.68151898734177
406,1306.001316057531,21.848101265822784,1327.2954482125404,29.89240506329114,1283.8407564657296,18.807911392405064,1371.2788633713653,20.65506329113924,1272.1702205097706,13.624683544303798,1312.1173209233873,20.965632911392404
407,1306.001316057531,14.139556962025317,1327.2954482125404,20.054430379746837,1271.120683903876,14.271518987341771,1371.2788633713653,17.556962025316455,1272.1702205097706,15.705379746835444,1309.5733064110168,16.345569620253166
408,1306.001316057531,19.710443037974684,1327.2954482125404,22.351898734177215,1271.120683903876,15.017721518987342,1371.2788633713653,21.72848101265823,1272.1702205097706,24.1876582278481,1309.5733064110168,20.599240506329117
409,1306.001316057531,21.440189873417722,1327.2954482125404,22.286708860759493,1260.912514228317,20.905696202531647,1368.453875596112,20.321202531645568,1272.1702205097706,19.813924050632913,1306.966674920854,20.953544303797468
410,1306.001316057531,13.818037974683545,1327.2954482125404,21.173101265822783,1260.912514228317,16.748101265822786,1368.453875596112,28.84240506329114,1269.3653353863187,18.21487341772152,1306.405697896164,19.759303797468355
411,1306.001316057531,24.580379746835444,1327.2954482125404,16.950316455696203,1260.912514228317,24.559493670886077,1368.453875596112,27.2123417721519,1269.3653353863187,20.71012658227848,1306.405697896164,22.802531645569623
412,1306.001316057531,15.512974683544304,1327.2954482125404,19.287341772151898,1260.912514228317,20.8626582278481,1360.825164646243,17.816772151898736,1269.3653353863187,19.241455696202532,1304.8799557061898,18.544240506329114
413,1306.001316057531,23.66012658227848,1327.2954482125404,15.757278481012658,1260.912514228317,17.418354430379747,1360.825164646243,20.360126582278482,1269.3653353863187,17.233227848101265,1304.8799557061898,18.885822784810127
414,1306.001316057531,20.724683544303797,1327.2954482125404,21.593037974683543,1260.912514228317,19.984177215189874,1360.825164646243,17.447151898734177,1269.3653353863187,19.20126582278481,1304.8799557061898,19.79006329113924
415,1306.001316057531,16.389873417721518,1327.2954482125404,18.008227848101267,1260.912514228317,21.533227848101266,1353.7905498872478,27.27373417721519,1269.3653353863187,20.783227848101266,1303.4730327543912,20.7976582278481
416,1306.001316057531,20.76740506329114,1327.2954482125404,18.849683544303797,1260.912514228317,21.832911392405062,1344.691240880486,20.957278481012658,1269.3653353863187,15.34873417721519,1301.6531709530386,19.551202531645572
417,1306.001316057531,14.318354430379747,1327.2954482125404,15.329746835443038,1256.9927997101474,17.437974683544304,1344.691240880486,19.620253164556964,1269.3653353863187,24.71518987341772,1300.8692280494047,18.284303797468358
418,1306.001316057531,21.485443037974683,1327.2954482125404,17.94873417721519,1256.9927997101474,24.9,1344.691240880486,14.810759493670886,1269.3653353863187,21.249683544303796,1300.8692280494047,20.07892405063291
419,1306.001316057531,12.70506329113924,1327.2954482125404,14.305063291139241,1256.9927997101474,18.97753164556962,1344.691240880486,21.810443037974682,1268.4523293082739,20.10126582278481,1300.6866268337958,17.57987341772152
420,1305.2191035353217,16.82753164556962,1327.2954482125404,16.164556962025316,1256.9927997101474,21.452215189873417,1344.691240880486,17.337974683544303,1268.4523293082739,23.064873417721518,1300.5301843293541,18.969430379746832
421,1305.2191035353217,20.007911392405063,1327.2954482125404,19.825949367088608,1256.9927997101474,19.34240506329114,1343.1701210715223,14.832911392405064,1268.4523293082739,15.647784810126582,1300.2259603675614,17.931392405063292
422,1305.2191035353217,19.592721518987343,1327.2954482125404,24.33132911392405,1256.9927997101474,18.928481012658228,1343.1701210715223,15.943987341772152,1268.4523293082739,21.1376582278481,1300.2259603675614,19.98683544303797
423,1305.2191035353217,13.62879746835443,1327.2954482125404,25.125,1254.035763451553,19.15474683544304,1342.0764926750448,21.638924050632912,1268.4523293082739,20.717721518987343,1299.4158274365468,20.053037974683544
424,1297.5168783273937,21.422784810126583,1327.2954482125404,15.771835443037975,1254.035763451553,24.811075949367087,1341.464737010087,20.569303797468354,1268.4523293082739,18.155696202531647,1297.7530312619697,20.14613924050633
425,1294.653169110434,15.711392405063291,1327.2954482125404,19.936075949367087,1254.035763451553,17.457594936708862,1341.464737010087,25.020569620253166,1260.4478928095273,17.541455696202533,1295.579402118828,19.13341772151899
426,1294.653169110434,20.33417721518987,1327.2954482125404,13.957911392405064,1254.035763451553,22.17626582278481,1340.7623956797759,29.849683544303797,1260.4478928095273,17.226898734177215,1295.438933852766,20.70898734177215
427,1294.653169110434,16.340822784810126,1327.2471288716567,13.834493670886076,1248.7796341689875,23.614556962025315,1339.9074445698902,19.855696202531647,1259.8074162836838,14.673101265822785,1294.0789586009305,17.663734177215186
428,1294.653169110434,17.516772151898735,1327.2471288716567,17.366455696202532,1248.7796341689875,19.491139240506328,1339.9074445698902,13.917721518987342,1259.8074162836838,25.752215189873418,1294.0789586009305,18.808860759493673
429,1294.653169110434,22.11392405063291,1327.2471288716567,16.273101265822785,1248.7796341689875,17.301582278481014,1339.9074445698902,28.679113924050633,1259.8074162836838,21.930696202531646,1294.0789586009305,21.259683544303797
430,1293.1597460579708,21.317088607594936,1327.2471288716567,15.341455696202532,1248.7796341689875,23.273101265822785,1339.9074445698902,15.014240506329115,1259.8074162836838,20.567088607594936,1293.7802739904378,19.10259493670886
431,1291.6404493496793,13.384810126582279,1327.2471288716567,18.85,1248.7796341689875,23.150316455696203,1339.9074445698902,23.643037974683544,1259.8074162836838,23.221835443037975,1293.4764146487796,20.45
432,1291.6404493496793,28.57974683544304,1327.2471288716567,15.163924050632911,1248.7796341689875,18.925,1339.9074445698902,24.087658227848102,1259.8074162836838,21.35854430379747,1293.4764146487796,21.622974683544303
433,1291.6404493496793,25.691139240506327,1327.2471288716567,23.51867088607595,1248.7796341689875,15.083544303797469,1339.9074445698902,15.354113924050633,1259.8074162836838,25.97626582278481,1293.4764146487796,21.12474683544304
434,1291.6404493496793,22.85727848101266,1327.2471288716567,17.16898734177215,1240.9386923905552,18.415506329113924,1339.9074445698902,18.840822784810126,1259.8074162836838,26.134493670886076,1291.9082262930929,20.683417721518985
435,1291.6404493496793,22.943354430379745,1327.2471288716567,19.978164556962025,1240.9386923905552,22.565822784810127,1339.9074445698902,18.085759493670885,1259.8074162836838,24.66898734177215,1291.9082262930929,21.648417721518985
436,1291.6404493496793,17.161708860759493,1327.2471288716567,8.15379746835443,1236.0622970796317,19.331962025316457,1339.9074445698902,15.830379746835444,1259.8074162836838,30.29873417721519,1290.9329472309084,18.1553164556962
437,1291.6404493496793,22.05253164556962,1327.2471288716567,22.571202531645568,1232.6060644606316,17.1996835443038,1339.9074445698902,14.73860759493671,1259.6494420872555,17.365822784810128,1290.2101058678224,18.785569620253163
438,1291.6404493496793,21.43259493670886,1327.2471288716567,15.193354430379747,1232.6060644606316,17.14873417721519,1336.8836956461662,23.814240506329114,1259.6494420872555,18.894620253164558,1289.605356083078,19.296708860759495
439,1291.6404493496793,26.76835443037975,1327.2471288716567,17.71613924050633,1232.6060644606316,16.779113924050634,1336.8836956461662,18.58132911392405,1259.6494420872555,16.970886075949366,1289.605356083078,19.363164556962026
440,1291.6404493496793,16.591772151898734,1322.0587332976795,17.331645569620253,1232.6060644606316,18.730063291139242,1336.6264287810784,17.359493670886074,1259.6494420872555,23.706962025316457,1288.5162235952648,18.743987341772154
441,1291.6404493496793,17.064240506329114,1322.0587332976795,23.526582278481012,1224.6970822075334,20.254430379746836,1336.6264287810784,19.179746835443037,1259.6494420872555,17.838607594936708,1286.934427144645,19.572721518987343
442,1291.6404493496793,16.626582278481013,1322.0587332976795,25.87626582278481,1224.6970822075334,31.194620253164558,1336.6264287810784,19.240822784810128,1259.6494420872555,17.82879746835443,1286.934427144645,22.153417721518984
443,1291.6404493496793,18.054430379746837,1322.0587332976795,16.79398734177215,1224.6970822075334,27.316139240506327,1336.6264287810784,17.90474683544304,1259.6494420872555,24.462974683544303,1286.934427144645,20.90645569620253
444,1291.6404493496793,14.437658227848102,1322.0587332976795,25.594303797468353,1224.6970822075334,17.179113924050633,1336.6264287810784,20.115822784810128,1259.6494420872555,21.64113924050633,1286.934427144645,19.79360759493671
445,1291.6404493496793,16.645886075949367,1322.0587332976795,17.305696202531646,1204.4707274568777,17.48386075949367,1334.7666076172259,20.372784810126582,1259.6494420872555,16.019936708860758,1282.5171919617435,17.565632911392406
446,1291.626430455019,11.54873417721519,1322.0587332976795,18.15126582278481,1204.4707274568777,23.813291139240505,1334.7666076172259,25.190822784810127,1259.6494420872555,25.85379746835443,1282.5143881828117,20.911582278481013
447,1291.626430455019,11.326898734177215,1322.0587332976795,18.644620253164558,1204.4707274568777,18.42753164556962,1334.7666076172259,27.25,1249.7121717943155,17.43860759493671,1280.5269341242235,18.61753164556962
448,1291.626430455019,23.406645569620252,1322.0587332976795,17.325,1204.4707274568777,22.73354430379747,1334.7666076172259,26.4253164556962,1249.7121717943155,20.688291139240505,1280.5269341242235,22.115759493670886
449,1291.626430455019,16.78481012658228,1322.0587332976795,23.25253164556962,1204.4707274568777,15.182911392405064,1334.7666076172259,19.703164556962026,1249.7121717943155,18.818354430379745,1280.5269341242235,18.748354430379745
450,1291.626430455019,23.790506329113924,1322.0587332976795,20.935443037974682,1204.4707274568777,17.602848101265824,1334.7666076172259,21.8246835443038,1249.7121717943155,19.90759493670886,1280.5269341242235,20.812215189873417
451,1291.626430455019,17.60981012658228,1322.0587332976795,23.445886075949367,1204.4707274568777,21.29113924050633,1334.7666076172259,21.350949367088607,1249.7121717943155,14.496835443037975,1280.5269341242235,19.638924050632912
452,1291.626430455019,12.804746835443037,1322.0587332976795,20.847784810126583,1204.4707274568777,15.570569620253165,1334.7666076172259,25.53860759493671,1249.7121717943155,19.619620253164555,1280.5269341242235,18.87626582278481
453,1291.626430455019,19.065189873417722,1322.0587332976795,20.693354430379745,1204.4707274568777,23.464240506329112,1334.7666076172259,14.061708860759493,1226.516246325939,16.162341772151898,1275.8877490305483,18.689367088607593
454,1291.626430455019,27.270886075949367,1322.0587332976795,14.552848101265823,1204.0181226193797,20.80632911392405,1334.7666076172259,13.33259493670886,1226.1270589386775,20.893037974683544,1275.7193905855963,19.37113924050633
455,1288.0409387895177,16.830696202531644,1322.0587332976795,15.341455696202532,1204.0181226193797,20.15759493670886,1334.7666076172259,25.03006329113924,1215.3291869273473,27.383860759493672,1272.8427178502302,20.94873417721519
456,1268.9397936443056,20.51518987341772,1322.0587332976795,21.350632911392406,1204.0181226193797,16.024683544303798,1334.7666076172259,22.112974683544305,1215.3291869273473,19.799367088607596,1269.0224888211876,19.960569620253164
457,1268.9397936443056,23.785443037974684,1322.0587332976795,14.512658227848101,1204.0181226193797,21.050949367088606,1334.7666076172259,17.163291139240506,1215.3291869273473,13.244620253164557,1269.0224888211876,17.95139240506329
458,1266.7160795982086,22.946202531645568,1322.0587332976795,22.83386075949367,1201.023835019654,14.37373417721519,1334.7666076172259,19.297784810126583,1215.3291869273473,19.35221518987342,1267.978888492023,19.760759493670886
459,1266.7160795982086,26.47373417721519,1322.0587332976795,18.157278481012657,1201.023835019654,22.30221518987342,1334.7666076172259,15.69113924050633,1215.3291869273473,17.85981012658228,1267.978888492023,20.096835443037975
460,1266.7160795982086,44.8376582278481,1322.0587332976795,23.63860759493671,1199.7207610714095,18.212658227848102,1334.7666076172259,12.047151898734176,1215.3291869273473,13.421518987341772,1267.718273702374,22.43151898734177
461,1266.7160795982086,31.753481012658227,1310.236346896,17.356962025316456,1199.7207610714095,17.640822784810126,1334.7666076172259,22.89335443037975,1215.3291869273473,17.167405063291138,1265.3537964220382,21.36240506329114
462,1266.7160795982086,17.373101265822786,1310.236346896,21.406962025316457,1199.7207610714095,29.362974683544305,1334.7666076172259,21.67246835443038,1215.3291869273473,9.708860759493671,1265.3537964220382,19.90487341772152
463,1266.7160795982086,17.856012658227847,1310.236346896,14.99746835443038,1199.7207610714095,21.05632911392405,1334.7666076172259,17.494620253164555,1215.3291869273473,22.342721518987343,1265.3537964220382,18.749430379746833
464,1266.7160795982086,24.41613924050633,1310.236346896,19.34620253164557,1199.7207610714095,13.181962025316455,1334.7666076172259,19.48639240506329,1215.3291869273473,21.315506329113923,1265.3537964220382,19.549240506329113
465,1253.2940960893693,15.325,1310.236346896,15.088291139240507,1199.7207610714095,15.138291139240506,1334.7666076172259,21.254746835443036,1203.1864216210354,21.404430379746834,1260.240846659008,17.642151898734177
466,1253.2940960893693,18.409493670886075,1310.236346896,17.77246835443038,1199.7207610714095,15.445886075949367,1334.7666076172259,22.54620253164557,1203.1864216210354,12.399683544303798,1260.240846659008,17.31474683544304
467,1253.2940960893693,17.448417721518986,1310.236346896,28.059810126582278,1199.7207610714095,17.620569620253164,1334.7666076172259,17.13512658227848,1201.230001826362,20.832911392405062,1259.8495627000734,20.219367088607594
468,1253.2940960893693,14.364240506329114,1310.236346896,20.79113924050633,1199.7207610714095,14.875,1334.7666076172259,21.972784810126583,1201.230001826362,32.86740506329114,1259.8495627000734,20.97411392405063
469,1253.2940960893693,15.899683544303798,1310.236346896,17.843987341772152,1189.027836220695,19.72658227848101,1334.7666076172259,20.02753164556962,1201.230001826362,32.70759493670886,1257.7109777299306,21.241075949367087
470,1253.2940960893693,18.899050632911393,1310.236346896,18.159493670886075,1189.027836220695,25.84493670886076,1334.7666076172259,22.73639240506329,1201.131113615358,40.31518987341772,1257.6912000877296,25.19101265822785
471,1253.2940960893693,21.554430379746837,1310.1880275551164,14.955696202531646,1189.027836220695,18.668354430379747,1334.7666076172259,22.068037974683545,1201.131113615358,18.87405063291139,1257.681536219553,19.224113924050634
472,1253.2940960893693,21.14746835443038,1309.217300533397,15.754113924050634,1183.4558358430597,24.021835443037975,1334.7666076172259,12.559493670886075,1201.131113615358,23.25506329113924,1256.372990739682,19.34759493670886
473,1253.2940960893693,13.320886075949367,1303.9290722616233,21.31360759493671,1183.4558358430597,17.23987341772152,1334.7666076172259,13.733860759493671,1201.131113615358,17.724683544303797,1255.3153450853272,16.666582278481012
474,1253.2940960893693,21.465822784810126,1303.9290722616233,20.664556962025316,1182.2342892064732,19.706645569620253,1334.7666076172259,26.694303797468354,1176.2824498253656,19.793037974683543,1250.1013030000117,21.664873417721516
475,1253.2940960893693,23.771835443037975,1303.9290722616233,14.218037974683543,1182.2342892064732,18.400949367088607,1330.1487297041062,19.520886075949367,1176.2824498253656,17.843354430379748,1249.1777274173876,18.751012658227847
476,1253.2940960893693,14.021518987341771,1303.9290722616233,20.999367088607595,1182.2342892064732,16.510759493670886,1330.1487297041062,34.39588607594937,1176.2824498253656,22.868354430379746,1249.1777274173876,21.759177215189872
477,1253.2940960893693,14.499050632911393,1303.9290722616233,19.958544303797467,1182.2342892064732,18.081645569620253,1330.1487297041062,26.695886075949367,1176.2824498253656,21.651898734177216,1249.1777274173876,20.17740506329114
478,1245.673736803348,21.15348101265823,1303.9290722616233,19.593354430379748,1182.2342892064732,18.02373417721519,1330.1487297041062,13.807594936708862,1176.2824498253656,19.313291139240505,1247.6536555601836,18.37829113924051
479,1245.673736803348,16.48227848101266,1303.9290722616233,25.588291139240507,1182.2342892064732,19.979113924050633,1330.1487297041062,16.14746835443038,1175.279412048719,20.924367088607596,1247.453048004854,19.824303797468353
480,1245.673736803348,22.428481012658228,1302.5202538584715,15.240189873417721,1182.2342892064732,20.154113924050634,1328.7704626296756,23.121518987341773,1175.279412048719,18.383227848101267,1246.8956309093373,19.865506329113927
481,1245.673736803348,19.0623417721519,1281.639005545971,16.948101265822785,1182.2342892064732,24.964240506329112,1328.7704626296756,26.010443037974685,1175.279412048719,21.029113924050634,1242.7193812468372,21.602848101265824
482,1245.673736803348,19.399050632911393,1281.639005545971,22.36867088607595,1182.2342892064732,15.33512658227848,1328.7704626296756,19.299683544303797,1175.279412048719,20.071518987341772,1242.7193812468372,19.294810126582277
483,1245.673736803348,19.759810126582277,1281.639005545971,15.485443037974683,1182.2342892064732,19.46613924050633,1328.7704626296756,15.200949367088608,1175.279412048719,15.688607594936709,1242.7193812468372,17.120189873417722
484,1245.673736803348,16.980063291139242,1281.639005545971,18.24905063291139,1182.2342892064732,23.941772151898736,1328.7704626296756,17.653164556962025,1175.279412048719,23.256645569620254,1242.7193812468372,20.016139240506327
485,1245.673736803348,18.890822784810126,1281.5239855304749,23.89113924050633,1182.2342892064732,18.764240506329113,1327.2235257963118,18.995569620253164,1175.279412048719,17.04620253164557,1242.3869898770654,19.51759493670886
486,1245.673736803348,22.849683544303797,1281.5239855304749,20.52120253164557,1182.2342892064732,19.355379746835442,1327.2235257963118,27.725949367088607,1175.279412048719,18.349683544303797,1242.3869898770654,21.760379746835444
487,1245.673736803348,17.719620253164557,1281.5239855304749,21.980379746835442,1182.2342892064732,14.083227848101266,1327.2235257963118,21.54018987341772,1175.279412048719,29.776582278481012,1242.3869898770654,21.020000000000003
488,1245.673736803348,17.191772151898736,1281.5239855304749,10.88987341772152,1182.2342892064732,21.75,1327.2235257963118,17.896835443037975,1175.279412048719,16.45474683544304,1242.3869898770654,16.836645569620252
489,1245.673736803348,24.306012658227846,1281.5239855304749,23.503164556962027,1182.2342892064732,17.152215189873417,1306.3629164031736,21.616139240506328,1175.279412048719,21.480063291139242,1238.2148679984377,21.611518987341775
490,1245.673736803348,12.074367088607595,1281.5239855304749,25.51867088607595,1182.2342892064732,18.99367088607595,1306.3629164031736,15.8,1175.279412048719,19.670886075949365,1238.2148679984377,18.411518987341772
491,1245.673736803348,21.019620253164558,1273.1302801074003,16.83132911392405,1182.2342892064732,21.298101265822783,1306.3629164031736,17.400949367088607,1174.3759124547394,19.02848101265823,1236.3554269950268,19.115696202531645
492,1245.673736803348,19.529113924050634,1273.1302801074003,17.312025316455696,1182.2342892064732,19.374367088607595,1306.3629164031736,18.154430379746834,1174.3759124547394,20.784177215189874,1236.3554269950268,19.030822784810127
493,1245.673736803348,25.9376582278481,1273.1302801074003,17.96518987341772,1182.2342892064732,24.472784810126583,1306.299524493267,19.792405063291138,1174.3759124547394,25.790506329113924,1236.3427486130456,22.791708860759492
494,1245.673736803348,27.47753164556962,1273.1302801074003,20.626898734177214,1182.2342892064732,21.134810126582277,1305.6388091346746,21.250316455696204,1174.0959576014086,22.618354430379746,1236.154614570661,22.621582278481014
495,1245.673736803348,18.919620253164556,1273.1302801074003,20.330696202531644,1182.2342892064732,18.645886075949367,1305.6388091346746,11.370253164556962,1174.0959576014086,18.17753164556962,1236.154614570661,17.488797468354427
496,1244.358687882246,23.193037974683545,1273.1302801074003,20.62405063291139,1182.2342892064732,20.149683544303798,1298.9169426073317,19.37120253164557,1174.0959576014086,20.71613924050633,1234.5472314809717,20.810822784810124
497,1233.7911211482376,23.818037974683545,1273.1302801074003,9.799050632911392,1182.2342892064732,21.357911392405065,1298.9169426073317,16.39778481012658,1168.520737263424,16.664240506329115,1231.3186740665735,17.60740506329114
498,1233.7911211482376,23.724050632911393,1273.1302801074003,22.889240506329113,1182.2342892064732,24.661392405063292,1298.9169426073317,18.081645569620253,1168.520737263424,26.14620253164557,1231.3186740665735,23.100506329113923
499,1233.7911211482376,13.827215189873417,1273.1302801074003,18.27753164556962,1182.2342892064732,20.51867088607595,1289.571890506299,18.07974683544304,1166.7346886830533,22.508227848101267,1229.0924539302928,18.64227848101266
500,1233.7911211482376,18.46107594936709,1273.1302801074003,13.955379746835444,1182.2342892064732,21.15474683544304,1289.571890506299,18.633544303797468,1166.7346886830533,24.13006329113924,1229.0924539302928,19.266962025316452
