generation,fitness_run_1,diversity_run_1,fitness_run_2,diversity_run_2,fitness_run_3,diversity_run_3,fitness_run_4,diversity_run_4,fitness_run_5,diversity_run_5,fitness_average,diversity_average
1,2874.234322503945,98.89683544303797,2910.951892913567,98.775,2871.7409712466147,98.85759493670886,2877.4400480996796,98.86613924050633,2810.33276928072,98.88417721518988,2868.940000808905,98.8559493670886
2,2539.2060788549798,98.80443037974683,2576.3774237336165,98.80696202531645,2451.738400174996,98.83829113924051,2535.008370358053,98.75537974683544,2585.2453852142444,98.75031645569621,2537.515131667178,98.79107594936708
3,2309.3497636133507,98.78924050632911,2316.7090903532853,98.8129746835443,2214.3762950626,98.81613924050633,2413.0087030099044,98.81898734177216,2241.214239758062,98.80506329113923,2298.9316183594406,98.80848101265823
4,2137.1060115115083,98.57120253164557,2061.245970851052,98.68924050632911,2152.2773541886277,98.77753164556962,2122.4935069263847,98.64556962025317,2095.9994896739317,98.71993670886076,2113.824466630301,98.68069620253165
5,2020.7215285426103,98.48449367088608,1988.2595142526152,98.72721518987342,1905.368726608603,98.69810126582279,2009.0085719875108,98.75443037974684,1981.0250822761702,98.66708860759493,1980.876684733502,98.66626582278482
6,2009.8038525417035,98.43386075949367,1810.5173139081862,98.50917721518988,1905.368726608603,98.45981012658228,1900.695384318207,98.56677215189873,1909.791173384227,98.36170886075949,1907.2352901521851,98.4662658227848
7,1921.7068035444702,98.3240506329114,1810.5173139081862,98.4759493670886,1905.368726608603,98.28670886075949,1834.3693195388882,98.40189873417721,1800.097352062623,98.301582278481,1854.411903132554,98.35803797468354
8,1822.4753206323114,98.23987341772153,1768.8576352109314,98.43544303797468,1755.3798530752365,98.31962025316456,1815.5098326201241,98.35917721518987,1778.749148505676,98.18101265822784,1788.194358008856,98.30702531645568
9,1768.2725924765816,98.09905063291139,1702.4759902488943,98.23417721518987,1755.3798530752365,98.3376582278481,1812.0014656821681,98.26772151898734,1641.6097991875686,97.86677215189873,1735.9479401340898,98.16107594936709
10,1632.8936076226876,97.50284810126583,1625.1344029974184,98.07183544303797,1707.578114913066,98.23955696202532,1769.0777119235947,98.06898734177216,1558.625777025767,98.30886075949367,1658.661922896507,98.038417721519
11,1632.8936076226876,96.86550632911393,1618.816418479326,97.70917721518987,1707.578114913066,98.18417721518988,1641.771579842744,97.98670886075949,1558.625777025767,98.0617088607595,1631.937099576718,97.76145569620255
12,1603.564983950592,96.51962025316456,1618.816418479326,97.60189873417721,1690.0002326471372,98.09683544303797,1604.742354852723,97.53037974683544,1544.0414916570971,97.6373417721519,1612.2330963173752,97.47721518987342
13,1558.339787937796,95.85759493670886,1538.1878114697327,97.43164556962026,1652.1539200243049,98.18639240506329,1558.6541233715986,96.79556962025316,1544.0414916570971,97.38101265822785,1570.2754268921058,97.13044303797469
14,1510.1263306441938,94.46867088607596,1507.9922894299766,97.34398734177215,1529.484494666311,98.17310126582278,1525.207780772061,97.43544303797468,1544.0414916570971,97.14746835443037,1523.3704774339278,96.91373417721518
15,1442.661169536004,95.18164556962026,1507.9922894299766,96.99272151898734,1529.484494666311,98.09177215189874,1485.0574197172373,96.43860759493671,1452.0132927290651,97.18544303797468,1483.4417332157186,96.77803797468354
16,1442.661169536004,95.6759493670886,1507.9922894299766,96.74651898734177,1529.484494666311,98.04556962025316,1485.0574197172373,95.9623417721519,1452.0132927290651,96.67626582278481,1483.4417332157186,96.62132911392405
17,1442.661169536004,96.37183544303798,1428.9989845939792,96.18354430379746,1529.484494666311,97.5876582278481,1485.0574197172373,95.20632911392406,1439.5293605663835,95.88481012658228,1465.1462858159832,96.246835443038
18,1442.661169536004,96.49778481012659,1428.9989845939792,95.71993670886076,1529.484494666311,97.39145569620253,1485.0574197172373,95.85632911392405,1439.5293605663835,94.52088607594936,1465.1462858159832,95.99727848101266
19,1393.165990389688,96.62278481012659,1417.760161865343,94.9870253164557,1529.484494666311,96.68860759493671,1421.9523049603742,95.73670886075949,1427.005511417366,93.24873417721518,1437.8736926598165,95.45677215189873
20,1393.165990389688,97.14715189873418,1370.350186179367,92.27974683544304,1313.271708935207,95.49145569620254,1421.9523049603742,95.77626582278481,1401.0953331537107,90.85411392405064,1379.9671047236693,94.30974683544304
21,1393.165990389688,96.25981012658228,1354.5131038106058,89.75,1313.271708935207,94.14208860759494,1421.9523049603742,95.78227848101265,1401.0953331537107,91.00221518987341,1376.799688249917,93.38727848101266
22,1393.165990389688,95.45316455696202,1342.121014184696,88.47056962025316,1313.271708935207,93.99525316455696,1421.9523049603742,95.86613924050633,1383.4455844150134,89.68069620253165,1370.7913205769958,92.69316455696203
23,1382.0203165537396,95.5610759493671,1340.2306208331152,87.89240506329114,1313.271708935207,94.82278481012658,1353.5374395653002,95.698417721519,1383.4455844150134,87.37626582278482,1354.5011340604751,92.27018987341772
24,1324.5204907868635,95.20348101265823,1340.2306208331152,88.17183544303798,1313.271708935207,94.07658227848101,1353.5374395653002,96.15474683544304,1354.4155676470177,86.18860759493671,1337.1951655535008,91.95905063291139
25,1322.8942273223035,94.93227848101266,1301.2400305952292,86.7113924050633,1313.271708935207,93.61487341772153,1353.5374395653002,95.65316455696203,1292.158433818372,85.16867088607594,1316.6203680472825,91.21607594936708
26,1313.747524663994,94.51898734177215,1247.5988766185808,84.95474683544303,1313.271708935207,93.7012658227848,1353.5374395653002,94.08892405063291,1268.7745007895232,83.1376582278481,1299.3860101145208,90.08031645569619
27,1313.747524663994,95.34525316455696,1247.5988766185808,82.52215189873418,1313.271708935207,93.49746835443038,1353.5374395653002,94.48006329113925,1177.1769253707282,77.81867088607595,1281.0664950307619,88.73272151898735
28,1313.747524663994,95.08892405063291,1240.679264828518,80.16170886075949,1313.271708935207,91.0740506329114,1353.5374395653002,94.92974683544304,1177.1769253707282,74.16740506329114,1279.6825726727493,87.08436708860759
29,1313.747524663994,94.99968354430379,1240.679264828518,76.42215189873417,1313.271708935207,84.36898734177215,1351.313527581442,93.89525316455696,1177.1769253707282,72.99493670886076,1279.2377902759777,84.53620253164556
30,1304.7048269385116,94.9512658227848,1240.679264828518,73.33132911392406,1313.271708935207,77.73860759493671,1269.9771064326658,92.27943037974684,1177.1769253707282,67.72974683544304,1261.1619665011262,81.20607594936709
31,1304.7048269385116,93.19746835443038,1230.9506370897986,72.03196202531646,1307.7498448125652,79.67341772151899,1269.9771064326658,90.37911392405063,1177.1769253707282,64.27183544303797,1258.111868128854,79.91075949367088
32,1304.7048269385116,85.88829113924051,1213.0206208521297,71.94746835443038,1294.3158117184678,79.48322784810127,1269.9771064326658,88.12879746835443,1173.1609653360154,58.19715189873418,1251.0358662555582,76.72898734177215
33,1287.3101696826398,75.24145569620254,1213.0206208521297,70.19272151898734,1287.2334167276972,78.13227848101266,1269.9771064326658,88.17405063291139,1173.1609653360154,64.1503164556962,1246.1404558062295,75.17816455696203
34,1256.2656680961206,78.01329113924051,1180.1293092268024,69.26107594936708,1287.2334167276972,77.40126582278481,1163.9844178273272,86.70348101265823,1173.1609653360154,65.16645569620253,1212.1547554427927,75.30911392405064
35,1256.2656680961206,75.48354430379747,1180.1293092268024,66.73607594936709,1287.2334167276972,75.19556962025317,1163.9844178273272,83.5626582278481,1173.1609653360154,63.29303797468354,1212.1547554427927,72.85417721518988
36,1249.2940292385235,71.2753164556962,1180.1293092268024,64.53164556962025,1287.2334167276972,75.55474683544304,1163.9844178273272,83.50316455696202,1147.2725920288833,54.68892405063291,1205.5827530098468,69.9107594936709
37,1249.2940292385235,65.82088607594936,1180.1293092268024,56.53354430379747,1238.5344616806458,74.09398734177215,1163.9844178273272,81.52151898734178,1147.272592028883,44.790189873417724,1195.8429620004365,64.5520253164557
38,1238.8983636782343,68.99367088607595,1180.1293092268024,56.30253164556962,1238.5344616806458,73.83481012658228,1163.9844178273272,76.16550632911392,1143.4713899809449,39.4756329113924,1193.0035884787908,62.954430379746825
39,1238.8983636782343,66.5240506329114,1175.4035588940035,53.38829113924051,1238.5344616806458,72.82215189873418,1163.9844178273272,72.07943037974684,1139.9604947308862,34.08164556962026,1191.3562593622194,59.779113924050634
40,1212.9935227050323,56.7256329113924,1175.4035588940035,50.7746835443038,1238.5344616806458,72.33955696202531,1163.9844178273272,70.76012658227847,1139.9604947308862,22.803797468354432,1186.175291167579,54.680759493670884
41,1212.9935227050323,58.049367088607596,1175.4035588940035,50.575632911392404,1238.5344616806458,73.32215189873418,1163.9844178273272,68.38639240506329,1139.9604947308862,18.383227848101267,1186.175291167579,53.743354430379746
42,1212.9935227050323,57.34272151898734,1167.2449013321802,36.33987341772152,1238.5344616806458,68.89936708860759,1163.9844178273272,66.34145569620253,1139.9604947308862,19.991772151898733,1184.5435596552143,49.783037974683545
43,1200.745136156949,51.51044303797468,1167.2449013321802,25.403164556962025,1238.5344616806458,62.93164556962025,1163.9844178273272,60.03607594936709,1139.9604947308862,14.490506329113924,1182.0938823455976,42.87436708860759
44,1200.745136156949,55.175632911392405,1167.2449013321802,22.174050632911392,1216.783502294419,53.69145569620253,1163.9844178273272,55.109177215189874,1139.9604947308862,21.065822784810127,1177.7436904683523,41.44322784810127
45,1200.745136156949,62.79683544303798,1167.2449013321802,18.054430379746837,1201.7115949610093,56.15981012658228,1163.9844178273272,51.651898734177216,1123.5210620456821,24.193037974683545,1171.4414224646296,42.57120253164557
46,1200.745136156949,65.44493670886077,1167.2449013321802,16.99905063291139,1144.2732173020001,58.1003164556962,1160.798418755919,41.233227848101265,1123.5210620456821,23.397151898734176,1159.3165471185462,41.03493670886076
47,1200.745136156949,70.20601265822785,1167.2449013321802,29.439556962025318,1106.9342672700607,60.87689873417722,1160.798418755919,29.68227848101266,1123.5210620456821,19.536708860759493,1151.8487571121582,41.9482911392405
48,1200.745136156949,74.00601265822785,1167.2449013321802,32.92373417721519,1106.9342672700607,57.857911392405065,1160.798418755919,23.61487341772152,1123.5210620456821,19.319303797468354,1151.8487571121582,41.5443670886076
49,1200.745136156949,66.72310126582279,1167.2449013321802,25.999367088607595,1100.0643804785032,33.40601265822785,1160.798418755919,21.28291139240506,1123.5210620456821,19.76107594936709,1150.4747797538469,33.434493670886084
50,1192.9708421097243,62.085126582278484,1167.2449013321802,16.235443037974683,1100.0643804785032,38.05601265822785,1160.798418755919,19.946202531645568,1123.5210620456821,11.592088607594937,1148.9199209444018,29.5829746835443
51,1178.1799778005918,70.15822784810126,1167.2449013321802,15.218354430379748,1100.0643804785032,33.56392405063291,1160.798418755919,36.252848101265826,1123.5210620456821,19.385759493670886,1145.9617480825752,34.91582278481013
52,1178.1799778005918,67.91582278481013,1166.9224862591345,20.62405063291139,1086.3772794327815,25.780696202531647,1160.798418755919,45.66835443037974,1115.3714480318904,15.660443037974684,1141.5299220560635,35.12987341772152
53,1178.1799778005918,68.93924050632911,1166.9224862591345,22.85727848101266,1086.3772794327815,27.931962025316455,1160.798418755919,43.67088607594937,1115.3714480318904,20.424683544303797,1141.5299220560635,36.764810126582276
54,1178.1799778005918,51.71582278481013,1166.9224862591345,23.876582278481013,1086.3772794327815,19.62120253164557,1160.798418755919,30.697151898734177,1115.3714480318904,17.340822784810126,1141.5299220560635,28.650316455696203
55,1174.671597428367,50.10126582278481,1166.9224862591345,17.618037974683546,1086.3772794327815,18.96012658227848,1160.798418755919,22.275632911392407,1115.3714480318904,25.573101265822785,1140.8282459816187,26.905632911392406
56,1174.671597428367,45.29145569620253,1166.9224862591345,18.76012658227848,1086.3772794327815,20.851898734177215,1160.798418755919,13.393354430379746,1115.3714480318904,29.370886075949368,1140.8282459816187,25.53354430379747
57,1174.671597428367,46.44303797468354,1163.986608125464,18.182911392405064,1086.3772794327815,15.3,1160.798418755919,24.700632911392404,1115.3714480318904,19.032278481012657,1140.2410703548844,24.73177215189873
58,1160.4487565631855,44.63259493670886,1163.986608125464,17.371835443037973,1086.3772794327815,31.456962025316457,1160.798418755919,21.929746835443037,1115.3714480318904,22.80854430379747,1137.396502181848,27.639936708860763
59,1160.4487565631855,30.702848101265822,1163.986608125464,19.893037974683544,1086.3772794327815,20.58386075949367,1160.798418755919,12.523417721518987,1115.3714480318904,36.40727848101266,1137.396502181848,24.022088607594934
60,1160.4487565631855,41.81772151898734,1163.986608125464,20.218354430379748,1086.3772794327815,21.309810126582278,1160.798418755919,11.748101265822784,1109.5826958214632,29.775632911392407,1136.2387517397624,24.97392405063291
61,1160.4487565631855,24.66898734177215,1163.986608125464,24.37405063291139,1086.3772794327815,22.71107594936709,1160.798418755919,23.347784810126583,1109.5826958214632,32.142405063291136,1136.2387517397624,25.44886075949367
62,1160.4487565631855,28.25632911392405,1163.986608125464,22.349683544303797,1086.3772794327815,18.57373417721519,1160.798418755919,17.418037974683543,1109.5826958214632,20.082278481012658,1136.2387517397624,21.33601265822785
63,1160.4487565631855,28.347784810126583,1163.986608125464,12.172151898734176,1086.3772794327815,23.551582278481014,1160.798418755919,21.39240506329114,1109.5826958214632,19.908227848101266,1136.2387517397624,21.074430379746836
64,1160.4487565631855,28.588607594936708,1163.986608125464,18.741139240506328,1086.3772794327815,16.265506329113926,1160.798418755919,22.894936708860758,1109.5826958214632,14.656962025316457,1136.2387517397624,20.229430379746837
65,1160.4487565631855,14.940189873417722,1163.986608125464,24.559810126582278,1084.4902091891581,19.307911392405064,1160.798418755919,15.025949367088607,1109.5826958214632,16.23860759493671,1135.8613376910378,18.014493670886075
66,1160.4487565631855,22.10664556962025,1163.986608125464,18.01835443037975,1084.4902091891581,23.649050632911393,1160.798418755919,18.167088607594938,1109.5826958214632,11.320886075949367,1135.8613376910378,18.652405063291138
67,1160.4487565631855,21.082594936708862,1163.986608125464,18.340506329113925,1082.9160755693354,15.668354430379747,1160.798418755919,26.32753164556962,1109.5826958214632,20.00632911392405,1135.5465109670733,20.28506329113924
68,1160.4487565631855,16.931645569620255,1163.986608125464,21.980063291139242,1082.9160755693354,16.86772151898734,1154.929673424723,29.667088607594938,1109.5826958214632,26.71645569620253,1134.3727619008341,22.43259493670886
69,1160.4487565631855,12.849367088607595,1163.986608125464,21.292088607594938,1082.9160755693354,15.584493670886076,1132.274754327465,25.74240506329114,1109.5826958214632,19.974367088607593,1129.8417780813825,19.08854430379747
70,1133.6487549234346,15.985443037974683,1163.986608125464,12.988291139240506,1082.9160755693354,17.343354430379748,1132.274754327465,27.69240506329114,1109.5826958214632,18.747784810126582,1124.4817777534322,18.55145569620253
71,1133.6487549234346,20.645253164556962,1163.986608125464,22.14018987341772,1078.221978076923,18.645253164556962,1129.5214100131698,32.32658227848101,1109.5826958214632,17.88607594936709,1122.9922893920907,22.32867088607595
72,1133.6487549234346,8.40126582278481,1163.986608125464,19.031329113924052,1078.221978076923,21.60348101265823,1129.5214100131698,31.969303797468353,1109.5826958214632,13.668037974683545,1122.9922893920907,18.934683544303798
73,1133.6487549234346,20.83639240506329,1163.986608125464,15.163924050632911,1078.221978076923,23.675,1129.5214100131698,21.582911392405062,1109.5826958214632,25.253481012658227,1122.9922893920907,21.302341772151898
74,1133.6487549234346,21.155696202531647,1163.986608125464,19.821518987341772,1078.221978076923,22.58417721518987,1129.5214100131698,15.802215189873417,1109.5826958214632,19.47626582278481,1122.9922893920907,19.767974683544303
75,1133.6487549234346,37.59746835443038,1163.986608125464,26.030379746835443,1078.221978076923,14.504746835443038,1128.9758258549464,26.99367088607595,1109.5826958214632,24.292088607594938,1122.8831725604462,25.883670886075954
76,1133.6487549234346,43.84272151898734,1163.986608125464,19.206962025316457,1078.221978076923,17.34145569620253,1128.9758258549464,12.274050632911392,1109.5826958214632,18.338607594936708,1122.8831725604462,22.200759493670887
77,1133.6487549234346,42.67151898734177,1163.986608125464,23.40284810126582,1077.7981940418654,28.29018987341772,1128.9758258549464,13.532278481012659,1109.5826958214632,22.18639240506329,1122.7984157534347,26.01664556962025
78,1133.6487549234346,36.52626582278481,1163.986608125464,23.687025316455696,1075.8448940323294,27.43259493670886,1128.9758258549464,17.680379746835442,1109.5826958214632,17.439556962025318,1122.4077557515275,24.553164556962024
79,1133.6487549234346,30.828164556962026,1163.986608125464,20.05,1075.8448940323294,13.70759493670886,1128.9758258549464,17.429430379746837,1109.5826958214632,12.891772151898735,1122.4077557515275,18.981392405063293
80,1133.6487549234346,22.60664556962025,1154.2175343828817,14.88639240506329,1075.8448940323294,26.361075949367088,1128.9758258549464,19.343670886075948,1109.5826958214632,16.76012658227848,1120.453941003011,19.99158227848101
81,1133.6487549234346,30.56645569620253,1154.2175343828817,19.145569620253166,1075.8448940323294,17.014240506329113,1128.9758258549464,20.366455696202532,1107.2457028601316,16.843037974683543,1119.9865424107447,20.787151898734177
82,1133.6487549234346,28.042721518987342,1154.2175343828817,28.513924050632912,1075.8448940323294,21.84113924050633,1125.7927634619816,17.335759493670885,1107.2457028601316,25.683860759493673,1119.349929932152,24.283481012658225
83,1133.6487549234346,29.054430379746837,1125.137222565999,29.093037974683543,1075.8448940323294,32.41993670886076,1125.7927634619816,32.94398734177215,1107.2457028601316,22.406329113924052,1113.5338675687751,29.18354430379747
84,1133.6487549234346,20.088607594936708,1125.137222565999,29.91867088607595,1075.8448940323294,41.53037974683544,1125.7927634619816,25.452848101265822,1107.2457028601316,18.389240506329113,1113.5338675687751,27.07594936708861
85,1133.6487549234346,20.026898734177216,1125.137222565999,20.54746835443038,1075.8448940323294,36.2743670886076,1123.2386878150505,19.19778481012658,1107.2457028601316,26.172151898734178,1113.023052439389,24.44373417721519
86,1133.6487549234346,23.746518987341773,1125.137222565999,14.928481012658228,1075.8448940323294,25.604113924050633,1123.2386878150505,30.83607594936709,1107.2457028601316,18.03354430379747,1113.023052439389,22.629746835443036
87,1133.6487549234346,15.543037974683545,1125.137222565999,19.213291139240507,1075.8448940323294,20.821518987341772,1123.2386878150505,25.164556962025316,1102.5495720363015,19.41582278481013,1112.083826274623,20.031645569620256
88,1133.6487549234346,18.964556962025316,1125.137222565999,24.723417721518988,1075.8448940323294,25.794303797468356,1123.2386878150505,24.82626582278481,1100.362973201813,16.04082278481013,1111.6465065077252,22.069873417721517
89,1133.6487549234346,18.501898734177214,1125.137222565999,13.541772151898734,1075.8448940323294,18.792088607594938,1123.2386878150505,20.10632911392405,1100.362973201813,21.958227848101266,1111.6465065077252,18.580063291139236
90,1133.6487549234346,29.886708860759494,1125.137222565999,19.843354430379748,1075.8448940323294,26.04113924050633,1123.2386878150505,17.254113924050632,1100.362973201813,21.662025316455697,1111.6465065077252,22.93746835443038
91,1133.6487549234346,23.302848101265823,1125.137222565999,24.41392405063291,1075.8448940323294,22.31360759493671,1123.2386878150505,20.96518987341772,1100.362973201813,22.1876582278481,1111.6465065077252,22.636645569620256
92,1133.6487549234346,20.118037974683546,1125.137222565999,23.557911392405064,1075.8448940323294,25.539556962025316,1120.7640325891064,27.635759493670886,1100.362973201813,17.326582278481013,1111.1515754625366,22.835569620253164
93,1133.6487549234346,18.70506329113924,1125.137222565999,24.22373417721519,1075.8448940323294,16.873417721518987,1120.7640325891064,28.07373417721519,1100.2591198216128,17.812025316455696,1111.1308047864964,21.137594936708858
94,1133.6487549234346,12.802215189873417,1125.137222565999,38.26455696202532,1075.8448940323294,29.72879746835443,1120.7640325891064,36.029746835443035,1100.2591198216128,19.004113924050632,1111.1308047864964,27.165886075949366
95,1133.6487549234346,18.061075949367087,1125.137222565999,27.500316455696204,1075.2614321501906,20.44746835443038,1120.3243091082368,39.006645569620254,1100.2591198216128,22.292088607594938,1110.9261677138948,25.46151898734177
96,1133.6487549234346,17.890822784810126,1125.137222565999,28.863291139240506,1075.2614321501906,19.72151898734177,1120.3243091082368,41.92151898734177,1100.2591198216128,21.27974683544304,1110.9261677138948,25.93537974683544
97,1133.6487549234346,15.722151898734177,1125.137222565999,22.625632911392405,1074.1769147187342,18.684810126582278,1120.3243091082368,36.745569620253164,1100.2591198216128,15.737658227848101,1110.7092642276034,21.903164556962025
98,1133.6487549234346,25.34873417721519,1125.137222565999,18.931645569620255,1074.1769147187342,13.928164556962026,1120.3243091082368,23.501582278481013,1100.2591198216128,17.565822784810127,1110.7092642276034,19.85518987341772
99,1133.6487549234346,25.639240506329113,1125.137222565999,18.788291139240506,1074.1769147187342,23.876582278481013,1120.3243091082368,20.51518987341772,1100.2591198216128,16.071518987341772,1110.7092642276034,20.978164556962025
100,1133.6487549234346,19.46107594936709,1125.137222565999,15.0373417721519,1074.1769147187342,20.123417721518987,1120.3243091082368,14.534177215189873,1100.2591198216128,21.14841772151899,1110.7092642276034,18.060886075949366
101,1133.6487549234346,22.739556962025315,1125.137222565999,16.755696202531645,1074.1769147187342,18.549367088607596,1120.3243091082368,26.514556962025317,1100.2591198216128,19.311708860759495,1110.7092642276034,20.774177215189873
102,1133.6487549234346,25.724367088607593,1125.137222565999,22.162974683544302,1074.1769147187342,20.939240506329114,1120.3243091082368,19.353164556962025,1100.2591198216128,17.812974683544304,1110.7092642276034,21.19854430379747
103,1133.6487549234346,26.77626582278481,1125.137222565999,22.030379746835443,1074.1769147187342,21.98481012658228,1120.3243091082368,18.33607594936709,1100.2591198216128,17.9373417721519,1110.7092642276034,21.412974683544302
104,1133.6487549234346,32.230379746835446,1125.137222565999,13.001582278481013,1074.1769147187342,25.37879746835443,1120.3243091082368,22.198101265822785,1100.2591198216128,20.912025316455697,1110.7092642276034,22.744177215189875
105,1133.6487549234346,34.108544303797466,1125.137222565999,22.28386075949367,1074.1769147187342,17.23860759493671,1120.3243091082368,20.738291139240506,1100.2591198216128,13.72753164556962,1110.7092642276034,21.619367088607596
106,1133.6487549234346,32.23386075949367,1125.137222565999,12.177848101265823,1074.1769147187342,18.89367088607595,1120.3243091082368,27.408227848101266,1100.2591198216128,19.964556962025316,1110.7092642276034,22.135632911392403
107,1133.6487549234346,22.88860759493671,1125.137222565999,23.077848101265822,1074.1769147187342,19.99398734177215,1109.8820847745346,23.14620253164557,1100.054952272916,23.43354430379747,1108.5799858511236,22.508037974683543
108,1133.6487549234346,22.28987341772152,1125.137222565999,16.129113924050632,1074.1769147187342,19.681645569620255,1109.8820847745346,19.859493670886074,1099.2938331607131,27.924050632911392,1108.427762028683,21.176835443037977
109,1133.6487549234346,18.02753164556962,1125.137222565999,22.113291139240506,1074.1769147187342,19.708544303797467,1109.8820847745346,23.088607594936708,1099.2938331607131,24.357911392405065,1108.427762028683,21.459177215189875
110,1133.6487549234346,18.276898734177216,1125.137222565999,24.02626582278481,1074.1769147187342,19.689556962025318,1109.8820847745346,24.116139240506328,1097.369141136494,20.152215189873417,1108.0428236238392,21.252215189873418
111,1133.6487549234346,24.787341772151898,1125.137222565999,16.82278481012658,1074.1769147187342,20.499367088607595,1109.8820847745346,21.88101265822785,1097.369141136494,14.3,1108.0428236238392,19.658101265822786
112,1133.6487549234346,25.135443037974685,1125.137222565999,24.600632911392406,1074.1769147187342,23.542088607594938,1108.8876083026742,24.189240506329114,1097.369141136494,24.96392405063291,1107.8439283294672,24.48626582278481
113,1133.6487549234346,27.84145569620253,1125.137222565999,16.63860759493671,1074.1769147187342,18.868037974683546,1108.8876083026742,16.45379746835443,1097.369141136494,18.036392405063292,1107.8439283294672,19.567658227848103
114,1133.6487549234346,20.268037974683544,1125.137222565999,19.579430379746835,1074.1769147187342,28.28481012658228,1108.8876083026742,15.304430379746835,1097.369141136494,17.18132911392405,1107.8439283294672,20.123607594936708
115,1133.6487549234346,16.432911392405064,1125.137222565999,18.94272151898734,1074.1769147187342,14.583227848101266,1108.8876083026742,23.698101265822785,1097.369141136494,20.824050632911394,1107.8439283294672,18.89620253164557
116,1133.6487549234346,14.633544303797468,1125.137222565999,18.78354430379747,1074.1769147187342,18.80727848101266,1108.8876083026742,17.071835443037976,1097.369141136494,13.025316455696203,1107.8439283294672,16.464303797468354
117,1133.6487549234346,25.826898734177217,1125.137222565999,21.77784810126582,1074.1769147187342,11.91487341772152,1108.8876083026742,17.359177215189874,1097.369141136494,19.708544303797467,1107.8439283294672,19.317468354430382
118,1133.6487549234346,23.559493670886077,1125.137222565999,18.20506329113924,1074.1769147187342,22.33481012658228,1108.8876083026742,23.240506329113924,1097.369141136494,19.69367088607595,1107.8439283294672,21.406708860759494
119,1133.6487549234346,17.922784810126583,1125.137222565999,21.190189873417722,1074.1769147187342,21.434177215189873,1108.8876083026742,20.255379746835445,1097.369141136494,24.118354430379746,1107.8439283294672,20.984177215189874
120,1133.6487549234346,23.122784810126582,1125.137222565999,16.14651898734177,1074.1769147187342,21.99398734177215,1105.6394440874153,15.856329113924051,1097.369141136494,23.141772151898735,1107.1942954864153,20.052278481012657
121,1133.6487549234346,18.70886075949367,1125.137222565999,20.412025316455697,1074.1769147187342,25.212974683544303,1105.6394440874153,28.337658227848102,1097.369141136494,19.980063291139242,1107.1942954864153,22.530316455696205
122,1133.6487549234346,22.985759493670887,1125.137222565999,25.074050632911394,1074.1769147187342,16.760759493670886,1088.4606901502784,34.33386075949367,1096.1261976817689,20.439873417721518,1103.509956008043,23.91886075949367
123,1133.6487549234346,26.874683544303796,1125.137222565999,22.76645569620253,1074.1769147187342,17.643037974683544,1088.4606901502784,33.37753164556962,1096.1261976817689,26.62753164556962,1103.509956008043,25.45784810126582
124,1133.6487549234346,28.150949367088607,1125.137222565999,25.848101265822784,1074.1769147187342,10.961392405063291,1088.4606901502784,28.918354430379747,1092.2806456258777,22.852848101265824,1102.7408455968648,23.34632911392405
125,1133.6487549234346,23.38132911392405,1125.137222565999,20.206645569620253,1074.1769147187342,18.899367088607594,1088.4606901502784,23.280379746835443,1092.2806456258777,20.28892405063291,1102.7408455968648,21.21132911392405
126,1133.6487549234346,25.426898734177215,1125.137222565999,10.344303797468354,1074.1769147187342,21.254113924050632,1088.4606901502784,21.725316455696202,1092.2806456258777,13.439873417721518,1102.7408455968648,18.438101265822784
127,1133.6487549234346,24.074367088607595,1125.137222565999,25.462974683544303,1074.1769147187342,19.082278481012658,1088.4606901502784,20.236708860759492,1092.2806456258777,24.43006329113924,1102.7408455968648,22.657278481012657
128,1133.6487549234346,16.286708860759493,1125.137222565999,19.920886075949365,1073.057602067396,26.640506329113926,1088.4606901502784,15.079113924050633,1092.2806456258777,23.15759493670886,1102.516983066597,20.216962025316455
129,1133.6487549234346,27.393987341772153,1125.137222565999,25.46107594936709,1073.057602067396,14.54873417721519,1088.4606901502784,18.95601265822785,1092.2806456258777,20.530696202531647,1102.516983066597,21.378101265822785
130,1133.6487549234346,27.10664556962025,1125.137222565999,17.620569620253164,1073.057602067396,20.180696202531646,1088.4606901502784,24.740506329113924,1092.2806456258777,26.7123417721519,1102.516983066597,23.27215189873418
131,1133.6487549234346,18.384177215189872,1125.137222565999,18.443987341772154,1073.057602067396,24.582594936708862,1088.4606901502784,23.12120253164557,1092.2806456258777,31.735759493670887,1102.516983066597,23.253544303797465
132,1133.6487549234346,19.798101265822783,1125.137222565999,13.453481012658228,1069.9023160444706,16.372784810126582,1088.4606901502784,12.431645569620253,1092.2806456258777,30.059177215189873,1101.885925862012,18.423037974683545
133,1133.6487549234346,21.88639240506329,1125.137222565999,19.048417721518987,1069.9023160444706,25.94240506329114,1088.4606901502784,21.994620253164555,1092.2806456258777,25.657278481012657,1101.885925862012,22.905822784810127
134,1133.6487549234346,23.307911392405064,1125.137222565999,27.229113924050633,1069.9023160444706,18.725,1088.4606901502784,20.34018987341772,1092.2806456258777,24.205379746835444,1101.885925862012,22.761518987341773
135,1133.6487549234346,19.811708860759495,1125.137222565999,25.204113924050635,1069.9023160444706,20.059810126582278,1088.4606901502784,15.309493670886075,1092.2806456258777,17.625632911392405,1101.885925862012,19.602151898734174
136,1133.6487549234346,23.110126582278482,1125.137222565999,15.224050632911393,1069.9023160444706,22.570886075949367,1088.4606901502784,26.564556962025318,1092.2806456258777,20.60379746835443,1101.885925862012,21.614683544303798
137,1133.6487549234346,17.04873417721519,1125.137222565999,19.89873417721519,1069.9023160444706,16.316772151898736,1088.4606901502784,20.180379746835442,1092.2806456258777,19.71613924050633,1101.885925862012,18.63215189873418
138,1133.6487549234346,33.83069620253165,1125.137222565999,20.85886075949367,1069.9023160444706,16.606012658227847,1088.4606901502784,19.907278481012657,1092.2806456258777,25.71993670886076,1101.885925862012,23.384556962025314
139,1133.6487549234346,43.40981012658228,1125.137222565999,16.53607594936709,1063.851042635057,20.35126582278481,1088.4606901502784,20.444620253164558,1092.2806456258777,19.713291139240507,1100.6756711801295,24.091012658227847
140,1133.6487549234346,59.05759493670886,1125.137222565999,19.155379746835443,1063.851042635057,18.843987341772152,1088.4606901502784,24.440822784810127,1091.937499875465,24.501582278481013,1100.6070420300468,29.199873417721516
141,1133.6487549234346,28.106012658227847,1125.137222565999,19.56993670886076,1063.851042635057,19.183227848101264,1088.4606901502784,19.314240506329114,1091.937499875465,18.71613924050633,1100.6070420300468,20.977911392405066
142,1133.6487549234346,18.33101265822785,1125.137222565999,22.32626582278481,1063.851042635057,14.507911392405063,1088.4606901502784,23.298417721518987,1091.937499875465,22.431962025316455,1100.6070420300468,20.179113924050633
143,1133.6487549234346,22.15886075949367,1125.137222565999,23.181012658227846,1063.851042635057,19.19272151898734,1088.4606901502784,22.04018987341772,1091.937499875465,30.07373417721519,1100.6070420300468,23.329303797468352
144,1133.6487549234346,23.710759493670885,1124.27395798936,23.13006329113924,1063.851042635057,24.37373417721519,1088.4606901502784,25.262974683544304,1091.937499875465,25.338607594936708,1100.434389114719,24.363227848101264
145,1133.6487549234346,23.775632911392407,1124.27395798936,26.866772151898733,1063.851042635057,23.50379746835443,1088.4606901502784,20.75379746835443,1091.937499875465,21.255379746835445,1100.434389114719,23.23107594936709
146,1133.6487549234346,18.539556962025316,1124.27395798936,34.787974683544306,1063.851042635057,21.01360759493671,1088.4606901502784,26.666772151898734,1091.937499875465,23.567088607594936,1100.434389114719,24.915
147,1131.838942710109,21.33101265822785,1124.27395798936,15.800316455696203,1062.8660829021253,19.14145569620253,1088.4606901502784,12.412974683544304,1091.937499875465,18.429430379746837,1099.8754347254676,17.423037974683545
148,1131.838942710109,19.675632911392405,1123.2288680985937,18.231012658227847,1062.8660829021253,22.827215189873417,1088.4606901502784,16.304113924050633,1091.937499875465,25.543037974683543,1099.666416747314,20.51620253164557
149,1131.838942710109,18.675632911392405,1123.2288680985937,21.724367088607593,1062.8660829021253,17.193354430379745,1088.4606901502784,24.93860759493671,1091.937499875465,24.34208860759494,1099.666416747314,21.374810126582283
150,1131.838942710109,22.819303797468354,1123.2288680985937,18.2876582278481,1062.8660829021253,20.41392405063291,1088.4606901502784,17.03354430379747,1091.937499875465,19.489240506329114,1099.666416747314,19.60873417721519
151,1131.838942710109,26.673101265822783,1123.2288680985937,16.05854430379747,1062.8660829021253,22.575632911392404,1088.4606901502784,21.697151898734177,1091.937499875465,17.279113924050634,1099.666416747314,20.856708860759493
152,1131.838942710109,28.22658227848101,1123.2288680985937,18.785759493670888,1062.8660829021253,28.16360759493671,1088.4606901502784,18.930696202531646,1091.937499875465,14.70253164556962,1099.666416747314,21.761835443037974
153,1131.838942710109,20.144303797468353,1123.2288680985937,25.792721518987342,1062.8660829021253,20.85158227848101,1088.4606901502784,25.800949367088606,1085.6611295723972,35.779113924050634,1098.4111426867007,25.67373417721519
154,1125.8584108949683,29.10759493670886,1123.2288680985937,14.24873417721519,1062.8660829021253,22.461708860759494,1088.4606901502784,24.020569620253166,1085.6611295723972,32.574367088607595,1097.2150363236726,24.482594936708857
155,1122.3343157977436,28.707278481012658,1123.2288680985937,21.6376582278481,1062.8660829021253,16.923101265822783,1088.4606901502784,19.47373417721519,1085.6611295723972,27.240822784810128,1096.5102173042276,22.796518987341774
156,1122.3343157977436,28.80126582278481,1123.2288680985937,23.98987341772152,1062.1046838796146,21.054113924050633,1088.4606901502784,18.893987341772153,1085.6611295723972,26.819303797468354,1096.3579374997255,23.911708860759493
157,1122.3343157977436,29.029113924050634,1123.2288680985937,20.886708860759494,1060.3212445106503,14.35126582278481,1088.4606901502784,25.727848101265824,1085.6611295723972,27.60253164556962,1096.0012496259326,23.519493670886078
158,1122.3343157977436,30.487025316455696,1122.7629279662547,19.08101265822785,1060.3212445106503,26.698417721518986,1088.4606901502784,21.045569620253165,1085.6611295723972,22.018987341772153,1095.9080615994649,23.86620253164557
159,1112.319931608023,30.85727848101266,1122.7629279662547,21.685759493670886,1060.3212445106503,31.066139240506327,1088.4606901502784,23.946518987341772,1085.4569620237005,15.524683544303798,1093.8643512517815,24.61607594936709
160,1112.319931608023,32.50854430379747,1122.7629279662547,25.50506329113924,1060.3212445106503,28.508544303797468,1088.4606901502784,18.655379746835443,1085.4569620237005,22.28892405063291,1093.8643512517815,25.493291139240505
161,1112.319931608023,29.231012658227847,1122.7629279662547,10.228164556962025,1060.3212445106503,23.247784810126582,1088.4606901502784,20.29493670886076,1085.4569620237005,17.86772151898734,1093.8643512517815,20.173924050632912
162,1110.711500366888,24.259177215189872,1122.7629279662547,14.45632911392405,1060.3212445106503,20.38639240506329,1088.4606901502784,22.326898734177217,1082.8003885772343,20.25253164556962,1093.011350314261,20.33626582278481
163,1109.8281796783274,39.57373417721519,1122.7629279662547,20.52151898734177,1060.3212445106503,13.125,1088.4606901502784,18.849367088607593,1077.549795649496,26.76740506329114,1091.7845675910012,23.76740506329114
164,1109.8281796783274,31.493354430379746,1122.7629279662547,18.52341772151899,1060.3212445106503,21.480379746835442,1088.4606901502784,16.531962025316457,1077.549795649496,13.54746835443038,1091.7845675910012,20.315316455696202
165,1109.8281796783274,43.95822784810127,1122.7629279662547,23.416455696202533,1060.3212445106503,16.534177215189874,1088.4606901502784,17.98860759493671,1077.549795649496,18.525,1091.7845675910012,24.084493670886076
166,1109.8281796783274,54.24683544303797,1122.7629279662547,9.744620253164557,1060.3212445106503,16.68132911392405,1088.4606901502784,18.01740506329114,1077.549795649496,19.724050632911393,1091.7845675910012,23.682848101265826
167,1109.8281796783274,36.78512658227848,1122.7629279662547,25.27278481012658,1060.3212445106503,11.95759493670886,1088.4606901502784,20.379430379746836,1077.549795649496,17.239240506329114,1091.7845675910012,22.32683544303797
168,1099.0943590010538,19.55,1122.7629279662547,20.294303797468356,1060.3212445106503,18.092721518987343,1088.4606901502784,24.082911392405062,1077.549795649496,16.93259493670886,1089.6378034555466,19.790506329113924
169,1099.0943590010538,22.328164556962026,1122.7629279662547,14.84746835443038,1060.3212445106503,14.184493670886075,1088.4606901502784,22.179113924050633,1070.7206974163187,25.90506329113924,1088.2719838089113,19.888860759493674
170,1099.0943590010538,18.287025316455697,1122.7629279662547,14.368987341772153,1060.3212445106503,15.220569620253164,1085.3425612708907,16.131962025316454,1070.7206974163187,19.952848101265822,1087.6483580330337,16.79227848101266
171,1099.0943590010538,24.509177215189872,1122.7629279662547,28.702848101265822,1060.3212445106503,19.584493670886076,1085.3425612708907,24.201898734177217,1070.7206974163187,23.256645569620254,1087.6483580330337,24.051012658227847
172,1099.0943590010538,23.525,1122.7629279662547,21.075316455696203,1059.8605046704492,21.063291139240505,1084.7792154675878,18.457594936708862,1070.7206974163187,18.508227848101267,1087.443540904333,20.525886075949366
173,1099.0943590010538,24.54113924050633,1120.7805531812114,22.599367088607593,1059.8605046704492,31.134177215189872,1084.7792154675878,19.60221518987342,1070.7206974163187,13.369303797468355,1087.0470659473242,22.249240506329112
174,1099.0943590010538,23.755696202531645,1120.7805531812114,19.080379746835444,1059.8605046704492,24.305379746835442,1084.7792154675878,19.96708860759494,1070.7206974163187,19.235443037974683,1087.0470659473242,21.26879746835443
175,1099.0943590010538,24.339556962025316,1120.7805531812114,19.662974683544302,1059.8605046704492,17.238291139240506,1084.7792154675878,17.80759493670886,1070.7206974163187,24.995569620253164,1087.0470659473242,20.808797468354427
176,1099.0943590010538,23.160443037974684,1120.7805531812114,16.206645569620253,1059.8605046704492,19.93354430379747,1084.7792154675878,18.144303797468353,1070.3090791181946,28.62879746835443,1086.9647422876994,21.214746835443037
177,1099.0943590010538,27.336708860759494,1120.7805531812114,15.718987341772152,1059.8605046704492,15.353797468354431,1084.7792154675878,23.344303797468353,1070.3090791181946,30.061708860759495,1086.9647422876994,22.363101265822785
178,1099.0943590010538,26.009177215189872,1120.7805531812114,15.841772151898734,1059.8605046704492,20.311708860759495,1084.7792154675878,18.69873417721519,1070.3090791181946,39.57120253164557,1086.9647422876994,24.08651898734177
179,1099.0943590010538,23.005379746835445,1120.7805531812114,25.73259493670886,1059.8605046704492,21.83987341772152,1084.7792154675878,11.124683544303798,1070.3090791181946,41.0373417721519,1086.9647422876994,24.547974683544304
180,1099.0943590010538,30.615189873417723,1120.7805531812114,17.019303797468353,1059.8605046704492,19.679430379746837,1084.7792154675878,16.445253164556963,1070.3090791181946,34.81613924050633,1086.9647422876994,23.715063291139238
181,1099.0943590010538,19.25506329113924,1106.8394848221249,24.58639240506329,1059.8605046704492,21.611075949367088,1084.7792154675878,23.764873417721518,1070.3090791181946,20.684493670886077,1084.176528615882,21.980379746835446
182,1099.0943590010538,18.324367088607595,1106.8394848221249,21.666772151898734,1059.8605046704492,24.932911392405064,1084.7792154675878,26.398101265822785,1070.3090791181946,20.625,1084.176528615882,22.389430379746834
183,1094.4603708460493,20.809493670886077,1106.8394848221249,20.033227848101266,1059.8605046704492,17.8873417721519,1084.7792154675878,14.30126582278481,1070.3090791181946,12.950949367088608,1083.2497309848811,17.196455696202534
184,1094.4603708460493,23.15379746835443,1106.8394848221249,30.575949367088608,1059.8605046704492,18.071202531645568,1084.7792154675878,14.50886075949367,1070.3090791181946,21.366139240506328,1083.2497309848811,21.53518987341772
185,1094.4603708460493,19.241455696202532,1106.8394848221249,23.42246835443038,1059.8605046704492,26.00253164556962,1084.7792154675878,19.95632911392405,1068.2277016114824,16.930379746835442,1082.8334554835387,21.110632911392404
186,1094.4603708460493,15.092405063291139,1106.8394848221249,27.998101265822786,1059.8605046704492,16.767088607594935,1084.7792154675878,15.500949367088607,1068.2277016114824,15.833860759493671,1082.8334554835387,18.238481012658227
187,1094.4603708460493,21.33386075949367,1106.8394848221249,34.472151898734175,1059.8605046704492,16.129113924050632,1084.7792154675878,22.570253164556963,1068.2277016114824,23.40253164556962,1082.8334554835387,23.58158227848101
188,1094.4603708460493,29.560759493670886,1106.8394848221249,24.63259493670886,1059.8605046704492,24.14335443037975,1084.7792154675878,17.90253164556962,1068.2277016114824,24.244303797468355,1082.8334554835387,24.09670886075949
189,1094.4603708460493,29.871835443037973,1106.8394848221249,24.774683544303798,1059.8605046704492,23.855696202531647,1084.7792154675878,15.218354430379748,1066.5806613892398,21.204430379746835,1082.5040474390903,22.985000000000003
190,1094.4603708460493,21.68259493670886,1106.8394848221249,21.555696202531646,1059.8605046704492,13.408227848101266,1084.7792154675878,19.314556962025318,1066.5806613892398,31.871835443037973,1082.5040474390903,21.566582278481015
191,1094.4603708460493,20.09208860759494,1106.8394848221249,24.78386075949367,1059.8605046704492,25.876898734177214,1084.7792154675878,19.52120253164557,1066.5806613892398,18.034177215189874,1082.5040474390903,21.661645569620255
192,1094.4603708460493,27.139873417721518,1106.8394848221249,22.740189873417723,1059.8605046704492,21.80854430379747,1084.7792154675878,18.508227848101267,1066.5806613892398,27.404430379746834,1082.5040474390903,23.520253164556966
193,1090.0328423991734,34.47373417721519,1106.8394848221249,17.0746835443038,1059.8605046704492,17.325949367088608,1079.703122710254,23.899050632911393,1066.5806613892398,21.536392405063292,1080.6033231982483,22.86196202531646
194,1090.0328423991734,36.27594936708861,1106.8394848221249,18.388291139240508,1059.8605046704492,13.394303797468355,1079.703122710254,32.21835443037975,1066.5806613892398,16.715822784810126,1080.6033231982483,23.398544303797472
195,1088.0102452416256,39.31930379746836,1106.8394848221249,12.91487341772152,1059.8605046704492,19.758860759493672,1079.703122710254,19.693354430379745,1066.5806613892398,20.235759493670887,1080.1988037667388,22.384430379746835
196,1088.0102452416256,37.57120253164557,1106.8394848221249,23.76835443037975,1059.8605046704492,21.184493670886077,1079.703122710254,18.85759493670886,1066.5806613892398,20.02974683544304,1080.1988037667388,24.282278481012657
197,1088.0102452416256,44.53481012658228,1106.8394848221249,20.19145569620253,1059.8605046704492,14.096518987341772,1079.703122710254,16.325632911392404,1066.5806613892398,17.76139240506329,1080.1988037667388,22.581962025316454
198,1088.0102452416256,39.22689873417721,1106.8394848221249,11.690189873417722,1059.8605046704492,27.218670886075948,1079.703122710254,16.462974683544303,1066.5806613892398,17.296518987341774,1080.1988037667388,22.379050632911394
199,1085.5427447812813,33.31392405063291,1106.8394848221249,23.92373417721519,1056.8100107380078,22.834493670886076,1079.703122710254,29.259493670886076,1066.5806613892398,15.655063291139241,1079.0952048881816,24.9973417721519
200,1085.5427447812813,38.90664556962025,1106.8394848221249,16.97215189873418,1056.8100107380078,20.076898734177217,1079.703122710254,17.16518987341772,1066.5806613892398,12.663607594936709,1079.0952048881816,21.156898734177215
201,1085.5427447812813,19.469620253164557,1106.8394848221249,14.15,1053.9633541751746,22.26518987341772,1079.703122710254,16.449367088607595,1066.5806613892398,23.158227848101266,1078.525873575615,19.098481012658226
202,1085.5427447812813,26.43639240506329,1106.8394848221249,11.74367088607595,1053.9633541751746,23.45474683544304,1079.703122710254,21.67626582278481,1066.5806613892398,18.75601265822785,1078.525873575615,20.41341772151899
203,1085.5427447812813,20.941139240506327,1106.8394848221249,24.757911392405063,1053.9633541751746,21.707278481012658,1079.703122710254,26.60854430379747,1066.5806613892398,20.518037974683544,1078.525873575615,22.90658227848101
204,1085.5427447812813,14.158544303797468,1106.8394848221249,16.119620253164555,1053.9633541751746,18.513291139240508,1077.9092282904635,23.046835443037974,1066.4073064373745,26.289556962025316,1078.1324237012836,19.625569620253167
205,1085.5427447812813,19.28354430379747,1106.8394848221249,26.3623417721519,1053.9633541751746,19.244620253164555,1077.9092282904635,18.719620253164557,1066.4073064373745,16.354746835443038,1078.1324237012836,19.9929746835443
206,1085.5427447812813,16.31139240506329,1106.8394848221249,16.484177215189874,1053.9633541751746,21.799050632911392,1077.9092282904635,16.16613924050633,1066.4073064373745,26.093670886075948,1078.1324237012836,19.370886075949365
207,1085.5427447812813,26.183860759493673,1106.0390320806032,12.752848101265823,1053.9633541751746,26.015506329113926,1077.9092282904635,20.895886075949367,1066.4073064373745,23.824367088607595,1077.9723331529794,21.934493670886077
208,1085.5427447812813,15.240506329113924,1106.0390320806032,18.289556962025316,1053.9633541751746,21.79746835443038,1077.9092282904635,24.95886075949367,1066.4073064373745,15.99113924050633,1077.9723331529794,19.255506329113924
209,1080.9745499943454,11.647784810126582,1106.0390320806032,20.376898734177214,1053.9633541751746,18.423101265822783,1077.9092282904635,18.913291139240506,1061.6064686099194,16.401582278481012,1076.0985266301013,17.15253164556962
210,1080.9745499943454,27.900632911392407,1106.0390320806032,24.19746835443038,1053.9633541751746,21.047784810126583,1077.9092282904635,19.82278481012658,1061.6064686099194,13.781962025316457,1076.0985266301013,21.350126582278484
211,1080.9745499943454,16.194303797468354,1106.0390320806032,19.52151898734177,1053.9633541751746,20.454113924050635,1077.9092282904635,18.372151898734177,1061.6064686099194,15.67879746835443,1076.0985266301013,18.044177215189872
212,1080.9745499943454,16.453481012658226,1106.0390320806032,23.29620253164557,1053.9633541751746,12.463291139240507,1077.9092282904635,12.025316455696203,1061.6064686099194,18.843037974683543,1076.0985266301013,16.616265822784808
213,1080.9745499943454,17.981012658227847,1106.0390320806032,25.867088607594937,1053.9633541751746,22.125,1077.9092282904635,25.530696202531647,1061.6064686099194,19.0376582278481,1076.0985266301013,22.108291139240503
214,1078.1245749734392,14.51487341772152,1106.0390320806032,17.679746835443037,1053.9633541751746,24.456962025316457,1077.9092282904635,20.49873417721519,1061.6064686099194,21.475632911392406,1075.52853162592,19.725189873417726
215,1078.1245749734392,21.480696202531647,1101.120255264216,25.9253164556962,1053.9633541751746,25.695886075949367,1077.9092282904635,17.88639240506329,1061.6064686099194,21.26867088607595,1074.5447762626427,22.45139240506329
216,1070.0264364925115,21.758544303797468,1101.120255264216,21.820569620253163,1053.9633541751746,20.620569620253164,1077.9092282904635,24.044303797468356,1061.6064686099194,18.788291139240506,1072.9251485664572,21.406455696202535
217,1070.0264364925115,18.70474683544304,1101.120255264216,25.35632911392405,1053.9633541751746,29.975632911392406,1077.9092282904635,17.088291139240507,1061.6064686099194,20.79113924050633,1072.9251485664572,22.383227848101267
218,1070.0264364925115,17.995886075949368,1101.120255264216,22.20601265822785,1053.9633541751746,23.843670886075948,1077.9092282904635,18.964556962025316,1061.6064686099194,16.83132911392405,1072.9251485664572,19.968291139240506
219,1070.0264364925115,25.534493670886075,1101.120255264216,21.412025316455697,1053.9633541751746,20.725,1077.9092282904635,27.2623417721519,1060.9357234064246,24.121518987341773,1072.7909995257583,23.81107594936709
220,1070.0264364925115,17.590822784810126,1101.120255264216,14.364556962025317,1053.9633541751746,11.556012658227848,1077.9092282904635,17.450316455696203,1060.9357234064246,18.482911392405065,1072.7909995257583,15.888924050632912
221,1070.0264364925115,29.514240506329113,1101.120255264216,16.502215189873418,1053.9633541751746,16.110443037974683,1077.9092282904635,15.815506329113925,1060.9357234064246,16.58101265822785,1072.7909995257583,18.904683544303797
222,1070.0264364925115,14.777848101265823,1101.120255264216,18.89778481012658,1053.9633541751746,20.446518987341772,1077.9092282904635,20.102848101265824,1060.9357234064246,32.153164556962025,1072.7909995257583,21.275632911392403
223,1070.0264364925115,24.246518987341773,1101.120255264216,20.630696202531645,1053.9633541751746,14.559177215189873,1077.9092282904635,25.58892405063291,1060.9357234064246,16.428481012658228,1072.7909995257583,20.290759493670883
224,1070.0264364925115,19.53354430379747,1101.120255264216,26.40854430379747,1053.9633541751746,9.776582278481012,1077.9092282904635,28.549050632911392,1059.1153282323166,18.433227848101264,1072.4269204909365,20.540189873417724
225,1070.0264364925115,25.39145569620253,1101.120255264216,16.705696202531644,1053.9633541751746,19.133544303797468,1077.9092282904635,36.49145569620253,1059.1153282323166,27.377215189873418,1072.4269204909365,25.01987341772152
226,1070.0264364925115,23.81360759493671,1101.120255264216,14.103481012658229,1053.9633541751746,20.921835443037974,1077.9092282904635,43.05601265822785,1059.1153282323166,21.613291139240506,1072.4269204909365,24.701645569620254
227,1070.0264364925115,16.91107594936709,1101.120255264216,17.893037974683544,1053.9633541751746,22.870253164556964,1077.9092282904635,43.276898734177216,1059.1153282323166,31.51012658227848,1072.4269204909365,26.492278481012658
228,1070.0264364925115,20.825949367088608,1101.120255264216,20.77753164556962,1053.9633541751746,25.687974683544304,1077.9092282904635,29.724367088607593,1057.2957264897943,21.221835443037975,1072.063000142432,23.64753164556962
229,1070.0264364925115,16.270886075949367,1101.120255264216,22.547784810126583,1053.9633541751746,30.98892405063291,1077.9092282904635,22.903164556962025,1057.2957264897943,18.21518987341772,1072.063000142432,22.18518987341772
230,1061.740112937414,24.19873417721519,1101.120255264216,27.500316455696204,1053.9633541751746,17.524050632911393,1077.9092282904635,20.47373417721519,1057.2957264897943,14.155379746835443,1070.4057354314125,20.770443037974683
231,1061.740112937414,23.27246835443038,1101.120255264216,15.182911392405064,1053.9633541751746,15.27879746835443,1077.9092282904635,21.61740506329114,1057.2957264897943,12.76993670886076,1070.4057354314125,17.624303797468354
232,1061.740112937414,19.115506329113924,1101.120255264216,15.697151898734177,1053.9633541751746,18.792405063291138,1077.9092282904635,23.846835443037975,1057.2957264897943,15.896835443037975,1070.4057354314125,18.66974683544304
233,1061.740112937414,19.151898734177216,1101.120255264216,23.708227848101266,1053.9633541751746,14.366455696202532,1077.9092282904635,19.137974683544304,1057.2957264897943,12.25506329113924,1070.4057354314125,17.72392405063291
234,1061.740112937414,23.66518987341772,1101.120255264216,21.852848101265824,1053.9633541751746,27.564556962025318,1077.9092282904635,28.731962025316456,1057.2957264897943,16.616139240506328,1070.4057354314125,23.68613924050633
235,1061.740112937414,20.920886075949365,1101.120255264216,18.54113924050633,1053.9633541751746,29.21993670886076,1077.9092282904635,17.031329113924052,1057.2957264897943,22.44367088607595,1070.4057354314125,21.63139240506329
236,1061.740112937414,23.074050632911394,1101.120255264216,25.098417721518988,1053.9633541751746,23.639873417721518,1077.9092282904635,17.45253164556962,1057.2957264897943,17.579113924050635,1070.4057354314125,21.36879746835443
237,1061.740112937414,18.962025316455698,1101.120255264216,20.545569620253165,1053.9633541751746,25.297151898734178,1077.9092282904635,20.87120253164557,1057.2957264897943,18.68860759493671,1070.4057354314125,20.872911392405065
238,1061.740112937414,21.8126582278481,1101.120255264216,20.744620253164555,1051.6178823609207,25.503481012658227,1077.9092282904635,15.94620253164557,1057.2957264897943,21.44272151898734,1069.9366410685616,21.08993670886076
239,1061.740112937414,16.21139240506329,1101.120255264216,19.65126582278481,1051.6178823609207,16.53987341772152,1077.9092282904635,13.271835443037975,1057.2957264897943,23.318037974683545,1069.9366410685616,17.79848101265823
240,1061.740112937414,21.198101265822785,1101.120255264216,18.474050632911393,1051.6178823609207,20.289240506329115,1077.9092282904635,20.240506329113924,1057.2957264897943,30.21518987341772,1069.9366410685616,22.083417721518988
241,1061.740112937414,18.523101265822785,1101.120255264216,20.995886075949368,1051.6178823609207,15.493354430379746,1077.9092282904635,16.682911392405064,1057.2957264897943,22.49272151898734,1069.9366410685616,18.83759493670886
242,1061.740112937414,24.23227848101266,1101.120255264216,28.612974683544305,1051.6178823609207,17.068037974683545,1077.9092282904635,12.253164556962025,1054.1684261820992,19.746835443037973,1069.3111810070227,20.3826582278481
243,1061.740112937414,15.963291139240507,1101.120255264216,26.449367088607595,1051.6178823609207,15.605379746835442,1077.9092282904635,23.261708860759494,1054.1684261820992,19.143037974683544,1069.3111810070227,20.084556962025317
244,1061.740112937414,20.830379746835444,1101.120255264216,16.051898734177215,1051.6178823609207,26.633860759493672,1077.9092282904635,22.66107594936709,1054.1684261820992,22.61487341772152,1069.3111810070227,21.75841772151899
245,1061.740112937414,21.825,1101.120255264216,17.80253164556962,1051.6178823609207,19.684810126582278,1077.9092282904635,21.326582278481013,1054.1684261820992,19.033227848101266,1069.3111810070227,19.934430379746836
246,1061.740112937414,23.207594936708862,1101.120255264216,22.218354430379748,1051.6178823609207,15.095569620253164,1077.9092282904635,18.228164556962025,1054.1684261820992,14.29367088607595,1069.3111810070227,18.60867088607595
247,1061.740112937414,26.600949367088607,1101.120255264216,19.816772151898736,1051.6178823609207,19.500632911392405,1077.9092282904635,26.056645569620255,1054.1684261820992,14.20126582278481,1069.3111810070227,21.235253164556962
248,1061.740112937414,24.275949367088607,1101.120255264216,22.0873417721519,1051.6178823609207,22.35253164556962,1077.9092282904635,20.98354430379747,1054.1684261820992,17.133860759493672,1069.3111810070227,21.366645569620253
249,1049.7632330671518,22.078164556962026,1101.120255264216,8.444936708860759,1051.6178823609207,19.71708860759494,1077.9092282904635,24.594620253164557,1054.1684261820992,17.743037974683546,1066.9158050329702,18.515569620253167
250,1049.7632330671518,17.991772151898733,1101.120255264216,19.766772151898735,1051.6178823609207,24.455379746835444,1077.9092282904635,15.273101265822785,1054.1684261820992,23.458544303797467,1066.9158050329702,20.189113924050634
251,1049.7632330671518,23.832911392405062,1101.120255264216,15.872784810126582,1051.1435175408863,20.5746835443038,1077.9092282904635,12.856645569620254,1054.1684261820992,27.18354430379747,1066.8209320689632,20.064113924050634
252,1049.7632330671518,20.11392405063291,1101.120255264216,17.06993670886076,1051.1435175408863,16.256962025316454,1077.9092282904635,13.230379746835442,1054.1684261820992,17.82373417721519,1066.8209320689632,16.89898734177215
253,1049.7632330671518,28.108227848101265,1101.120255264216,18.454113924050635,1051.1435175408863,17.03291139240506,1077.9092282904635,23.008227848101267,1054.1684261820992,13.355696202531645,1066.8209320689632,19.991835443037974
254,1049.7632330671518,19.82974683544304,1101.120255264216,21.180379746835442,1051.1435175408863,28.110759493670887,1077.9092282904635,16.868354430379746,1054.1684261820992,24.407278481012657,1066.8209320689632,22.079303797468352
255,1049.7632330671518,23.708227848101266,1101.120255264216,24.200316455696203,1051.1435175408863,20.320569620253163,1077.9092282904635,21.17721518987342,1054.1684261820992,19.04746835443038,1066.8209320689632,21.69075949367089
256,1049.7632330671518,17.674683544303797,1101.120255264216,20.35854430379747,1051.1435175408863,28.23227848101266,1077.9092282904635,14.995886075949366,1054.1684261820992,18.70632911392405,1066.8209320689632,19.993544303797467
257,1049.7632330671518,27.60854430379747,1101.120255264216,22.62120253164557,1051.1435175408863,18.995253164556964,1073.2240340373708,19.062025316455696,1054.1684261820992,23.006645569620254,1065.8838932183448,22.25873417721519
258,1049.7632330671518,19.02120253164557,1101.120255264216,16.51012658227848,1051.1435175408863,19.009177215189872,1073.2240340373708,11.232278481012658,1054.1684261820992,20.92120253164557,1065.8838932183448,17.338797468354432
259,1049.7632330671518,18.3373417721519,1101.120255264216,25.455379746835444,1051.1435175408863,15.465822784810127,1073.2240340373708,16.156645569620252,1054.1684261820992,17.353164556962025,1065.8838932183448,18.55367088607595
260,1049.7632330671518,21.300949367088606,1101.120255264216,17.918354430379747,1051.1435175408863,14.407278481012659,1073.2240340373708,23.31867088607595,1054.1684261820992,14.520569620253164,1065.8838932183448,18.293164556962026
261,1049.7632330671518,25.809493670886077,1101.120255264216,24.637025316455695,1051.1435175408863,15.129430379746836,1073.2240340373708,19.509177215189872,1054.1684261820992,25.336708860759494,1065.8838932183448,22.0843670886076
262,1049.7632330671518,33.09493670886076,1101.120255264216,15.566455696202532,1051.1435175408863,17.396835443037975,1073.2240340373708,21.922151898734178,1054.1684261820992,24.849367088607593,1065.8838932183448,22.565949367088606
263,1049.7632330671518,20.745253164556964,1101.120255264216,21.65886075949367,1051.1435175408863,18.262974683544304,1073.2240340373708,24.062974683544304,1054.1684261820992,15.664556962025317,1065.8838932183448,20.07892405063291
264,1049.7632330671518,32.47879746835443,1101.120255264216,23.312025316455696,1051.1435175408863,22.389240506329113,1073.2240340373708,17.304430379746837,1054.1684261820992,26.440506329113923,1065.8838932183448,24.384999999999998
265,1049.7632330671518,23.40759493670886,1101.120255264216,19.894620253164558,1051.1435175408863,19.691772151898736,1073.2240340373708,26.52626582278481,1054.1684261820992,17.41392405063291,1065.8838932183448,21.386835443037974
266,1049.7632330671518,22.786392405063292,1101.120255264216,19.599050632911393,1051.1435175408863,16.287974683544302,1073.2240340373708,23.66898734177215,1054.1684261820992,18.20474683544304,1065.8838932183448,20.109430379746833
267,1049.7632330671518,14.132278481012658,1101.120255264216,17.505696202531645,1051.1435175408863,16.520886075949367,1073.2240340373708,17.815189873417722,1054.1684261820992,14.80632911392405,1065.8838932183448,16.15607594936709
268,1049.7632330671518,17.143037974683544,1101.120255264216,22.213291139240507,1051.1435175408863,18.203481012658226,1073.2240340373708,15.774683544303798,1054.1684261820992,35.995569620253164,1065.8838932183448,21.86601265822785
269,1049.7632330671518,16.64240506329114,1101.120255264216,21.196518987341772,1051.1435175408863,17.669620253164556,1073.2240340373708,18.343670886075948,1054.1684261820992,36.07753164556962,1065.8838932183448,21.985949367088608
270,1049.7632330671518,20.06867088607595,1101.120255264216,15.164240506329113,1051.1435175408863,14.250949367088607,1073.2240340373708,13.004430379746836,1054.1684261820992,35.3496835443038,1065.8838932183448,19.56759493670886
271,1049.7632330671518,25.718354430379748,1101.120255264216,20.097784810126583,1051.1435175408863,10.745886075949366,1073.2240340373708,13.498101265822784,1054.1684261820992,24.89651898734177,1065.8838932183448,18.991329113924053
272,1049.7632330671518,26.062974683544304,1101.120255264216,15.018354430379746,1051.1435175408863,24.649683544303798,1071.1788185980454,20.954113924050635,1054.1684261820992,23.860126582278482,1065.4748501304796,22.109050632911394
273,1049.7632330671518,14.976582278481013,1101.120255264216,14.046835443037974,1051.1435175408863,17.656645569620252,1071.1788185980454,18.40854430379747,1054.1684261820992,19.937974683544304,1065.4748501304796,17.005316455696203
274,1049.7632330671518,15.517088607594937,1101.120255264216,14.669620253164556,1051.1435175408863,19.22848101265823,1071.1788185980454,24.39145569620253,1054.1684261820992,15.79620253164557,1065.4748501304796,17.92056962025317
275,1049.7632330671518,17.14272151898734,1101.120255264216,25.350949367088607,1051.1435175408863,13.446518987341772,1071.1788185980454,18.899050632911393,1054.1684261820992,15.845569620253164,1065.4748501304796,18.136962025316457
276,1049.7632330671518,18.73639240506329,1101.120255264216,12.95379746835443,1051.1435175408863,18.08481012658228,1071.1788185980454,18.013291139240508,1054.1684261820992,13.344620253164557,1065.4748501304796,16.226582278481015
277,1049.7632330671518,14.214556962025316,1101.120255264216,15.446835443037974,1051.1435175408863,22.262974683544304,1071.1788185980454,32.16360759493671,1054.1684261820992,18.751898734177214,1065.4748501304796,20.567974683544303
278,1049.7632330671518,26.025632911392407,1101.120255264216,17.64746835443038,1051.1435175408863,21.126898734177214,1071.1788185980454,22.236708860759492,1054.1684261820992,15.904113924050632,1065.4748501304796,20.588164556962024
279,1049.7632330671518,20.742088607594937,1101.120255264216,22.381645569620254,1051.1435175408863,17.35126582278481,1071.1788185980454,23.7623417721519,1054.1684261820992,13.995886075949366,1065.4748501304796,19.646645569620254
280,1049.7632330671518,16.965506329113925,1101.120255264216,12.825632911392406,1051.1435175408863,15.629113924050634,1071.1788185980454,21.159493670886075,1054.1684261820992,27.134177215189872,1065.4748501304796,18.742784810126587
281,1049.7632330671518,18.104746835443038,1101.120255264216,18.419620253164556,1051.1435175408863,22.09746835443038,1071.1788185980454,27.246835443037973,1054.1684261820992,15.113924050632912,1065.4748501304796,20.19651898734177
282,1049.7632330671518,26.710759493670885,1101.120255264216,19.199367088607595,1051.1435175408863,25.971835443037975,1071.1788185980454,13.416772151898734,1054.1684261820992,20.64841772151899,1065.4748501304796,21.189430379746835
283,1049.7632330671518,31.93259493670886,1101.120255264216,18.216772151898734,1051.1435175408863,28.683860759493673,1071.1788185980454,21.40253164556962,1054.1684261820992,20.304746835443037,1065.4748501304796,24.108101265822786
284,1049.7632330671518,16.380379746835445,1101.120255264216,23.789556962025316,1051.1435175408863,21.179113924050633,1071.1788185980454,22.294303797468356,1054.1684261820992,15.188924050632911,1065.4748501304796,19.76645569620253
285,1049.7632330671518,15.520569620253164,1101.120255264216,19.84493670886076,1051.1435175408863,16.965822784810126,1071.1788185980454,24.806645569620255,1054.1684261820992,27.449050632911394,1065.4748501304796,20.91740506329114
286,1049.7632330671518,26.867088607594937,1101.120255264216,19.14778481012658,1051.1435175408863,23.56772151898734,1071.1788185980454,17.29525316455696,1054.1684261820992,16.826582278481013,1065.4748501304796,20.740886075949366
287,1049.7632330671518,16.97879746835443,1101.120255264216,15.926582278481012,1051.1435175408863,16.425632911392405,1069.8897450360107,15.942721518987343,1054.1684261820992,21.762974683544304,1065.2170354180728,17.4073417721519
288,1049.7632330671518,27.47879746835443,1101.120255264216,16.059493670886077,1051.1435175408863,21.45632911392405,1062.7082634236688,31.92753164556962,1054.1684261820992,31.123101265822786,1063.7807390956043,25.60905063291139
289,1049.7632330671518,20.960759493670885,1101.120255264216,15.727848101265822,1051.1435175408863,21.114240506329114,1062.7082634236688,30.125316455696204,1054.1684261820992,21.95506329113924,1063.7807390956043,21.976645569620253
290,1049.7632330671518,22.45601265822785,1100.9630867175656,15.962025316455696,1051.1435175408863,20.436075949367087,1062.7082634236688,30.417088607594938,1054.1684261820992,26.30759493670886,1063.7493053862743,23.115759493670886
291,1049.7632330671518,29.50126582278481,1100.9630867175656,22.59208860759494,1051.1435175408863,12.774367088607596,1062.7082634236688,38.321518987341776,1054.1684261820992,24.1123417721519,1063.7493053862743,25.460316455696205
292,1049.7632330671518,23.806012658227846,1100.9630867175656,19.01518987341772,1051.1435175408863,9.217721518987341,1062.7082634236688,40.02088607594937,1054.1684261820992,21.864240506329114,1063.7493053862743,22.78481012658228
293,1049.7632330671518,15.59367088607595,1097.6563791234332,13.150632911392405,1051.1435175408863,18.333227848101266,1062.7082634236688,57.64778481012658,1054.1684261820992,13.154113924050632,1063.0879638674478,23.575886075949366
294,1049.7632330671518,23.78892405063291,1097.6563791234332,26.469620253164557,1051.1435175408863,22.95474683544304,1062.7082634236688,54.53164556962025,1054.1684261820992,30.55126582278481,1063.0879638674478,31.659240506329116
295,1049.7632330671518,24.686708860759495,1097.6563791234332,21.369303797468355,1051.1435175408863,19.188291139240505,1062.7082634236688,35.09240506329114,1050.7993909832396,22.29018987341772,1062.414156827676,24.52537974683544
296,1049.7632330671518,18.13860759493671,1097.6563791234332,17.616772151898733,1051.1435175408863,20.59113924050633,1062.7082634236688,18.911708860759493,1050.7993909832396,15.852848101265822,1062.414156827676,18.222215189873417
297,1049.7632330671518,24.448101265822785,1097.6563791234332,23.072151898734177,1051.1435175408863,16.074050632911394,1062.7082634236688,24.587974683544303,1050.7993909832396,22.172151898734178,1062.414156827676,22.070886075949367
298,1049.7632330671518,29.3246835443038,1097.6563791234332,19.9,1049.4713137388621,23.1126582278481,1062.7082634236688,19.100316455696202,1050.7993909832396,25.499683544303796,1062.0797160672712,23.38746835443038
299,1049.7632330671518,19.803164556962024,1097.6563791234332,18.58512658227848,1046.9601774578696,16.871518987341773,1062.7082634236688,19.633544303797468,1050.7993909832396,25.029113924050634,1061.5774888110725,19.984493670886074
300,1049.7632330671518,24.64145569620253,1097.6563791234332,25.451582278481013,1046.9601774578696,32.368354430379746,1062.7082634236688,15.274367088607596,1050.7993909832396,22.348101265822784,1061.5774888110725,24.01677215189873
301,1049.7632330671518,19.19873417721519,1097.6563791234332,19.87246835443038,1036.3386248394827,28.661708860759493,1060.6589849905206,17.941772151898736,1050.7993909832396,21.46139240506329,1059.0433226007656,21.427215189873415
302,1049.7632330671518,29.446835443037976,1097.6563791234332,14.249683544303798,1036.3386248394827,38.14746835443038,1060.6589849905206,26.374683544303796,1050.7993909832396,20.88860759493671,1059.0433226007656,25.82145569620253
303,1049.7632330671518,33.20664556962026,1097.6563791234332,23.554430379746837,1036.3386248394827,44.60189873417721,1060.6589849905206,21.96645569620253,1050.7993909832396,19.41993670886076,1059.0433226007656,28.549873417721518
304,1049.7632330671518,45.47848101265823,1097.6563791234332,15.57373417721519,1033.9675953050375,34.699367088607595,1060.6589849905206,23.008227848101267,1050.7993909832396,17.98987341772152,1058.5691166938764,27.34993670886076
305,1049.7632330671518,38.10158227848101,1097.6563791234332,21.470569620253166,1033.9675953050375,27.4,1060.6589849905206,19.34018987341772,1050.7993909832396,15.843987341772152,1058.5691166938764,24.431265822784813
306,1049.7632330671518,23.65981012658228,1097.6563791234332,17.940189873417722,1033.9675953050375,23.622784810126582,1060.6589849905206,20.671835443037974,1050.7993909832396,16.968670886075948,1058.5691166938764,20.572658227848102
307,1049.7632330671518,17.787025316455697,1097.6563791234332,16.576898734177217,1033.9675953050375,18.093987341772152,1060.6589849905206,23.43354430379747,1050.7993909832396,19.60221518987342,1058.5691166938764,19.098734177215192
308,1042.2476037224596,14.49367088607595,1097.6563791234332,18.38259493670886,1033.9675953050375,20.0126582278481,1060.6589849905206,11.300632911392405,1050.7993909832396,24.95253164556962,1057.065990824938,17.828417721518985
309,1042.2476037224596,18.37594936708861,1097.6563791234332,16.803164556962024,1033.9675953050375,21.89018987341772,1060.6589849905206,14.41993670886076,1050.7993909832396,31.948101265822785,1057.065990824938,20.68746835443038
310,1042.2476037224596,14.50632911392405,1097.6563791234332,16.44778481012658,1033.9675953050375,17.88607594936709,1060.6589849905206,16.33639240506329,1050.7993909832396,26.33639240506329,1057.065990824938,18.30259493670886
311,1042.2476037224596,15.399367088607596,1097.6563791234332,18.503164556962027,1033.9675953050375,22.78481012658228,1060.6589849905206,10.948417721518988,1050.7993909832396,23.305379746835442,1057.065990824938,18.188227848101267
312,1042.2476037224596,23.895253164556962,1097.6563791234332,20.19493670886076,1033.9675953050375,21.54113924050633,1060.6589849905206,17.11740506329114,1050.7993909832396,23.384493670886076,1057.065990824938,21.226645569620253
313,1042.2476037224596,15.940506329113925,1097.6563791234332,15.240506329113924,1033.9675953050375,18.0873417721519,1060.6589849905206,20.81867088607595,1050.7993909832396,20.001582278481013,1057.065990824938,18.01772151898734
314,1042.2476037224596,23.56772151898734,1097.6563791234332,18.741139240506328,1033.9675953050375,10.482911392405063,1060.6589849905206,23.055379746835442,1050.7993909832396,14.207911392405064,1057.065990824938,18.01101265822785
315,1042.2476037224596,19.577215189873417,1097.6563791234332,19.805379746835442,1033.5222743658976,19.19873417721519,1060.6589849905206,21.002215189873418,1050.7993909832396,20.199367088607595,1056.97692663711,19.95658227848101
316,1042.2476037224596,27.779430379746834,1097.6563791234332,21.33101265822785,1033.5222743658976,13.300316455696203,1060.6589849905206,27.440822784810127,1050.7993909832396,23.070569620253163,1056.97692663711,22.584430379746838
317,1042.2476037224596,19.56772151898734,1097.6563791234332,13.622784810126582,1033.5222743658976,18.915506329113924,1060.6589849905206,11.970569620253164,1050.2499010686658,36.30284810126582,1056.8670286541953,20.075886075949366
318,1042.2476037224596,18.62879746835443,1097.6563791234332,16.803164556962024,1033.5222743658976,23.27753164556962,1060.6589849905206,17.18227848101266,1050.2499010686658,20.431645569620255,1056.8670286541953,19.2646835443038
319,1042.2476037224596,18.503164556962027,1097.6563791234332,17.558860759493673,1033.5222743658976,12.244303797468355,1060.6589849905206,22.866455696202532,1050.2499010686658,21.230696202531647,1056.8670286541953,18.480696202531647
320,1042.2476037224596,17.575632911392404,1097.6563791234332,25.72879746835443,1033.5222743658976,16.489556962025315,1060.6589849905206,9.745886075949366,1050.2499010686658,23.444620253164558,1056.8670286541953,18.596898734177216
321,1042.2476037224596,23.393037974683544,1097.6563791234332,24.09018987341772,1033.5222743658976,16.071835443037976,1060.6589849905206,19.259810126582277,1050.2499010686658,15.818037974683545,1056.8670286541953,19.72658227848101
322,1042.2476037224596,23.213607594936708,1097.6563791234332,24.6123417721519,1033.5222743658976,19.575949367088608,1060.6589849905206,21.775949367088607,1050.2499010686658,18.132911392405063,1056.8670286541953,21.462151898734177
323,1042.2476037224596,22.662025316455697,1094.6182182019197,23.53006329113924,1033.5222743658976,18.2,1060.6589849905206,25.56645569620253,1050.2499010686658,20.30506329113924,1056.2593964698926,22.052721518987347
324,1042.2476037224596,21.88259493670886,1094.6182182019197,14.047784810126583,1033.5222743658976,18.50094936708861,1060.6589849905206,15.38892405063291,1050.2499010686658,16.138924050632912,1056.2593964698926,17.191835443037974
325,1042.2476037224596,22.98892405063291,1094.6182182019197,13.881645569620254,1032.5581692967755,20.085443037974684,1060.6589849905206,17.27879746835443,1050.2499010686658,21.565506329113923,1056.0665754560682,19.160063291139238
326,1040.446003701397,19.6376582278481,1094.6182182019197,13.297784810126583,1032.5581692967755,14.194936708860759,1060.6589849905206,19.231012658227847,1050.2499010686658,20.618037974683546,1055.7062554518557,17.395886075949367
327,1040.446003701397,24.485443037974683,1094.6182182019197,18.803164556962024,1032.5581692967755,23.250632911392405,1060.6589849905206,20.11898734177215,1050.2499010686658,24.410759493670888,1055.7062554518557,22.213797468354432
328,1040.446003701397,22.423417721518987,1094.6182182019197,22.7,1032.5581692967755,18.004113924050632,1060.6589849905206,24.526582278481012,1050.2499010686658,22.497151898734177,1055.7062554518557,22.03025316455696
329,1040.446003701397,24.877848101265823,1094.6182182019197,11.647151898734178,1032.5581692967755,16.508544303797468,1060.6589849905206,18.90506329113924,1050.2499010686658,17.994303797468355,1055.7062554518557,17.986582278481013
330,1035.6170332014142,25.325949367088608,1094.6182182019197,15.513607594936708,1032.5581692967755,18.329113924050635,1060.6589849905206,17.563291139240505,1050.2499010686658,34.80379746835443,1054.740461351859,22.307151898734176
331,1035.6170332014142,21.41518987341772,1094.6182182019197,19.754430379746836,1032.5581692967755,23.088607594936708,1060.6589849905206,15.106645569620254,1050.2499010686658,30.09525316455696,1054.740461351859,21.892025316455694
332,1035.6170332014142,21.5873417721519,1094.6182182019197,22.384177215189872,1032.5581692967755,22.612974683544305,1060.6589849905206,20.033227848101266,1050.2499010686658,34.55791139240506,1054.740461351859,24.23512658227848
333,1035.6170332014142,18.70886075949367,1094.6182182019197,16.637025316455695,1032.5581692967755,15.446835443037974,1060.6589849905206,19.225632911392406,1050.2499010686658,18.139556962025317,1054.740461351859,17.631582278481012
334,1035.6170332014142,18.09746835443038,1094.6182182019197,13.830379746835444,1032.5581692967755,21.418037974683543,1060.6589849905206,25.78607594936709,1050.2499010686658,24.127848101265823,1054.740461351859,20.651962025316458
335,1024.510531650029,21.99367088607595,1094.6182182019197,17.80221518987342,1032.5581692967755,20.58607594936709,1060.6589849905206,33.79810126582279,1050.2499010686658,23.22721518987342,1052.519161041582,23.481455696202534
336,1024.510531650029,14.825949367088608,1094.6182182019197,17.42721518987342,1032.5581692967755,18.876582278481013,1060.6589849905206,33.99651898734177,1050.2499010686658,14.710759493670887,1052.519161041582,19.967405063291142
337,1024.510531650029,20.105063291139242,1094.6182182019197,26.254113924050632,1032.5581692967755,17.860126582278482,1060.6589849905206,35.9117088607595,1050.2499010686658,21.629113924050632,1052.519161041582,24.3520253164557
338,1024.510531650029,14.60126582278481,1094.6182182019197,18.220569620253166,1032.5581692967755,20.470886075949366,1060.6589849905206,28.12879746835443,1050.2499010686658,29.22151898734177,1052.519161041582,22.128607594936707
339,1024.510531650029,16.298417721518987,1094.6182182019197,13.935443037974684,1032.5581692967755,22.16867088607595,1060.6589849905206,21.88860759493671,1050.2499010686658,21.804430379746837,1052.519161041582,19.219113924050635
340,1024.510531650029,22.06645569620253,1094.6182182019197,20.51360759493671,1032.5581692967755,14.967405063291139,1060.6589849905206,26.806012658227846,1050.2499010686658,19.633860759493672,1052.519161041582,20.79746835443038
341,1024.510531650029,22.105063291139242,1094.6182182019197,22.09493670886076,1032.5581692967755,22.306962025316455,1060.6589849905206,18.92721518987342,1050.2499010686658,10.022151898734178,1052.519161041582,19.091265822784813
342,1024.510531650029,20.86772151898734,1094.6182182019197,19.580379746835444,1032.5581692967755,15.947468354430379,1060.6589849905206,20.861708860759492,1050.2499010686658,17.379746835443036,1052.519161041582,18.92740506329114
343,1024.510531650029,10.737658227848101,1094.6182182019197,11.892721518987342,1028.5324170125339,11.763291139240506,1060.6589849905206,25.061708860759495,1050.2499010686658,19.551582278481014,1051.7140105847338,15.801392405063291
344,1024.510531650029,18.16613924050633,1094.6182182019197,17.243037974683546,1028.5324170125339,16.967721518987343,1060.6589849905206,21.666455696202533,1050.2499010686658,23.553164556962024,1051.7140105847338,19.519303797468353
345,1024.510531650029,20.182911392405064,1093.9984766165308,14.77626582278481,1028.5324170125339,14.418987341772151,1060.6589849905206,22.929746835443037,1050.2499010686658,21.204430379746835,1051.5900622676559,18.70246835443038
346,1024.510531650029,23.88227848101266,1093.9984766165308,16.603164556962025,1028.5324170125339,24.733227848101265,1060.6589849905206,17.93354430379747,1050.2499010686658,21.162025316455697,1051.5900622676559,20.862848101265826
347,1024.510531650029,20.715506329113925,1093.9984766165308,18.864556962025315,1028.5324170125339,18.177848101265823,1060.6589849905206,21.52341772151899,1050.2499010686658,21.28291139240506,1051.5900622676559,20.11284810126582
348,1024.510531650029,17.250632911392405,1093.9984766165308,17.03386075949367,1028.5324170125339,19.14018987341772,1060.6589849905206,27.30126582278481,1050.2499010686658,24.801898734177215,1051.5900622676559,21.105569620253167
349,1024.510531650029,16.154113924050634,1093.9984766165308,25.805379746835442,1028.5324170125339,12.30886075949367,1060.6589849905206,23.323101265822785,1050.2499010686658,22.30506329113924,1051.5900622676559,19.979303797468354
350,1024.510531650029,20.870886075949368,1093.9984766165308,15.87120253164557,1028.5324170125339,19.667721518987342,1058.5184837483448,19.031645569620252,1050.2499010686658,21.037974683544302,1051.161962019221,19.295886075949365
351,1024.510531650029,14.85,1093.9984766165308,18.86360759493671,1028.5324170125339,28.786708860759493,1058.5184837483448,32.78860759493671,1050.2499010686658,24.404113924050634,1051.161962019221,23.93860759493671
352,1024.510531650029,15.010126582278481,1093.9984766165308,16.574050632911394,1028.5324170125339,42.11392405063291,1058.5184837483448,16.906012658227848,1050.2499010686658,27.041772151898734,1051.161962019221,23.529177215189872
353,1024.510531650029,20.282278481012657,1093.9984766165308,14.803481012658228,1028.5324170125339,51.07025316455696,1058.5184837483448,22.770886075949367,1050.2499010686658,26.896835443037975,1051.161962019221,27.164746835443037
354,1024.510531650029,17.429113924050633,1093.9984766165308,26.283227848101266,1028.5324170125339,48.35348101265823,1058.5184837483448,22.042721518987342,1050.2499010686658,12.224367088607595,1051.161962019221,25.266582278481017
355,1024.510531650029,16.69493670886076,1093.9984766165308,12.426898734177215,1028.5324170125339,37.54525316455696,1058.5184837483448,15.759810126582279,1050.2499010686658,22.88259493670886,1051.161962019221,21.061898734177213
356,1024.510531650029,22.09525316455696,1093.9060710455435,20.53607594936709,1028.5324170125339,21.38259493670886,1058.5184837483448,23.948101265822785,1050.2499010686658,17.937974683544304,1051.1434809050236,21.18
357,1024.510531650029,18.790506329113924,1093.9060710455435,15.216455696202532,1028.5324170125339,12.609810126582278,1058.5184837483448,22.5503164556962,1050.2499010686658,13.085759493670887,1051.1434809050236,16.450569620253166
358,1024.510531650029,20.75253164556962,1093.9060710455435,10.086708860759494,1028.5324170125339,13.616455696202532,1058.5184837483448,23.779430379746834,1050.2499010686658,15.5373417721519,1051.1434809050236,16.754493670886074
359,1024.510531650029,20.665506329113924,1091.656839420968,16.088291139240507,1028.5324170125339,12.107911392405063,1058.4165946252544,12.309177215189873,1050.2499010686658,14.2873417721519,1050.6732567554902,15.091645569620255
360,1024.510531650029,13.84620253164557,1072.3274469230703,17.370886075949368,1027.3759542512073,22.752215189873418,1058.4165946252544,15.671835443037974,1050.2499010686658,26.111708860759492,1046.5760857036453,19.150569620253165
361,1024.510531650029,17.02373417721519,1072.3274469230703,21.787341772151898,1027.3759542512073,18.02278481012658,1058.4165946252544,21.452215189873417,1050.2499010686658,18.98639240506329,1046.5760857036453,19.454493670886073
362,1024.510531650029,21.49746835443038,1072.3274469230703,19.73259493670886,1027.3759542512073,14.29367088607595,1058.4165946252544,22.472784810126583,1050.2499010686658,13.461075949367089,1046.5760857036453,18.29151898734177
363,1024.510531650029,18.311075949367087,1072.3274469230703,15.178481012658228,1027.3759542512073,19.21107594936709,1058.4165946252544,21.85886075949367,1050.2499010686658,13.117088607594937,1046.5760857036453,17.5353164556962
364,1024.510531650029,25.913291139240506,1072.3274469230703,20.525632911392407,1027.3759542512073,29.755696202531645,1058.4165946252544,13.856012658227849,1050.2499010686658,20.878164556962027,1046.5760857036453,22.18575949367089
365,1024.510531650029,31.019620253164558,1072.3274469230703,20.229430379746834,1027.3759542512073,18.869303797468355,1058.4165946252544,14.471835443037975,1050.2499010686658,19.22658227848101,1046.5760857036453,20.763354430379746
366,1024.510531650029,35.91898734177215,1072.3274469230703,23.504113924050632,1027.3759542512073,23.433860759493673,1058.4165946252544,21.636708860759494,1050.2499010686658,20.315506329113923,1046.5760857036453,24.961835443037973
367,1024.510531650029,31.963291139240507,1072.3274469230703,18.674050632911392,1027.3759542512073,22.978164556962025,1058.4165946252544,15.858860759493671,1050.2499010686658,21.77373417721519,1046.5760857036453,22.249620253164558
368,1024.510531650029,33.02183544303797,1072.3274469230703,12.880379746835443,1027.3759542512073,21.9873417721519,1058.4165946252544,21.018037974683544,1050.2499010686658,21.30854430379747,1046.5760857036453,22.04322784810127
369,1024.510531650029,28.92246835443038,1072.3274469230703,18.7376582278481,1027.3759542512073,23.392088607594935,1058.4165946252544,16.82879746835443,1050.2499010686658,24.5626582278481,1046.5760857036453,22.488734177215186
370,1024.510531650029,18.178164556962024,1070.8643096682388,21.12753164556962,1027.3759542512073,22.430379746835442,1058.4165946252544,19.24746835443038,1050.2499010686658,19.27974683544304,1046.2834582526789,20.0526582278481
371,1024.510531650029,15.798101265822785,1070.8643096682388,16.35348101265823,1027.3759542512073,17.107911392405065,1058.4165946252544,18.669620253164556,1050.2499010686658,17.804430379746837,1046.2834582526789,17.146708860759496
372,1024.510531650029,27.168354430379747,1070.8643096682388,12.844303797468354,1027.3759542512073,20.093037974683543,1058.4165946252544,25.849683544303797,1050.2499010686658,23.20126582278481,1046.2834582526789,21.83132911392405
373,1024.510531650029,17.293037974683543,1070.8643096682388,19.256962025316454,1027.3759542512073,16.08987341772152,1058.4165946252544,24.739240506329114,1050.2499010686658,16.10379746835443,1046.2834582526789,18.69658227848101
374,1024.510531650029,19.058227848101264,1070.8643096682388,26.997784810126582,1027.3759542512073,18.924367088607596,1058.4165946252544,15.994620253164557,1050.2499010686658,23.149367088607594,1046.2834582526789,20.824873417721516
375,1024.510531650029,29.720569620253166,1070.8643096682388,17.596835443037975,1027.3759542512073,18.732911392405065,1058.4165946252544,17.292088607594938,1048.7505618697242,17.178481012658228,1045.9835904128906,20.10417721518987
376,1024.510531650029,23.208227848101266,1070.8643096682388,24.40886075949367,1027.3759542512073,24.087658227848102,1058.4165946252544,15.849367088607595,1048.7505618697242,18.55727848101266,1045.9835904128906,21.22227848101266
377,1024.510531650029,14.666139240506329,1070.8643096682388,13.45632911392405,1027.3759542512073,29.804113924050633,1058.4165946252544,28.00601265822785,1048.7505618697242,22.687025316455696,1045.9835904128906,21.72392405063291
378,1024.510531650029,25.451898734177217,1055.7687329619794,22.04493670886076,1027.3759542512073,22.994620253164555,1058.4165946252544,12.440189873417722,1048.7505618697242,20.36993670886076,1042.9644750716388,20.660316455696204
379,1024.510531650029,22.958227848101266,1055.7687329619794,15.047784810126583,1027.3759542512073,24.10348101265823,1058.4165946252544,22.10632911392405,1048.7505618697242,18.46139240506329,1042.9644750716388,20.535443037974684
380,1024.510531650029,25.250316455696204,1055.7687329619794,21.435126582278482,1027.3759542512073,18.99493670886076,1052.3318469166945,20.103164556962025,1048.7505618697242,17.221835443037975,1041.7475255299269,20.60107594936709
381,1024.510531650029,23.730379746835442,1055.7687329619794,13.08512658227848,1027.3759542512073,14.926582278481012,1052.3318469166945,21.515506329113926,1048.7505618697242,15.440506329113925,1041.7475255299269,17.73962025316456
382,1024.510531650029,14.822468354430379,1055.7687329619794,22.8876582278481,1027.3759542512073,21.266772151898735,1052.3318469166945,18.906329113924052,1048.7505618697242,13.12373417721519,1041.7475255299269,18.20139240506329
383,1024.510531650029,12.66139240506329,1055.7687329619794,18.31772151898734,1027.3759542512073,15.034493670886077,1052.3318469166945,13.097784810126582,1034.1592528774995,17.170569620253165,1038.829263731482,15.256392405063291
384,1024.510531650029,18.70886075949367,1055.7687329619794,17.806962025316455,1027.3759542512073,16.906962025316457,1052.3318469166945,21.506645569620254,1034.1592528774995,15.447151898734177,1038.829263731482,18.075316455696203
385,1024.510531650029,23.620253164556964,1055.7687329619794,14.336708860759494,1027.3759542512073,21.69145569620253,1052.3318469166945,15.420569620253165,1034.1592528774995,26.18227848101266,1038.829263731482,20.250253164556963
386,1024.510531650029,27.27784810126582,1055.7687329619794,20.172784810126583,1027.3759542512073,21.909177215189874,1052.3318469166945,22.471835443037975,1034.1592528774995,25.872784810126582,1038.829263731482,23.540886075949366
387,1024.510531650029,21.14620253164557,1055.7687329619794,22.969303797468353,1027.3759542512073,15.332911392405064,1052.3318469166945,13.977215189873418,1034.1592528774995,23.13101265822785,1038.829263731482,19.311329113924053
388,1024.510531650029,20.435759493670886,1055.7687329619794,19.281962025316457,1027.3759542512073,16.42246835443038,1052.3318469166945,26.650316455696203,1034.1592528774995,15.749050632911393,1038.829263731482,19.707911392405062
389,1024.510531650029,30.45886075949367,1055.7687329619794,27.994303797468355,1027.3759542512073,25.754746835443036,1052.3318469166945,10.838924050632912,1034.1592528774995,16.874683544303796,1038.829263731482,22.384303797468355
390,1024.510531650029,35.59208860759494,1055.7687329619794,20.48259493670886,1027.3759542512073,18.677848101265823,1052.3318469166945,18.204113924050635,1030.187778484457,17.524367088607594,1038.0349688528736,22.096202531645567
391,1024.510531650029,18.889556962025317,1055.7687329619794,19.34651898734177,1027.3759542512073,17.94272151898734,1052.3318469166945,17.484177215189874,1030.187778484457,31.842721518987343,1038.0349688528736,21.10113924050633
392,1024.510531650029,16.715506329113925,1055.7687329619794,22.118354430379746,1027.3759542512073,28.30632911392405,1052.3318469166945,12.78639240506329,1030.187778484457,22.96613924050633,1038.0349688528736,20.578544303797468
393,1024.510531650029,23.63006329113924,1055.7687329619794,21.96518987341772,1027.1674285088668,10.98512658227848,1052.3318469166945,17.250632911392405,1030.187778484457,26.11898734177215,1037.9932637044053,19.990000000000002
394,1024.510531650029,17.562974683544304,1055.7687329619794,21.384810126582277,1027.1674285088668,18.138291139240508,1052.3318469166945,17.469303797468353,1030.187778484457,18.668354430379747,1037.9932637044053,18.644746835443037
395,1024.510531650029,19.271835443037975,1055.7687329619794,19.01518987341772,1027.1674285088668,21.196835443037976,1052.3318469166945,20.56360759493671,1030.187778484457,15.186708860759493,1037.9932637044053,19.046835443037974
396,1024.510531650029,14.065189873417722,1055.7687329619794,15.429746835443037,1027.1674285088668,23.104746835443038,1052.3318469166945,19.52246835443038,1030.187778484457,19.620253164556964,1037.9932637044053,18.348481012658233
397,1024.510531650029,18.48132911392405,1055.7687329619794,23.47373417721519,1027.1674285088668,21.22373417721519,1052.3318469166945,13.310126582278482,1030.187778484457,28.620886075949368,1037.9932637044053,21.02196202531646
398,1024.510531650029,14.668987341772151,1055.7687329619794,15.424367088607594,1027.1674285088668,16.995886075949368,1052.3318469166945,19.703481012658226,1030.187778484457,11.99746835443038,1037.9932637044053,15.758037974683546
399,1024.510531650029,27.294303797468356,1055.7687329619794,24.16107594936709,1027.1674285088668,17.154430379746834,1052.3318469166945,17.624367088607595,1030.187778484457,25.410759493670888,1037.9932637044053,22.328987341772155
400,1024.510531650029,19.23987341772152,1055.7687329619794,18.644936708860758,1027.1674285088668,14.975632911392404,1052.3318469166945,21.19145569620253,1030.187778484457,22.811075949367087,1037.9932637044053,19.37259493670886
401,1024.510531650029,21.05506329113924,1055.7687329619794,22.620886075949368,1023.1034365098428,27.448101265822785,1052.3318469166945,19.62879746835443,1030.187778484457,17.49873417721519,1037.1804653046006,21.650316455696203
402,1024.510531650029,28.75506329113924,1055.7687329619794,19.068037974683545,1023.1034365098428,19.65,1052.3318469166945,23.03386075949367,1030.187778484457,19.10886075949367,1037.1804653046006,21.923164556962025
403,1024.510531650029,23.21487341772152,1055.7687329619794,28.043354430379747,1023.1034365098428,18.893037974683544,1052.3318469166945,18.388924050632912,1030.187778484457,21.19367088607595,1037.1804653046006,21.946772151898735
404,1024.510531650029,14.422784810126583,1055.7687329619794,20.90886075949367,1023.1034365098428,17.840822784810126,1052.3318469166945,25.01835443037975,1030.187778484457,20.457278481012658,1037.1804653046006,19.72962025316456
405,1024.510531650029,21.086708860759494,1055.7687329619794,21.718037974683543,1023.1034365098428,14.833544303797469,1052.3318469166945,16.106962025316456,1030.187778484457,14.486708860759494,1037.1804653046006,17.646392405063292
406,1024.510531650029,19.09715189873418,1055.7687329619794,24.836708860759494,1023.1034365098428,23.48639240506329,1052.3318469166945,26.816139240506327,1030.187778484457,27.727848101265824,1037.1804653046006,24.39284810126582
407,1024.510531650029,17.692088607594936,1055.7687329619794,20.612974683544305,1023.1034365098428,19.027215189873417,1052.3318469166945,19.566772151898736,1030.187778484457,26.1123417721519,1037.1804653046006,20.60227848101266
408,1024.510531650029,29.54620253164557,1055.7687329619794,22.80854430379747,1023.1034365098428,20.50759493670886,1052.3318469166945,22.381645569620254,1030.187778484457,34.03322784810127,1037.1804653046006,25.85544303797468
409,1024.510531650029,27.436708860759495,1055.7687329619794,29.866455696202532,1023.1034365098428,26.121835443037973,1052.3318469166945,22.371835443037973,1027.4439251971276,24.45474683544304,1036.6316946471347,26.05031645569621
410,1024.510531650029,11.85854430379747,1055.7687329619794,16.347784810126583,1023.1034365098428,25.445569620253163,1052.3318469166945,21.712658227848102,1027.4439251971276,22.555696202531646,1036.6316946471347,19.584050632911392
411,1020.4407744634534,14.687974683544304,1055.7687329619794,13.718037974683543,1022.4106961143052,18.3,1052.3318469166945,25.870253164556964,1026.2325542345582,12.662025316455697,1035.436920938198,17.047658227848103
412,1020.4407744634534,18.257911392405063,1055.7687329619794,16.28987341772152,1022.4106961143052,18.931962025316455,1052.3318469166945,26.31772151898734,1026.2325542345582,17.99493670886076,1035.436920938198,19.558481012658227
413,1020.4407744634534,28.110443037974683,1055.7687329619794,16.707278481012658,1022.4106961143052,22.648101265822785,1052.3318469166945,38.189240506329114,1026.2325542345582,27.226898734177215,1035.436920938198,26.57639240506329
414,1020.4407744634534,19.08386075949367,1055.7687329619794,17.235759493670887,1022.4106961143052,14.653164556962025,1052.3318469166945,31.185126582278482,1026.2325542345582,23.549367088607596,1035.436920938198,21.141455696202534
415,1020.4407744634534,27.765822784810126,1055.7687329619794,18.724050632911393,1022.4106961143052,22.65506329113924,1052.3318469166945,32.664556962025316,1026.2325542345582,21.254113924050632,1035.436920938198,24.61272151898734
416,1020.4407744634534,25.03481012658228,1055.7687329619794,19.75126582278481,1022.4106961143052,24.168037974683543,1052.3318469166945,19.381962025316454,1026.2325542345582,21.29367088607595,1035.436920938198,21.925949367088606
417,1020.4407744634534,16.48892405063291,1055.7687329619794,21.931962025316455,1022.4106961143052,15.093987341772152,1052.3318469166945,21.00379746835443,1026.2325542345582,22.593987341772152,1035.436920938198,19.42253164556962
418,1020.4407744634534,15.446518987341772,1055.7687329619794,19.12405063291139,1022.4106961143052,14.38006329113924,1052.3318469166945,25.396835443037975,1026.2325542345582,13.156012658227848,1035.436920938198,17.500696202531646
419,1018.9838802619865,23.742088607594937,1055.7687329619794,25.50601265822785,1019.7303040910981,14.707911392405064,1052.3318469166945,23.2876582278481,1026.2325542345582,20.342721518987343,1034.6094636932633,21.51727848101266
420,1018.9838802619865,19.27626582278481,1055.7687329619794,12.618354430379746,1019.7303040910981,24.943354430379745,1052.3318469166945,24.959493670886076,1026.2325542345582,19.587025316455698,1034.6094636932633,20.276898734177216
421,1018.9838802619865,21.879113924050632,1055.7687329619794,16.558227848101264,1019.7303040910981,19.71107594936709,1052.3318469166945,23.366772151898733,1026.2325542345582,16.26518987341772,1034.6094636932633,19.556075949367088
422,1018.9838802619865,20.53006329113924,1055.7687329619794,25.220569620253166,1011.0391428068501,19.888291139240508,1052.3318469166945,17.539240506329115,1026.2325542345582,17.954113924050635,1032.8712314364136,20.22645569620253
423,1018.9838802619865,20.84208860759494,1055.7687329619794,15.594303797468354,1011.0391428068501,21.120253164556964,1052.3318469166945,20.371518987341773,1026.2325542345582,30.503164556962027,1032.8712314364136,21.68626582278481
424,1018.9838802619865,19.547151898734178,1055.7687329619794,19.49746835443038,1011.0391428068501,25.855063291139242,1052.3318469166945,19.18132911392405,1026.2325542345582,15.864873417721519,1032.8712314364136,19.989177215189876
425,1018.9838802619865,25.4126582278481,1055.7687329619794,24.239240506329114,1011.0391428068501,27.702848101265822,1052.3318469166945,19.373417721518987,1026.2325542345582,28.375632911392405,1032.8712314364136,25.020759493670887
426,1018.9838802619865,19.779113924050634,1055.7687329619794,14.050949367088608,1011.0391428068501,23.31645569620253,1052.3318469166945,13.262974683544304,1026.2325542345582,17.74493670886076,1032.8712314364136,17.63088607594937
427,1018.9838802619865,13.60126582278481,1055.7687329619794,26.208227848101266,1010.6570054696831,23.888291139240508,1052.3318469166945,19.047151898734178,1026.2325542345582,23.59620253164557,1032.7948039689804,21.26822784810127
428,1018.9838802619865,15.92120253164557,1055.7687329619794,28.280696202531647,1006.594694129926,17.187025316455696,1052.3318469166945,11.879113924050634,1026.2325542345582,17.257911392405063,1031.9823417010289,18.10518987341772
429,1018.9838802619865,18.95601265822785,1055.7687329619794,17.07753164556962,1006.594694129926,16.328481012658226,1052.3318469166945,24.97373417721519,1026.2325542345582,23.305379746835442,1031.9823417010289,20.128227848101268
430,1018.9838802619865,12.004746835443038,1055.7687329619794,19.894303797468353,1006.594694129926,19.774683544303798,1052.3318469166945,20.06993670886076,1026.2325542345582,27.274683544303798,1031.9823417010289,19.80367088607595
431,1018.9838802619865,23.213607594936708,1055.7687329619794,22.021835443037975,1006.594694129926,21.214240506329112,1052.3318469166945,18.75253164556962,1026.2325542345582,22.794620253164556,1031.9823417010289,21.599367088607593
432,1018.9838802619865,17.069303797468354,1055.7687329619794,21.20632911392405,1006.594694129926,14.450949367088608,1052.3318469166945,22.178797468354432,1026.2325542345582,27.020886075949367,1031.9823417010289,20.385253164556964
433,1018.9838802619865,17.868037974683546,1055.7687329619794,17.82879746835443,1003.2329349799013,21.748417721518987,1052.3318469166945,20.73227848101266,1026.2325542345582,20.99620253164557,1031.3099898710238,19.834746835443035
434,1018.9838802619865,20.455379746835444,1055.7687329619794,17.505696202531645,1003.2329349799013,11.927848101265823,1050.4184075862768,24.859177215189874,1026.2325542345582,22.924683544303797,1030.9273020049404,19.534556962025317
435,1018.9838802619865,24.995569620253164,1055.7687329619794,19.299683544303797,1003.2329349799013,19.350632911392406,1050.4184075862768,18.09208860759494,1026.2325542345582,15.342405063291139,1030.9273020049404,19.41607594936709
436,1018.9838802619865,21.258860759493672,1055.7687329619794,19.62373417721519,1003.2329349799013,18.091772151898734,1050.4184075862768,20.21139240506329,1026.2325542345582,24.855379746835442,1030.9273020049404,20.808227848101264
437,1018.9838802619865,18.121835443037973,1055.7687329619794,21.643987341772153,1003.2329349799013,25.85664556962025,1050.4184075862768,15.339240506329114,1026.2325542345582,21.02848101265823,1030.9273020049404,20.398037974683547
438,1018.9838802619865,13.924367088607594,1055.7687329619794,15.658227848101266,1003.2329349799013,16.355379746835442,1050.4184075862768,20.51360759493671,1026.2325542345582,24.354113924050633,1030.9273020049404,18.161139240506326
439,1018.9838802619865,17.98132911392405,1055.7687329619794,16.434810126582278,1003.2329349799013,21.241455696202532,1050.4184075862768,27.007911392405063,1026.2325542345582,15.182911392405064,1030.9273020049404,19.569683544303796
440,1018.9838802619865,14.930379746835444,1055.7687329619794,23.156962025316457,1003.2329349799013,18.082911392405062,1047.5219132938103,18.943037974683545,1026.2325542345582,16.62246835443038,1030.3480031464471,18.34715189873418
441,1018.9838802619865,26.66360759493671,1055.7687329619794,17.966772151898734,1003.2329349799013,18.620253164556964,1047.5219132938103,29.84715189873418,1026.2325542345582,21.04113924050633,1030.3480031464471,22.82778481012658
442,1018.9838802619865,26.604430379746834,1055.7687329619794,16.289240506329115,1003.2329349799013,24.739556962025315,1047.5219132938103,18.98639240506329,1026.2325542345582,21.731962025316456,1030.3480031464471,21.670316455696202
443,1018.9838802619865,15.425632911392405,1055.7687329619794,21.880379746835445,1003.2329349799013,21.553481012658228,1047.5219132938103,22.855063291139242,1026.2325542345582,21.70632911392405,1030.3480031464471,20.684177215189873
444,1018.9838802619865,18.064240506329114,1055.7687329619794,22.926582278481014,1003.2329349799013,19.37373417721519,1047.5219132938103,23.9496835443038,1026.2325542345582,21.038291139240506,1030.3480031464471,21.070506329113925
445,1018.9838802619865,17.748417721518987,1055.7687329619794,20.02879746835443,1003.2329349799013,16.995886075949368,1047.5219132938103,15.839556962025316,1026.2325542345582,26.160759493670888,1030.3480031464471,19.3546835443038
446,1018.9838802619865,20.971835443037975,1055.7687329619794,16.628164556962027,1003.2329349799013,15.30886075949367,1047.5219132938103,33.15094936708861,1026.2325542345582,20.014240506329113,1030.3480031464471,21.21481012658228
447,1018.9838802619865,25.8246835443038,1055.7687329619794,18.334493670886076,1003.2329349799013,23.197151898734177,1047.5219132938103,16.889240506329113,1026.2325542345582,25.480063291139242,1030.3480031464471,21.945126582278483
448,1018.9838802619865,25.013924050632912,1055.7687329619794,29.24746835443038,1003.2329349799013,19.633227848101267,1047.5219132938103,15.269303797468355,1026.2325542345582,18.905696202531647,1030.3480031464471,21.61392405063291
449,1018.9838802619865,21.23354430379747,1055.7687329619794,14.431012658227848,1003.2329349799013,17.520253164556962,1047.5219132938103,20.953164556962026,1026.2325542345582,15.85506329113924,1030.3480031464471,17.998607594936708
450,1018.9838802619865,19.74367088607595,1055.7687329619794,20.076582278481013,1003.2329349799013,17.581962025316457,1047.5219132938103,29.204113924050635,1026.2325542345582,18.753481012658227,1030.3480031464471,21.071962025316456
451,1018.9838802619865,19.28607594936709,1055.7687329619794,19.718037974683543,1003.2329349799013,11.230696202531645,1047.5219132938103,21.029113924050634,1026.2325542345582,21.66993670886076,1030.3480031464471,18.586772151898735
452,1018.9838802619865,18.085443037974684,1054.8881636083365,24.099683544303797,1003.2329349799013,18.679746835443037,1047.5219132938103,20.558860759493673,1026.2325542345582,22.89778481012658,1030.1718892757185,20.864303797468356
453,1018.9838802619865,25.829430379746835,1054.8881636083365,23.244620253164555,1003.2329349799013,21.19272151898734,1047.5219132938103,21.994620253164555,1026.2325542345582,20.417088607594938,1030.1718892757185,22.535696202531646
454,1018.9838802619865,18.05727848101266,1054.8881636083365,18.463291139240507,1003.2329349799013,18.814873417721518,1047.5219132938103,24.199050632911394,1026.2325542345582,17.245569620253164,1030.1718892757185,19.356012658227847
455,1018.9838802619865,21.181645569620255,1054.8881636083365,18.03512658227848,1003.2329349799013,14.542088607594936,1047.5219132938103,20.659493670886075,1026.2325542345582,18.65379746835443,1030.1718892757185,18.614430379746835
456,1018.9838802619865,23.76360759493671,1054.8881636083365,27.764240506329113,1003.2329349799013,24.280379746835443,1047.5219132938103,25.10348101265823,1026.2325542345582,21.48860759493671,1030.1718892757185,24.48006329113924
457,1018.9838802619865,18.618354430379746,1054.8881636083365,21.82373417721519,1003.2329349799013,22.722784810126583,1047.5219132938103,26.925632911392405,1026.2325542345582,24.30221518987342,1030.1718892757185,22.878544303797472
458,1018.9838802619865,25.6376582278481,1054.8881636083365,13.824367088607595,1003.2329349799013,19.579113924050635,1047.5219132938103,28.754113924050632,1026.2325542345582,20.882911392405063,1030.1718892757185,21.735632911392404
459,1018.9838802619865,14.792088607594936,1054.8881636083365,16.193987341772154,1003.2329349799013,18.844620253164557,1047.5219132938103,16.33481012658228,1026.2325542345582,12.731962025316456,1030.1718892757185,15.779493670886074
460,1018.9838802619865,18.946518987341772,1054.8881636083365,24.331962025316457,1003.2329349799013,23.53291139240506,1047.5219132938103,22.614556962025315,1026.2325542345582,19.419303797468356,1030.1718892757185,21.769050632911394
461,1018.9838802619865,17.55727848101266,1054.8881636083365,20.997784810126582,1003.2329349799013,19.08386075949367,1047.5219132938103,29.592721518987343,1026.2325542345582,14.379113924050634,1030.1718892757185,20.322151898734177
462,1018.9838802619865,13.432278481012657,1054.8881636083365,13.002848101265823,1003.2329349799013,22.343037974683543,1047.5219132938103,18.371835443037973,1026.2325542345582,12.139556962025317,1030.1718892757185,15.857911392405066
463,1018.9838802619865,23.564240506329114,1054.8881636083365,19.684177215189873,1003.2329349799013,20.784493670886075,1047.5219132938103,25.26360759493671,1026.2325542345582,22.254430379746836,1030.1718892757185,22.310189873417723
464,1018.9838802619865,19.671518987341774,1054.8881636083365,13.042088607594936,1003.2329349799013,19.555696202531646,1047.5219132938103,19.113291139240506,1026.2325542345582,18.08481012658228,1030.1718892757185,17.893481012658228
465,1010.9220686400786,17.629430379746836,1054.8881636083365,18.86392405063291,1003.2329349799013,17.662974683544302,1047.5219132938103,23.1373417721519,1026.2325542345582,17.27753164556962,1028.559526951337,18.914240506329115
466,1010.9220686400786,22.393037974683544,1054.8881636083365,21.056645569620255,1003.2329349799013,10.958227848101266,1047.5219132938103,19.668354430379747,1026.2325542345582,18.04525316455696,1028.559526951337,18.424303797468355
467,1010.9220686400786,26.47753164556962,1054.8881636083365,19.195886075949367,1003.2329349799013,14.7,1047.5219132938103,20.888924050632912,1026.2325542345582,21.651582278481012,1028.559526951337,20.582784810126583
468,1010.9220686400786,24.423101265822783,1054.8881636083365,24.37405063291139,1003.2329349799013,20.14841772151899,1047.5219132938103,21.1123417721519,1026.2325542345582,14.35,1028.559526951337,20.881582278481012
469,1010.9220686400786,22.723417721518988,1054.8881636083365,19.184810126582278,1003.2329349799013,21.900949367088607,1047.5219132938103,21.6876582278481,1026.2325542345582,22.020253164556962,1028.559526951337,21.503417721518986
470,1010.9220686400786,21.950632911392404,1054.8881636083365,19.041455696202533,1003.2329349799013,14.847151898734177,1047.5219132938103,18.399367088607594,1026.2325542345582,13.593037974683543,1028.559526951337,17.56632911392405
471,1010.9220686400786,16.643037974683544,1054.8881636083365,15.729113924050633,997.6197482509815,24.41613924050633,1047.5219132938103,29.68259493670886,1026.2325542345582,17.382911392405063,1027.436889605553,20.770759493670884
472,1010.9220686400786,11.658544303797468,1054.8881636083365,22.952848101265822,997.6197482509815,17.394303797468353,1047.5219132938103,18.59715189873418,1026.2325542345582,23.23481012658228,1027.436889605553,18.76753164556962
473,1010.9220686400786,21.556962025316455,1054.8881636083365,20.360443037974683,997.6197482509815,13.813291139240507,1047.5219132938103,24.157278481012657,1026.2325542345582,19.775,1027.436889605553,19.93259493670886
474,1010.9220686400786,16.35886075949367,1054.8881636083365,19.96487341772152,997.6197482509815,20.125,1047.5219132938103,20.650316455696203,1026.2325542345582,16.26107594936709,1027.436889605553,18.672025316455695
475,1010.9220686400786,20.106012658227847,1054.8881636083365,11.910443037974684,997.6197482509815,12.377848101265823,1047.5219132938103,24.707594936708862,1026.2325542345582,14.831012658227849,1027.436889605553,16.786582278481013
476,1010.9220686400786,26.16487341772152,1054.8881636083365,22.12626582278481,997.6197482509815,18.911708860759493,1047.5219132938103,21.590822784810126,1026.2325542345582,19.872151898734177,1027.436889605553,21.733164556962024
477,1010.9220686400786,19.86487341772152,1054.8881636083365,18.97373417721519,997.6197482509815,15.768670886075949,1047.5219132938103,23.536392405063292,1026.2325542345582,29.123417721518987,1027.436889605553,21.45341772151899
478,1010.9220686400786,23.647151898734176,1054.8881636083365,19.104746835443038,997.6197482509815,17.555379746835442,1047.5219132938103,29.793354430379747,1026.2325542345582,17.625632911392405,1027.436889605553,21.54525316455696
479,1010.9220686400786,17.081962025316457,1054.8881636083365,22.133227848101267,997.6197482509815,24.83386075949367,1047.5219132938103,29.58892405063291,1026.2325542345582,21.31360759493671,1027.436889605553,22.990316455696206
480,1010.9220686400786,23.191139240506327,1054.8881636083365,16.485443037974683,997.6197482509815,16.518987341772153,1047.5219132938103,20.637974683544304,1026.2325542345582,19.949367088607595,1027.436889605553,19.35658227848101
481,1010.9220686400786,19.86772151898734,1054.8881636083365,14.85253164556962,997.6197482509815,25.124683544303796,1047.5219132938103,15.47753164556962,1026.2325542345582,28.031962025316457,1027.436889605553,20.67088607594937
482,1010.9220686400786,17.850949367088607,1054.8881636083365,20.269620253164558,997.6197482509815,20.518987341772153,1047.5219132938103,22.630696202531645,1026.2325542345582,19.263924050632912,1027.436889605553,20.106835443037973
483,1010.9220686400786,16.810443037974682,1054.8881636083365,19.961708860759494,997.6197482509815,25.121518987341773,1047.5219132938103,24.26867088607595,1020.581303185609,19.09493670886076,1026.306639395763,21.05145569620253
484,1010.9220686400786,27.929113924050633,1054.8881636083365,17.743354430379746,997.6197482509815,24.46012658227848,1047.5219132938103,24.09620253164557,1020.581303185609,16.761708860759494,1026.306639395763,22.198101265822785
485,1010.9220686400786,22.578481012658226,1054.8881636083365,15.41487341772152,997.6197482509815,18.77848101265823,1047.5219132938103,27.819303797468354,1020.581303185609,19.466772151898734,1026.306639395763,20.811582278481012
486,1010.9220686400786,14.888607594936708,1054.8881636083365,23.059177215189873,997.6197482509815,19.816139240506327,1047.5219132938103,14.594936708860759,1020.581303185609,20.21518987341772,1026.306639395763,18.51481012658228
487,1010.9220686400786,19.84145569620253,1054.8881636083365,15.157594936708861,997.6197482509815,18.004430379746836,1047.5219132938103,21.65506329113924,1020.581303185609,19.344303797468353,1026.306639395763,18.800569620253164
488,1010.9220686400786,23.359493670886074,1054.8881636083365,24.262025316455695,997.6197482509815,23.699367088607595,1047.5219132938103,14.974050632911393,1020.581303185609,25.92025316455696,1026.306639395763,22.443037974683545
489,1010.9220686400786,20.001582278481013,1054.8881636083365,25.31645569620253,997.6197482509815,12.36012658227848,1047.5219132938103,18.41012658227848,1020.581303185609,31.850316455696202,1026.306639395763,21.587721518987344
490,1010.9220686400786,20.74367088607595,1054.8881636083365,21.245569620253164,997.6197482509815,11.72373417721519,1047.5219132938103,24.56867088607595,1020.581303185609,27.748101265822786,1026.306639395763,21.205949367088607
491,1010.9220686400786,25.71645569620253,1054.8881636083365,27.068987341772154,997.6197482509815,30.064873417721518,1047.5219132938103,22.95,1020.581303185609,24.744303797468355,1026.306639395763,26.108924050632915
492,1010.9220686400786,27.71993670886076,1054.8881636083365,26.084493670886076,997.6197482509815,21.89272151898734,1047.5219132938103,22.007911392405063,1020.581303185609,21.952848101265822,1026.306639395763,23.93158227848101
493,1010.9220686400786,25.008544303797468,1054.8881636083365,15.580696202531646,997.6197482509815,18.88512658227848,1045.3329219590864,20.839556962025316,1020.581303185609,12.61993670886076,1025.8688411288183,18.586772151898735
494,1010.9220686400786,21.51613924050633,1054.8881636083365,18.680379746835442,997.6197482509815,16.361708860759492,1045.3329219590864,21.264556962025317,1020.581303185609,25.644303797468353,1025.8688411288183,20.69341772151899
495,1010.9220686400786,27.95474683544304,1054.8881636083365,15.229113924050633,997.6197482509815,19.313924050632913,1045.3329219590864,21.702215189873417,1017.9823713287432,27.95126582278481,1025.3490547574452,22.430253164556962
496,1010.9220686400786,22.142088607594935,1054.8881636083365,13.737341772151899,997.6197482509815,13.974050632911393,1045.3329219590864,12.436708860759493,1017.9823713287432,22.354746835443038,1025.3490547574452,16.928987341772153
497,1010.9220686400786,25.640822784810126,1054.8881636083365,20.065189873417722,995.4004462336814,13.479746835443038,1045.3329219590864,27.241139240506328,1017.9823713287432,20.838607594936708,1024.905194353985,21.453101265822784
498,1010.9220686400786,24.73639240506329,1054.8881636083365,29.450632911392404,995.4004462336814,15.585443037974683,1045.3329219590864,21.364240506329114,1017.9823713287432,32.11139240506329,1024.905194353985,24.649620253164557
499,1010.9220686400786,19.784177215189874,1054.8881636083365,22.755696202531645,995.4004462336814,21.5,1045.3329219590864,17.86898734177215,1015.3586213112984,26.28860759493671,1024.3804443504962,21.639493670886075
500,1010.9220686400786,17.103164556962025,1054.8881636083365,22.39240506329114,995.4004462336814,19.668354430379747,1045.3329219590864,13.319936708860759,1015.3586213112984,21.02974683544304,1024.3804443504962,18.70272151898734
