generation,fitness_run_1,diversity_run_1,fitness_run_2,diversity_run_2,fitness_run_3,diversity_run_3,fitness_run_4,diversity_run_4,fitness_run_5,diversity_run_5,fitness_average,diversity_average
1,3196.705026617498,19.764428709550245,3204.7816023558853,19.79810610527348,3201.040939843677,19.871317078129895,3248.4277381401466,19.794565142203783,3261.809479640642,19.84954034982135,3222.55295731957,19.81559147699575
2,3196.705026617498,19.457989916453805,3169.3994296350534,19.659347495716474,3177.08791545988,19.699178779327056,3183.5637574983325,19.557169073837752,3200.991349665388,19.59971422645214,3185.5494957752303,19.594679898357445
3,3028.1194118375915,19.217509259863654,3169.3994296350534,19.34538931157688,3109.500044238017,19.41262056950638,3183.5637574983325,19.332946987510507,3190.5141266335595,19.205955467555896,3136.219353968511,19.302884319202665
4,3028.1194118375915,19.00153907352649,3117.1425923213937,19.186314942743053,3109.500044238017,19.059453797943895,3143.426692617214,19.036379635009784,3147.274950195855,18.70514587508425,3109.092738242014,18.997766664861494
5,3028.1194118375915,18.84667269503073,2961.11329259965,18.992739358604048,3109.500044238017,18.680986422235936,2901.3451914932325,18.78430480551101,3147.274950195855,17.790815176929776,3029.470578072869,18.619103691662296
6,3028.1194118375915,18.56001253619736,2961.11329259965,18.698854457436283,3109.500044238017,18.486527436052178,2901.3451914932325,18.418112641557187,3140.6878832897114,17.359781992290383,3028.15316469164,18.304657812706676
7,3028.1194118375915,18.223112080156778,2961.11329259965,18.350353587309023,3109.500044238017,18.31156187085249,2901.3451914932325,18.13355841130042,3140.6878832897114,17.604608408856436,3028.15316469164,18.12463887169503
8,3006.7189266097803,18.005093047790055,2961.11329259965,18.108507493329938,3109.500044238017,17.950549108538603,2901.3451914932325,17.582783855370046,3140.6878832897114,16.851929092704154,3023.8730676460777,17.69977251954656
9,3006.7189266097803,17.874777651380878,2961.11329259965,17.39869930180943,3017.2889155646576,18.031269276482668,2901.3451914932325,17.094744066418386,3140.6878832897114,16.07687715468139,3005.4308419114063,17.29527349015455
10,3006.7189266097803,17.556431246928227,2961.11329259965,16.848407483016974,3017.2889155646576,17.767964738115307,2901.3451914932325,16.45176273697581,3075.78578797473,15.744921632847172,2992.45042284841,16.873897567576698
11,3006.7189266097803,17.26879757825581,2961.11329259965,16.34498542375569,3017.2889155646576,17.59218195230325,2874.3277120995467,16.22212185944822,2943.5019298116085,15.354116550680807,2960.5901553370486,16.556440672888755
12,3006.7189266097803,17.01476665692436,2961.11329259965,16.002704208641443,3017.2889155646576,17.156670516061173,2874.3277120995467,15.986347804161971,2943.5019298116085,15.003014029384712,2960.5901553370486,16.23270064303473
13,2986.8931502915984,16.707925785695025,2917.234626827424,15.594313123473626,3017.2889155646576,16.889136164013838,2874.3277120995467,15.758671263231278,2943.5019298116085,15.028548962334465,2947.849266918967,15.995719059749646
14,2986.8931502915984,16.445533783263933,2917.234626827424,15.204458932245947,3017.2889155646576,16.70735539583055,2874.3277120995467,15.388406549122601,2891.5972605166444,14.512314656266387,2937.468333059974,15.651613863345883
15,2986.8931502915984,16.258927293081232,2917.234626827424,15.091466393625591,3017.2889155646576,16.13944843483597,2855.6769028973085,15.083118407047582,2891.5972605166444,13.457154265296618,2933.7381712195265,15.2060229587774
16,2891.863329511352,15.841574180026711,2856.453719947207,14.865110412977192,2984.010345077888,15.715313999265755,2855.6769028973085,14.928291702703074,2876.8167395956993,13.214645132320737,2892.964207405891,14.912987085458695
17,2891.863329511352,15.225852794153878,2856.453719947207,14.307185989651476,2984.010345077888,15.296257793908095,2817.212395960435,14.647389900020734,2876.8167395956993,12.845244824830566,2885.271306018516,14.46438626051295
18,2891.863329511352,14.53074563294486,2804.359737410262,14.017250409519038,2960.68979185032,14.821828855205295,2817.212395960435,14.258066312030158,2876.8167395956993,12.47956664755747,2870.188398865613,14.021491571451367
19,2732.0281118738626,14.42076962558178,2804.359737410262,13.552220546135969,2915.478811387126,14.62504207018489,2783.626627897654,14.214912089312678,2876.8167395956993,12.547506161445915,2822.462005632921,13.872090098532246
20,2732.0281118738626,14.060185278538263,2804.359737410262,13.259809574891637,2915.1026374501876,14.171199805453995,2733.7768386405537,14.164472957168565,2876.8167395956993,12.15113847659284,2812.4168129941127,13.561361218529061
21,2732.0281118738626,13.787761982300216,2758.504836673407,12.851307215258865,2886.1675447332195,13.877599941991264,2733.7768386405537,13.901671003194075,2876.8167395956993,11.9056223360209,2797.4588143033484,13.264792495753065
22,2649.2517954146024,12.577929075362572,2633.4364219332074,12.308742739009936,2886.1675447332195,13.049544935691582,2719.224518024028,13.523339721804328,2876.8167395956993,11.436545963014762,2752.9794039401513,12.579220486976634
23,2641.1850127690122,12.105615631930542,2627.6374944774752,12.012571686136706,2886.1675447332195,12.547752697521378,2690.9123833550448,13.357279340390175,2724.2189866234007,10.99366399472995,2714.0242843916303,12.203376670141752
24,2641.1850127690122,11.642528461684327,2627.6374944774752,11.674553728712114,2886.1675447332195,12.023804861025297,2675.4043987017067,13.085378536731884,2712.7970450834614,10.896246420397993,2708.638299152975,11.864502401710324
25,2641.1850127690122,10.890376184620994,2627.6374944774752,11.28747925508818,2886.1675447332195,11.722808666604456,2611.3268264080593,12.910885893765379,2712.7970450834614,10.850757047525391,2695.8227846942455,11.53246140952088
26,2641.1850127690122,10.515492096828927,2627.6374944774752,10.942776172691644,2886.1675447332195,11.76353256885871,2479.1267188956253,12.544811010852495,2712.7970450834614,10.610866191731084,2669.3827631917584,11.275495608192573
27,2641.1850127690122,10.373038446973966,2627.6374944774752,10.840201519218919,2850.9789211525517,11.755518988976908,2479.1267188956253,11.816021638580137,2712.7970450834614,10.286690997935922,2662.345038475625,11.014294318337171
28,2641.1850127690122,10.139686749889908,2627.6374944774752,10.616444794768455,2822.711759034016,11.699505660117955,2479.1267188956253,11.313980753470561,2667.859075859429,10.276018436005936,2647.704012207111,10.809127278850562
29,2628.281631185422,9.62480069098642,2601.531217173813,10.541225315703239,2822.711759034016,11.61052585956484,2479.1267188956253,11.38939939658568,2653.288244475007,9.726626470363566,2636.9879141527767,10.57851554664075
30,2608.3896702355173,9.667831935481468,2564.442599831794,10.178852879307513,2822.711759034016,11.33139761620072,2479.1267188956253,10.914984241565463,2653.288244475007,9.511682539779892,2625.5917984943917,10.32094984246701
31,2608.3896702355173,9.289411362215041,2564.442599831794,9.775277937564733,2822.711759034016,10.947178462304667,2479.1267188956253,10.985085801737815,2607.719664920666,9.236260964776685,2616.4780825835237,10.046642905719787
32,2508.531397085926,8.915041332748851,2564.442599831794,9.883715191644889,2822.711759034016,10.693844580379231,2366.1154068485203,10.928259556901615,2598.0517508235575,9.170555911154558,2571.9705827247626,9.918283314565828
33,2508.531397085926,8.532532191642213,2555.974031193713,9.724761103713385,2785.6273240693195,10.498592227561764,2354.8809215141564,10.67575850054696,2598.0517508235575,9.293204309506855,2560.6130849373344,9.744969666594235
34,2508.531397085926,8.235903816406143,2555.974031193713,9.706870094322662,2772.61774570366,10.158271185317693,2354.8809215141564,10.279578550090465,2556.015299578487,9.346298933733387,2549.6038790151883,9.54538451597407
35,2508.531397085926,7.767605594934014,2549.445817664905,9.239301161900654,2712.116994478374,10.003713085462001,2351.904994214776,9.57346141565956,2554.346663416061,9.257636552507542,2535.2691733720085,9.168343562092755
36,2491.2572188613326,7.634183369215849,2522.377724792189,9.088984872462099,2712.116994478374,9.97148381250383,2332.2854978077103,9.351098638316172,2554.346663416061,9.21596038371368,2522.4768198711336,9.052342215242325
37,2465.7150488984976,7.4573746761100645,2499.118612130046,8.885997364209459,2712.116994478374,9.67138855666849,2320.677169038975,9.087508690998327,2539.169266781539,9.18636547069772,2507.359418265486,8.857726951736812
38,2465.7150488984976,6.877065695692466,2498.243649776857,8.538982716944997,2712.116994478374,9.417979070256873,2318.00030354985,8.76034055759448,2528.9718823604994,9.099083960757865,2504.609575812816,8.538690400249337
39,2453.42642379135,6.5495333553372515,2498.243649776857,8.419484628103797,2679.290570330732,8.85127398968281,2299.54887727801,8.611186967913106,2398.017637162865,9.139455452831989,2465.705431667963,8.314186878773791
40,2400.737005979306,6.21536167572277,2498.243649776857,8.272551821921905,2651.3501342008385,8.592954129758047,2237.8478676667896,8.336866119809972,2398.017637162865,8.969426765643826,2437.239258957331,8.077432102571304
41,2400.737005979306,6.072959254676391,2481.0638737538475,8.110800884295925,2651.3501342008385,8.523772046115761,2237.8478676667896,8.157423453884261,2366.0422135102685,8.758073656854334,2427.40821902221,7.924605859165335
42,2329.104449796205,5.9584805909927825,2481.0638737538475,8.141938600311567,2588.3168195357766,8.351575547266648,2237.8478676667896,7.64569990885059,2366.0422135102685,8.660937684661471,2400.4750448525774,7.751726466416612
43,2329.104449796205,5.793545205987006,2447.2826523917147,8.126702898279813,2587.211651583839,8.370914164422764,2192.611047370781,7.685753969678632,2366.0422135102685,8.158864771130357,2384.4504029305617,7.627156201899714
44,2329.104449796205,5.588725879519981,2447.2826523917147,8.04980115334458,2587.211651583839,8.308522679984947,2192.611047370781,7.664941168017097,2366.0422135102685,7.397274840168946,2384.4504029305617,7.401853144207109
45,2319.651791807046,5.305612578428076,2372.5859135994788,7.851807096768372,2563.1437974987857,8.091298238734794,2191.6054395728343,7.650628842142472,2358.7229281657087,6.669965968898189,2361.141974128771,7.11386254499438
46,2319.651791807046,5.283615808096277,2372.5859135994788,7.542668098392712,2558.6882087423505,7.742147400249765,2191.6054395728343,7.545462457588815,2347.846253902106,6.134080031454451,2358.0755215247627,6.849594759156403
47,2316.6963386355096,5.206829494698415,2372.5859135994788,7.3299115128620995,2513.5014001036616,7.338649290221046,2191.6054395728343,7.296003112558119,2294.624906093124,5.916969600791612,2337.802799600922,6.617672602226259
48,2315.2565935641965,5.213583443924657,2372.5859135994788,7.280258936503097,2513.5014001036616,7.0634284645815,2183.0862818189794,7.039138403479738,2294.624906093124,5.508167526097685,2335.8110190358884,6.420915354917336
49,2261.098987235451,5.099575320362127,2372.5859135994788,6.863187125892271,2513.5014001036616,6.890734550006463,2136.9993210352077,6.321209178592444,2294.624906093124,5.40647283098719,2315.762105613385,6.1162358011680995
50,2261.098987235451,5.087827644476057,2367.390523854942,6.5511649851514475,2495.575004343276,6.69970777780924,2136.9993210352077,6.256277472001679,2294.624906093124,4.9917892374039505,2311.1377485124003,5.917353423368475
51,2255.0835823808948,5.147253838210843,2338.301617445974,6.322439131831385,2495.575004343276,6.588266019844999,2136.9993210352077,6.098706777606271,2294.624906093124,4.5937038803955845,2304.1168862596955,5.750073929577816
52,2255.0835823808948,5.159035495713501,2319.5713284975964,6.068909224599329,2487.749787637082,6.429665693844872,2127.6672925377,6.2369865456000255,2262.3387661326256,4.445773529674261,2290.4821514371797,5.668074097886398
53,2255.0835823808948,5.113442259971959,2318.5169927087823,5.995370564344269,2446.8171190247713,6.287807259249184,2127.6672925377,6.0708138322045695,2253.9312078506546,4.3617812234778714,2280.40323890056,5.56584302784957
54,2255.0835823808948,5.000445556498348,2318.5169927087823,5.882238579154165,2437.7539987138493,6.284793174765525,2125.147157080114,6.083017980855278,2253.9312078506546,4.34946109527555,2278.086587746859,5.519991277309773
55,2252.0105937481267,4.810811117226239,2302.9485031681857,5.886650293466868,2437.7539987138493,6.200587019918544,2088.237481902275,6.110796382280026,2242.915890304116,4.262817619862984,2264.7732935673107,5.454332486550932
56,2231.562327296156,4.634137611537335,2300.258367078257,5.9370616939935,2369.153599075473,6.01675109020307,2088.237481902275,6.039590010685367,2234.921014171205,4.1621126742455345,2244.8265579046733,5.357930616132961
57,2215.3857795323584,4.434420969395579,2275.961707820902,5.882232482993276,2369.153599075473,6.093603647098847,2088.237481902275,6.036820874081723,2234.4425317353052,3.98071628583104,2236.6362200132626,5.285558851880093
58,2191.655887854903,4.456352237491962,2275.961707820902,5.8156728751992475,2369.153599075473,6.106715825051076,2088.237481902275,6.010855391780581,2234.4425317353052,4.013590269262173,2231.890241677772,5.280637319757008
59,2191.655887854903,4.105695756663506,2275.961707820902,5.669072992832936,2369.153599075473,6.067327299281094,2088.237481902275,5.904832570787046,2229.0883797435827,3.8248612742408326,2230.819411279427,5.114357978761083
60,2152.9384563059452,4.008166289319925,2231.4610477350193,5.58549253066213,2369.153599075473,6.0390418050211006,2088.237481902275,5.859721288468534,2213.5177714968436,3.752490132145044,2211.0616713031113,5.048982409123346
61,2152.9384563059452,3.808819404916998,2231.4610477350193,5.576396086470953,2369.153599075473,6.000115497109231,2070.1588075024742,5.822775195735223,2213.5177714968436,3.9023772433138446,2207.4459364231507,5.02209668550925
62,2152.9384563059452,3.6594955772473154,2196.5703142263997,5.509259507905015,2360.0730121423144,5.837062243484987,2070.1588075024742,5.7778366961417245,2213.5177714968436,3.6733642990860558,2198.651672334795,4.891403664773019
63,2152.9384563059452,3.868611688625668,2196.5703142263997,5.176609159644126,2350.510153812854,5.728109258218301,2063.9694923098805,5.767521832722564,2213.5177714968436,3.484046514894138,2195.501237630385,4.80497969082096
64,2152.9384563059452,3.8820229377366666,2194.4166585653356,5.073778297660294,2319.920719744396,5.599280223919692,2063.9694923098805,5.693341693213902,2207.101565050869,3.4067956539507245,2187.669378395285,4.731043761296255
65,2152.9384563059452,3.683152064448825,2194.4166585653356,4.890514189025194,2318.829520687054,5.40640222756964,2063.9694923098805,5.622989750902425,2203.657445816056,3.129544017533801,2186.7623147368545,4.5465204498959775
66,2152.9384563059452,3.620921661539038,2194.4166585653356,4.608499026235894,2266.7734408760098,5.1151225362312385,2058.8336089738173,5.330431187661505,2202.6029030560317,3.0001482726532327,2175.1130135554276,4.335024536864182
67,2143.2257135418376,3.4549214266215276,2167.0250226936273,4.5310704125507675,2262.425700379334,5.05705352214031,2034.323715151577,5.4316452578251715,2202.6029030560317,2.9064881342170006,2161.920610964481,4.2762357506709545
68,2130.459352005345,3.462891814754674,2167.0250226936273,4.434814186042743,2262.425700379334,4.917756111762874,2034.323715151577,5.336486423738012,2193.804026273749,2.8234972119612554,2157.6075633007263,4.195089149651912
69,2130.459352005345,3.271155011637884,2167.0250226936273,4.130190016900697,2254.838606263656,4.643908501851757,1998.911163407775,5.199594060884143,2193.804026273749,2.8062741076176723,2149.0076341288304,4.01022433977843
70,2116.521059464259,3.3449806825189183,2159.5853745895306,3.9709620148600377,2245.843498677331,4.54876288349035,1996.3421342957167,5.1479158413457204,2193.804026273749,2.7000197369371866,2142.419218660117,3.9425282318304427
71,2116.521059464259,3.3519393311261254,2159.5853745895306,3.7869016916634286,2238.5267028374615,4.236320146483679,1994.7412593475215,4.936104066761245,2193.804026273749,2.425242233200765,2140.6356845025043,3.7473014938470492
72,2116.521059464259,3.333644600345547,2159.5853745895306,3.792407493250564,2238.5267028374615,3.852930336998082,1986.531340380368,4.895448253321461,2175.1583381463543,2.439992235207896,2135.264563083595,3.6628845838247104
73,2116.521059464259,3.2914067446424724,2159.5853745895306,3.8121716827824317,2238.5267028374615,3.322805244273151,1962.276872162909,4.731447992349767,2169.4939403595213,2.4735544793023,2129.2807898827364,3.5262772286700246
74,2116.521059464259,3.2879089462142117,2159.5853745895306,3.748318644808103,2238.5267028374615,3.0103057699058082,1962.276872162909,4.599372414476472,2169.4939403595213,2.3686394614928035,2129.2807898827364,3.4029090473794796
75,2109.8563137785195,3.291447116425306,2146.698675520179,3.6644336077645625,2234.433426117724,2.815519023246873,1962.276872162909,4.298909072131315,2169.4939403595213,2.2944635512174876,2124.551845587771,3.272954474157109
76,2059.4928286593595,3.261740819244223,2146.698675520179,3.6075924669120325,2234.433426117724,2.7089289873587594,1962.276872162909,4.020224011326123,2169.4939403595213,2.3165540488651972,2114.479148563939,3.1830080667412672
77,2059.4928286593595,3.274137231571291,2142.907242635205,3.632671705704658,2211.217738606587,2.7704802185473576,1957.6925661494797,3.857159732096643,2169.4939403595213,2.1805402944862338,2108.1608632820307,3.1429978364812365
78,2059.4928286593595,3.1572373074485673,2142.907242635205,3.569085661928988,2211.217738606587,2.727675196895345,1953.7295087018795,3.847971146610714,2164.1399068507626,1.987000375756142,2106.297445090759,3.0577939377279515
79,2059.4928286593595,3.0530390658783277,2142.907242635205,3.5620214458463986,2187.432611884711,2.62831277584103,1941.9941049482898,3.948013480259862,2164.1399068507626,2.0275595673836855,2099.1933389956657,3.0437892670418605
80,2059.4928286593595,2.9087866363163903,2141.6382437221014,3.402626897801701,2187.432611884711,2.764498219922813,1930.3599725576285,3.9182950363792597,2164.1399068507626,2.012424035508767,2096.6127127349123,3.0013261651857865
81,2059.4928286593595,2.798404705704063,2136.3257169332865,3.205876842424233,2187.432611884711,2.7499128196187725,1897.3311292532674,3.885928123108472,2164.1399068507626,2.0404492447732685,2088.9444387162775,2.936114347125762
82,2054.425404071544,2.7974792692713115,2126.230849776064,3.105195636446032,2187.432611884711,2.749211963343484,1897.3311292532674,3.9208826031227972,2154.950684542301,2.0455064559916147,2084.074135905578,2.923655185635048
83,2049.87938243602,2.658191138252097,2116.391319943587,3.0460311243123703,2187.432611884711,2.6254683937200616,1897.3311292532674,3.7641601645794047,2154.950684542301,2.042670334594993,2081.197025611977,2.8273042310917855
84,2049.87938243602,2.639425975002381,2114.577976997358,2.967503569484868,2187.432611884711,2.65281155305863,1897.3311292532674,3.692668755082849,2154.950684542301,1.9189804612955241,2080.834357022731,2.7742780627848505
85,2049.87938243602,2.5519674494258573,2108.7252852243905,2.85272207575325,2187.432611884711,2.6494791563432583,1897.3311292532674,3.657661266373524,2154.889927799238,1.7747386319177794,2079.6516673195256,2.697313715962734
86,2028.1354591813615,2.570229622282292,2080.83784577615,2.8706856210704204,2185.9043756260535,2.6089766034957345,1897.3311292532674,3.5302244274190255,2153.6115286061763,1.6913301683136548,2069.164067688602,2.6542892885162255
87,2028.1354591813615,2.5915231782840387,2080.83784577615,2.744882663218196,2185.9043756260535,2.546790325244643,1897.3311292532674,3.499781963547348,2153.6115286061763,1.7119467201189582,2069.164067688602,2.6189849700826366
88,2028.1354591813615,2.5553526673780014,2052.592265278328,2.620536231761344,2165.722757784344,2.5077670117126005,1897.3311292532674,3.5328013095054143,2147.626472643374,1.6278536582475378,2058.281616828135,2.5688621757209793
89,2028.1354591813615,2.507979310484932,2052.592265278328,2.5573957467731163,2155.586551918227,2.4848455039162243,1888.757627372126,3.5576714825587232,2145.5205297949256,1.615863409635592,2054.1184867089933,2.5447510906737176
90,2028.1354591813615,2.328142117139862,2049.0913760185836,2.433794208557667,2155.586551918227,2.4743554200513542,1888.757627372126,3.4605057845104716,2145.5205297949256,1.5737640965878976,2053.418308857045,2.4541123253694503
91,2028.1354591813615,2.1951479137858603,2049.0913760185836,2.3324627479946787,2155.586551918227,2.487511759563103,1888.757627372126,3.3609455986046526,2145.5205297949256,1.7898970364115927,2053.418308857045,2.4331930112719773
92,2022.882075920532,2.041443556515308,2037.7183381091697,2.401851203962851,2155.586551918227,2.525479742876905,1888.757627372126,3.307634570142935,2144.1813738588007,1.8768062678759607,2049.8251934357713,2.4306430682747915
93,2022.882075920532,2.04873644893274,2019.2414984460936,2.2224559834051276,2155.586551918227,2.389192959295953,1884.9998758412146,3.2665361177552548,2138.764949046703,1.9573053600789363,2044.2949902345542,2.3768453738936026
94,2018.1040263439038,2.0293192183877022,2019.2414984460936,2.279405807107221,2155.4193338322834,2.3897038648667115,1866.9504471854962,3.3863572529213486,2137.425793110578,1.9354324717563054,2039.428219783671,2.4040437230078577
95,2010.5361659119908,2.164884423962326,2019.2414984460936,2.1840767918828776,2146.4835780926223,2.3275619937760745,1852.8307715550175,3.370415419044827,2137.425793110578,2.05369427413831,2033.3035614232606,2.420126580560883
96,2010.5361659119908,2.186016308927074,2019.2414984460936,2.193434933746555,2146.4835780926223,2.255739679289452,1852.8307715550175,3.3696936716275676,2121.2168811344695,2.0978489935355125,2030.0617790280387,2.4205467174252324
97,2010.5361659119908,2.2370959232162466,2010.939859525424,2.2411376184479614,2134.3201881997365,2.180064501118819,1852.8307715550175,3.30486964156286,2119.8777251983447,2.1636142171193495,2025.7009420781026,2.425356380293047
98,2010.5361659119908,2.091288311448546,2010.2264587699276,2.15193533653466,2134.3201881997365,2.345536437532711,1852.8307715550175,3.3608095140597998,2116.090224551777,2.1369551258608324,2024.8007617976898,2.4173049450873103
99,2010.5361659119908,2.031814185497878,2010.2264587699276,2.115679050992114,2131.189510638436,2.4093471086308385,1852.8307715550175,3.416899930115671,2116.090224551777,2.1709391446663764,2024.1746262854297,2.428935883980576
100,2010.5361659119908,1.8990332587116072,2010.2264587699276,2.038588923531526,2125.1299338421036,2.4102892834856826,1852.8307715550175,3.3413433583668635,2109.474339144003,2.1923043764680226,2021.6395338446084,2.3763118401127405
101,2008.5922505836227,1.8263485748844102,2010.2264587699276,1.9252043494828757,2124.7062276046495,2.495861465387246,1826.9303372702288,3.1953070942421675,2109.474339144003,2.2904607793789897,2015.9859226744861,2.3466364526751375
102,2007.57240591804,1.8375039970581806,2008.4805372084418,1.8506367545881237,2120.782193345428,2.4558425641260007,1826.9303372702288,3.072997327757663,2095.4804038795073,2.2901590719755442,2011.849175524329,2.3014279431011024
103,1981.9177930957933,1.9848335735027387,2008.4805372084418,1.72173958305736,2120.782193345428,2.4698835773209753,1826.9303372702288,2.913640117640467,2095.4804038795073,2.3119610213135195,2006.71825295988,2.280411574567012
104,1981.2271235941128,2.0094816948568734,2008.4805372084418,1.724611299011973,2120.782193345428,2.31451535331264,1806.7261178652268,2.7692444157221336,2095.4804038795073,2.2344077339887876,2002.5392751785432,2.2104520993784815
105,1981.2271235941128,2.043813713880525,2008.4805372084418,1.4466586701492041,2120.3584871079734,2.0895017938924187,1806.7261178652268,2.76493538382513,2095.4804038795073,2.2443005817683965,2002.4545339310523,2.1178420287031345
106,1974.5020531895432,2.1372889651251357,2008.4805372084418,1.4223745564601868,2108.676490506604,2.0311874408339134,1806.7261178652268,2.6721736122552353,2095.4804038795073,2.2874834551403675,1998.7731205298646,2.110101605962968
107,1974.5020531895432,2.097375294022291,2008.4805372084418,1.2891299915508705,2108.676490506604,1.9240842056921004,1806.7261178652268,2.7351089491822833,2095.4804038795073,2.2464802292601465,1998.7731205298646,2.0584357339415384
108,1974.5020531895432,1.9713146669760278,2008.4805372084418,1.3091149448386548,2108.676490506604,1.8011001818135073,1806.7261178652268,2.8332855356367417,2095.4804038795073,2.1211668535117862,1998.7731205298646,2.0071964365553434
109,1974.5020531895432,2.019500990280581,2008.4805372084418,1.1823582283511338,2105.395426255783,1.748953684147941,1784.7420816946833,2.7710106082158683,2095.4804038795073,1.990220984679961,1993.7201004455917,1.942408899135097
110,1971.6437284057104,1.9451409061619478,2008.4805372084418,1.160532201982416,2105.395426255783,1.7244732012400632,1771.9973180966056,2.7098055107674797,2085.180426952803,1.974155614367342,1988.5394873838686,1.90282148690385
111,1965.9677557871462,1.820834874105623,2008.4805372084418,1.2301498439128877,2105.395426255783,1.6765812516089051,1771.9973180966056,2.5882070747950525,2085.180426952803,1.9186099287812053,1987.4042928601557,1.8468765946407348
112,1965.9677557871462,1.673998210659799,2008.4805372084418,1.2860960176319984,2105.395426255783,1.6521652841655197,1771.9973180966056,2.499957595191214,2085.180426952803,1.825847756012989,1987.4042928601557,1.787612972732304
113,1965.9677557871462,1.466734887871906,2008.4805372084418,1.3753355066371598,2105.395426255783,1.6984203300978227,1768.657438953158,2.520182361141863,2085.180426952803,1.8265501872877017,1986.7363170314663,1.7774446546072906
114,1965.9677557871462,1.5160870836725326,2008.4805372084418,1.2660326835750555,2105.395426255783,1.7615409961618107,1768.657438953158,2.4265343301994964,2085.180426952803,1.843929411068607,1986.7363170314663,1.7628249009355006
115,1965.9677557871462,1.2843339423807527,2008.4805372084418,1.2758370582739256,2105.395426255783,1.881494306767005,1767.817439523485,2.2606741822846574,2078.273205142671,1.768555994552326,1985.1868727835056,1.6941790968517332
116,1943.511631599869,1.2726586612292101,2008.4805372084418,1.089193233607976,2105.395426255783,1.8770804840072661,1761.5851825422392,2.167917701161732,2078.273205142671,1.6265071035963832,1979.4491965498012,1.6066714367205137
117,1943.511631599869,1.40887861853078,2008.4805372084418,1.2161684101084047,2105.395426255783,2.0142846844233744,1759.572377646513,2.0375594906429133,2078.273205142671,1.5009153820103298,1979.0466355706558,1.6355613171431602
118,1943.511631599869,1.4604100661676334,2008.4805372084418,1.3906913247881587,2105.395426255783,1.9343020223719891,1759.572377646513,2.0247813203687306,2078.273205142671,1.4265242397741658,1979.0466355706558,1.6473417946941358
119,1943.511631599869,1.16575278314892,2008.4805372084418,1.3413090158575673,2105.395426255783,2.020490128643761,1759.572377646513,2.0017522390844915,2078.273205142671,1.3917893974745956,1979.0466355706558,1.5842187128418672
120,1943.511631599869,1.100505201889487,2008.4805372084418,1.2541863191520015,2105.395426255783,2.0605812514389314,1753.9903181813495,2.2718017013881444,2078.273205142671,1.7132858406026354,1977.9302236776232,1.68007206289424
121,1943.511631599869,0.9257955609867732,2002.6518536824253,1.4508503336361205,2105.163220577764,1.8649513729668776,1753.5709289329866,2.1599716510928317,2078.273205142671,1.8527624640958156,1976.6341679871432,1.6508662765556839
122,1943.511631599869,0.9981867015078015,2002.6518536824253,1.59044528198281,2101.64056082929,1.9344384069630434,1747.4848744872534,2.1391624984764914,2078.273205142671,1.9005904507195353,1974.7124251483015,1.7125646679299364
123,1943.511631599869,0.9858156876856551,2002.6518536824253,1.58628537949592,2101.64056082929,1.9903923500964646,1747.4848744872534,2.110670456530177,2078.273205142671,1.8384915379978177,1974.7124251483015,1.7023310823612068
124,1943.511631599869,1.112481512559536,2002.6518536824253,1.5773440307484188,2099.820209761016,1.9954844579579256,1747.0654852388907,2.134198616445373,2078.273205142671,1.5624486282634367,1974.2644770849743,1.6763914491949379
125,1943.511631599869,1.222793431615236,2002.6518536824253,1.483444859026006,2083.716517985507,2.171381959708448,1738.1435466302796,2.0665647040336763,2078.273205142671,1.5015518045153389,1969.2593510081504,1.6891473517797408
126,1943.511631599869,1.2377185975884823,2002.6518536824253,1.712376093711117,2083.716517985507,2.083881196813136,1738.1435466302796,2.11340713574931,2078.273205142671,1.117092359752181,1969.2593510081504,1.6528950767228452
127,1943.511631599869,1.2534224574048267,2002.6518536824253,1.6508256823276382,2083.716517985507,2.1618313751588163,1738.1435466302796,2.2289403500672678,2073.472456608609,1.0347957683468267,1968.2992013013377,1.6659631266610753
128,1943.511631599869,1.1776391143905194,2002.6518536824253,1.625621989907286,2083.716517985507,2.1685102155030447,1738.1435466302796,2.355973373315184,2058.832706235638,0.7667302369272121,1965.3712512267437,1.6188949860086492
129,1943.511631599869,0.9483064588268288,2002.6518536824253,1.6278536374187358,2083.716517985507,2.2178892957818346,1735.5279398655484,2.219045539613782,2058.832706235638,0.8263598523867653,1964.8481298737975,1.5678909568055892
130,1943.511631599869,1.1234928676515912,2002.6518536824253,1.642554738167996,2083.716517985507,2.0793334584070413,1730.1187621514541,2.1358898194690528,2058.832706235638,0.9340634241545951,1963.7662943309788,1.5830668615700552
131,1943.511631599869,1.0669928492664404,2002.6518536824253,1.5978754409109317,2075.3320159957216,2.2318965317645514,1729.0224961714523,2.016293601926958,2058.832706235638,1.2053934322292301,1961.8701407370213,1.6236903712196225
132,1943.511631599869,1.288286664408749,2002.6518536824253,1.460130669695791,2073.67976866217,2.0830696573646117,1729.0224961714523,2.004690521161594,2058.832706235638,1.2474216035477859,1961.5396912703109,1.6167198232357063
133,1943.511631599869,1.08769760158395,2002.6518536824253,1.683786588132096,2073.67976866217,2.14467217904927,1729.0224961714523,1.9140410455286054,2058.832706235638,1.3728321090795332,1961.5396912703109,1.640605904674691
134,1943.511631599869,1.1257604970001454,1995.571604228788,1.6544541410340432,2066.648989510533,2.259690057168693,1723.633406370454,1.9106409938868418,2054.06252742812,1.079900356652092,1956.6856318275532,1.606089209148363
135,1943.511631599869,1.1732755460352826,1995.571604228788,1.5885994992505503,2057.4795466816618,2.3078858521065477,1723.633406370454,1.9631034152862958,2054.06252742812,1.0328393821519979,1954.8517432617787,1.6131407389661347
136,1943.511631599869,1.1930829226846635,1995.571604228788,1.6448143385459593,2057.4795466816618,2.335382449540279,1723.633406370454,1.9761422431319924,2054.06252742812,0.7708383883952133,1954.8517432617787,1.5840520684596213
137,1943.511631599869,1.0153677153037686,1995.571604228788,1.744465755334901,2057.2172236641727,2.3537053084211514,1723.633406370454,1.8822390288967925,2054.06252742812,0.9497433678453305,1954.7992786582806,1.589104235160389
138,1943.511631599869,0.928207592838292,1987.7329372067577,1.74539819006828,2057.2172236641727,2.232214514812037,1723.633406370454,1.9128862267989475,2054.06252742812,1.0783817716699913,1953.2315452538744,1.5794176592375098
139,1943.511631599869,1.1103792243031392,1987.7329372067577,1.9222699169761095,2057.2172236641727,1.8429783895789948,1723.633406370454,1.8044401099649432,2054.06252742812,1.3061052636184525,1953.2315452538744,1.597234580888328
140,1943.511631599869,1.1662359827827504,1987.7329372067577,1.8497773496194558,2057.2172236641727,1.80453748245177,1723.633406370454,1.8111043379858376,2054.06252742812,1.3942892437217453,1953.2315452538744,1.605188879312312
141,1943.511631599869,1.134655838550251,1987.7329372067577,1.9059475112705466,2054.064841034026,1.6490303780235367,1723.633406370454,1.8460433871570872,2054.06252742812,1.3056382160571376,1952.6010687278454,1.5682630662117119
142,1943.511631599869,1.2432371029688558,1987.7329372067577,1.8927821852866222,2054.064841034026,1.5201796652592476,1723.633406370454,1.9477732111861865,2054.06252742812,1.3473070672574496,1952.6010687278454,1.5902558463916723
143,1943.511631599869,1.2485760070608236,1987.7329372067577,1.8438547217006653,2041.6020649368515,1.823747073069252,1717.7158396377542,1.841211886136581,2047.028036639777,1.4715447298307178,1947.5181020042019,1.6457868835596081
144,1943.511631599869,1.2331559787829975,1987.7329372067577,1.767094562582157,2041.6020649368515,1.8601342671367314,1717.7158396377542,1.8005117094596148,2047.028036639777,1.4088459898737045,1947.5181020042019,1.613948501567041
145,1943.511631599869,1.236883534595203,1987.7329372067577,1.7930012294110735,2041.6020649368515,1.915379042454884,1717.7158396377542,1.6161230825798425,2047.028036639777,1.578116396404476,1947.5181020042019,1.6279006570890957
146,1943.511631599869,1.3328506028117766,1987.7329372067577,1.7621135489467645,2036.2759915804097,1.8790826079132417,1717.7158396377542,1.6864787458915884,2047.028036639777,1.6413912126436478,1946.4528873329134,1.660383343641404
147,1943.511631599869,1.5462505871851182,1987.7329372067577,1.9093377246065966,2036.2759915804097,1.8913720141099357,1717.7158396377542,1.5742210815584388,2047.028036639777,1.6217077573308882,1946.4528873329134,1.7085778329581955
148,1943.511631599869,1.7758923149416859,1987.7329372067577,1.919242173604076,2036.2759915804097,1.95488406588667,1717.7158396377542,1.7110997222813635,2042.7518124234907,1.6526663462900923,1945.5976424896562,1.8027569246007775
149,1932.1776003047848,1.9418084717963369,1983.1822599799227,1.961081789633475,2036.2759915804097,1.944765607691244,1717.7158396377542,1.7874467863501637,2042.7518124234907,1.5470840336557503,1942.4207007852724,1.836437337825394
150,1932.1776003047848,1.9998609954079996,1983.1822599799227,2.021875909125786,2036.2759915804097,1.816208856022056,1717.7158396377542,1.699239501019194,2042.7518124234907,1.5836260325738003,1942.4207007852724,1.8241622588297672
151,1932.1776003047848,2.0163386492172175,1981.7134267964573,2.0578389564267527,2036.2759915804097,1.706427225974149,1717.7158396377542,1.654090756433638,2030.9471428276302,1.56745646655359,1939.7660002294074,1.8004304109210696
152,1932.1776003047848,2.061926430299293,1981.7134267964573,2.1488240486821857,2036.2759915804097,1.6210866054260245,1717.7158396377542,1.5747491952309514,2020.4297961571492,1.567212346444522,1937.662530895311,1.7947597252165952
153,1932.1776003047848,2.05393058394566,1981.7134267964573,2.1789080642128043,2036.2759915804097,1.4302629647575,1717.7158396377542,1.512582428493507,2019.719604096841,1.6768645586497257,1937.5204924832494,1.7705097200118396
154,1932.1776003047848,1.979676794955493,1981.7134267964573,2.2619147563342197,2033.0748194282673,1.36258840675185,1717.7158396377542,1.3537835647631091,2006.5911456008155,1.7607032130819913,1934.254566353616,1.7437333471773324
155,1932.1776003047848,2.0657582028876083,1981.7134267964573,2.3230277216739794,2033.0748194282673,1.2842774763324702,1717.7158396377542,1.262037143814606,2006.5911456008155,1.991857402181312,1934.254566353616,1.7853915893779952
156,1932.1776003047848,2.1495936935449538,1981.7134267964573,2.338143835189299,2033.0748194282673,1.1552166466002316,1717.7158396377542,1.2121510496979653,2006.5911456008155,2.081120423250498,1934.254566353616,1.7872451296565894
157,1929.731441884647,2.033492066820736,1976.6935977098753,2.3346378927899702,2033.0748194282673,1.2477103479113492,1717.7158396377542,1.3175279133335442,2006.5911456008155,2.00290822231682,1932.761368852272,1.787255288634484
158,1929.731441884647,1.9132335924860537,1976.6935977098753,2.159467092120303,2033.004303283675,1.2636871115031885,1717.7158396377542,1.191883102780468,2006.5911456008155,1.8097509393879294,1932.7472656233535,1.6676043676555885
159,1929.731441884647,1.9197471383726754,1965.7192049303387,2.108740185825186,2033.004303283675,1.22792985068878,1717.7158396377542,1.2177858229373557,2006.5911456008155,1.8425438102838754,1930.552387067446,1.6633493616215744
160,1929.731441884647,2.0578077562477275,1965.7192049303387,2.129791706858289,2033.004303283675,1.294775795548539,1712.2825332320385,1.3853394093237894,2006.5911456008155,1.683935209938973,1929.465725786303,1.7103299755834633
161,1929.731441884647,2.0236068980512316,1965.7192049303387,2.042084353767642,2033.004303283675,1.2974149551824683,1712.2825332320385,1.2931414117698232,2006.5911456008155,1.6692437828098696,1929.465725786303,1.6650982803162069
162,1925.9907803101153,2.0741728613694206,1965.7192049303387,1.8999305126865782,2032.280438812377,1.5514917380206752,1712.2825332320385,1.2923543800116142,2006.5911456008155,1.7347684897074975,1928.572820577137,1.7105435963591575
163,1925.9907803101153,2.110596953354813,1965.7192049303387,1.8686365051220741,2022.1338097941307,1.4713225462919037,1712.2825332320385,1.3056005519610616,2006.5911456008155,1.577874519837061,1926.543494773488,1.666806215313383
164,1925.9907803101153,2.076661623751228,1965.7192049303387,1.8964705349127973,2022.1338097941307,1.5610194880021162,1712.2825332320385,1.4492060798760864,2006.5911456008155,1.550566138340715,1926.543494773488,1.7067847729765888
165,1925.9907803101153,2.104910230147903,1965.7192049303387,2.000290928200361,2019.8036869404432,1.6425782520177892,1712.2825332320385,1.4275431335073154,2006.5911456008155,1.618844496146275,1926.0774702027506,1.7588334080039285
166,1925.9907803101153,2.06807344984224,1965.7192049303387,1.9845571614339894,2016.5319986437084,1.623409541330477,1710.0673185921307,1.3655099103683286,2006.5911456008155,1.6599839035373614,1924.9800896154218,1.7403067933024794
167,1925.9907803101153,2.1532121021169313,1965.7192049303387,1.981134523891678,2015.6185564174043,1.5943950209731192,1710.0673185921307,1.3975010846453613,2006.5911456008155,1.6074633977714674,1924.7974011701608,1.746741225879711
168,1925.9907803101153,2.1012658213454247,1965.7192049303387,1.8426913606228168,2015.6185564174043,1.8035526632732495,1709.107720401053,1.482279316753572,2006.5911456008155,1.770824723609189,1924.6054815319453,1.8001227771208506
169,1925.9907803101153,2.0074872287921273,1965.7192049303387,1.7727123542953662,2009.1141214352083,1.9147872441093658,1709.107720401053,1.3359407516903221,2006.5911456008155,1.8408084145702859,1923.304594535506,1.7743471986914936
170,1925.9907803101153,2.038892811268421,1965.7192049303387,1.7738957355212246,2009.1141214352083,1.807195104503531,1709.107720401053,1.3530214854353693,2006.5911456008155,1.9175434615343636,1923.304594535506,1.7781097196525821
171,1919.5478885215268,2.0995806719910353,1965.7192049303387,1.8374582760774556,2009.1141214352083,1.7146392909187487,1709.107720401053,1.3599076926479103,2006.5911456008155,1.9092951227433435,1922.0160161777887,1.7841762108756984
172,1919.5478885215268,2.1745273210635654,1965.7192049303387,1.7883035948441037,2001.264514691399,1.6880038243040199,1704.5451756345858,1.4593995576166496,2003.775390299967,2.032172756278843,1918.9704348155635,1.8284814108214362
173,1918.8482508612421,2.2343188991469316,1965.7192049303387,1.7735638751695435,2001.264514691399,1.7186829200030758,1704.5451756345858,1.3768236049519507,2003.775390299967,2.0207984154617065,1918.8305072835064,1.8248375429466417
174,1918.8482508612421,2.2372888685382963,1965.7192049303387,1.8359252175880734,1997.07938416836,1.80156172348397,1704.5451756345858,1.590853519615268,2003.775390299967,2.014204304533434,1917.9934811788985,1.8959667267518086
175,1918.8482508612421,2.3507016875181557,1965.7192049303387,1.8054032142573513,1997.07938416836,1.7868405180220013,1704.5451756345858,1.4688167387030284,2003.775390299967,1.949621080379254,1917.9934811788985,1.872276647775958
176,1918.8482508612421,2.3514311986774867,1965.7192049303387,1.827842628543408,1997.07938416836,1.8670798645624032,1704.5451756345858,1.4910568403057178,1998.463241026725,1.9698406235227295,1916.9310513242503,1.9014502311223491
177,1918.8482508612421,2.2119077301491,1965.7192049303387,1.8203351747592729,1997.07938416836,1.7504401600370234,1704.5451756345858,1.4353598600391462,1998.463241026725,2.058573046490514,1916.9310513242503,1.855323194295011
178,1918.8482508612421,2.159407482114578,1965.7192049303387,1.8114974580549086,1997.07938416836,1.7152395675808823,1704.5451756345858,1.410740298453145,1995.209029915964,2.0640789298452105,1916.280209102098,1.832192747209745
179,1918.8482508612421,2.149280671618735,1965.7192049303387,2.0158813195872525,1997.07938416836,1.6957310231431624,1704.5451756345858,1.230962341011861,1992.3871754681838,2.0253548102304832,1915.7158382125422,1.8234420331182988
180,1918.8482508612421,2.2386674736302883,1965.7192049303387,2.08691491547195,1989.66150695986,1.6302565523801107,1704.5451756345858,1.430192221854801,1992.3871754681838,1.981605223202247,1914.2322627708422,1.8735272773078795
181,1918.8482508612421,2.212415147225437,1965.7192049303387,2.0521706992274424,1989.66150695986,1.641863364535571,1704.5451756345858,1.3365203440769564,1992.3871754681838,2.048970375729435,1914.2322627708422,1.8583879861589683
182,1914.7591809414746,2.217343777304424,1965.7192049303387,1.939736797224674,1989.66150695986,1.6846291030596166,1704.5451756345858,1.2550502689588303,1992.3871754681838,2.0403590234683353,1913.4144487868884,1.8274237940031761
183,1914.7591809414746,2.1628569728244433,1965.7192049303387,1.8507647956164925,1989.66150695986,1.7650706039317787,1704.5451756345858,1.0932965984013048,1992.3871754681838,2.0893728827050544,1913.4144487868884,1.7922723706958148
184,1914.7591809414746,2.054742807964266,1965.7192049303387,1.6145624220077412,1989.2660970711693,1.8185768572701768,1704.5451756345858,1.0898876034328087,1989.280681190768,2.0198707458387224,1912.7140679536672,1.7195280873027428
185,1914.7591809414746,1.995981242783461,1965.7192049303387,1.6185655099907998,1989.2660970711693,1.856731651467271,1704.5451756345858,1.0612384095864988,1982.737598196189,2.0717489912921785,1911.4054513547514,1.7208531610240416
186,1914.7591809414746,1.881624691681371,1965.7192049303387,1.5758946627928208,1989.2660970711693,1.822004447485317,1704.5451756345858,1.1205945290200265,1982.737598196189,2.1312862151046064,1911.4054513547514,1.7062809092168283
187,1914.7591809414746,1.8246013232867302,1965.7192049303387,1.604895357327437,1989.2660970711693,1.8009051038011874,1704.5451756345858,1.086605413226916,1982.737598196189,2.126054459749388,1911.4054513547514,1.688612331478332
188,1914.7591809414746,1.5490879850113213,1965.7192049303387,1.7266875118804164,1985.525666238098,1.8623370185616515,1704.5451756345858,1.226058507983533,1979.4833870854281,2.087991247375171,1910.006522965985,1.6904324541624187
189,1914.7591809414746,1.4568518917679063,1965.7192049303387,1.7147668988806601,1985.525666238098,1.8046642730733826,1704.5451756345858,1.1352960366648308,1977.9495683739613,2.129760586865238,1909.6997592236917,1.6482679374504035
190,1914.7591809414746,1.2715395287115168,1965.7192049303387,1.7386468817638379,1985.525666238098,1.8172605580054761,1701.1550994784543,1.109238971732912,1977.9495683739613,2.0784154236520616,1909.021743992465,1.6030202727731608
191,1914.7591809414746,1.4716586516012402,1965.7192049303387,1.7939265283513464,1985.1302563494073,1.920149225655489,1701.1550994784543,1.2952241572439982,1975.9012419562332,2.0743706113641034,1908.5329967311816,1.7110658348432355
192,1914.7591809414746,1.3710814110411107,1963.9717868474413,1.7911475737927511,1983.4284786507303,1.8004779494404977,1701.1550994784543,1.2725289219339362,1975.9012419562332,1.9898638118353766,1907.8431575748668,1.6450199336087348
193,1914.7591809414746,1.3429848998222491,1963.9717868474413,1.781416331020228,1983.0330687620399,1.6496702909413552,1701.0179103624305,1.215756095386913,1975.9012419562332,1.9440212597112174,1907.736637773924,1.5867697753763925
194,1914.7591809414746,1.1640336580226927,1963.100097117223,1.7118604971777514,1979.2926379289684,1.698168885771874,1701.0179103624305,1.2301905701199694,1973.079387508453,1.880284420518155,1906.2498427717098,1.5369076063220883
195,1914.7591809414746,1.3648638250324363,1963.100097117223,1.6099001783540001,1979.2926379289684,1.7358344250860644,1701.0179103624305,1.445798772277841,1973.079387508453,1.7980426819009403,1906.2498427717098,1.5908879765302566
196,1914.7591809414746,1.4542799504677943,1963.100097117223,1.8439791438206896,1979.2926379289684,1.7103678021841806,1697.627834206299,1.583204194822799,1973.079387508453,1.8683892126534214,1905.5718275404838,1.692044060789777
197,1914.7591809414746,1.3820924374421788,1949.0528703717737,1.7942701782132515,1979.2926379289684,1.7506490307371692,1697.627834206299,1.642477701182046,1973.079387508453,1.9257035618885208,1902.7623821913937,1.699038581892633
198,1914.7591809414746,1.4256557983033062,1949.0528703717737,1.7602564047583416,1979.2926379289684,1.6002969273182308,1697.627834206299,1.620208154567347,1959.3550367772425,1.8742780126068628,1900.0175120451518,1.6561390595108179
199,1914.7591809414746,1.5520321454666344,1949.0528703717737,1.725823901824958,1979.2926379289684,1.6046553086760431,1697.627834206299,1.750410016490155,1959.3550367772425,1.8213205742342073,1900.0175120451518,1.6908483893383994
200,1914.7591809414746,1.5752624668403168,1949.0528703717737,1.7174770778431119,1978.897228040278,1.5590547560708572,1697.627834206299,1.8011669801627757,1959.3550367772425,1.9545828306746447,1899.9384300674133,1.721508822318341
201,1914.7591809414746,1.631401525133353,1948.1811806415553,1.747595108959605,1978.897228040278,1.677482795027316,1697.627834206299,1.6352528039932055,1955.772891648047,1.9316522595886152,1899.0476630955304,1.7246768985404188
202,1914.7591809414746,1.7794878384258084,1948.1811806415553,1.7241445017110248,1978.3223013467625,1.6784323828946748,1697.627834206299,1.6184812520526124,1947.6057408986778,1.902552463708967,1897.2992476069535,1.7406196877586175
203,1914.7591809414746,1.7464500513995405,1948.1811806415553,1.8494137272072708,1978.3223013467625,1.5411218427967233,1697.627834206299,1.416357779990643,1916.269156697326,2.192727433025589,1891.0319307666832,1.7492141668839534
204,1914.7591809414746,1.8134474360597768,1948.1811806415553,1.8972420332787832,1978.3223013467625,1.5069956742303674,1697.627834206299,1.2770480010436533,1916.269156697326,2.097078991646989,1891.0319307666832,1.718362427251914
205,1914.7591809414746,1.8113852718101264,1948.1811806415553,1.9008109875398393,1978.3223013467625,1.5398468420636957,1697.627834206299,1.102444327704796,1912.6870115681306,2.166753654633016,1890.3155017408444,1.7042482167502946
206,1914.7591809414746,1.8826523250008809,1948.1811806415553,1.8987821554024227,1978.3223013467625,1.4234531406503343,1690.324944678064,1.2484173875441649,1912.6870115681306,2.23787399308125,1888.8549238351975,1.7382358003358107
207,1914.7591809414746,1.9058734081173727,1939.7555311866172,1.9032961764599163,1978.3223013467625,1.1658100247711225,1690.324944678064,1.165627578257927,1901.0260049547999,2.2337174818771923,1884.8375926215435,1.6748649338967063
208,1914.7591809414746,1.8915203989450358,1939.7555311866172,1.8670833149351276,1978.3223013467625,1.1930867282217634,1690.324944678064,1.1393176732677328,1901.0260049547999,2.1695154119612585,1884.8375926215435,1.6521047054661835
209,1914.7591809414746,1.9506545361499201,1939.7555311866172,1.8669417935549728,1978.3223013467625,1.1658632243480198,1690.324944678064,1.1343088370986312,1901.0260049547999,1.98848996813423,1884.8375926215435,1.621251671857155
210,1890.9646663052895,1.8115428580439141,1934.5850595276413,2.0888847691379286,1978.3223013467625,1.2107726751594994,1690.324944678064,1.23669921925755,1901.0260049547999,1.9696310216992805,1879.0445953625112,1.6635061086596346
211,1890.9646663052895,1.8944362724851895,1934.5850595276413,2.0290393150063775,1975.818246916135,1.237798294024548,1690.324944678064,1.3693733009096658,1901.0260049547999,1.7241072568192455,1878.543784476386,1.6509508878490053
212,1890.9646663052895,2.0140927722708453,1932.2391870861597,2.0641487355547308,1975.818246916135,0.9919277314624697,1690.324944678064,1.536948535675297,1898.344247673784,1.637518838892702,1877.5382585318864,1.648927322771209
213,1890.9646663052895,2.055262614506018,1932.2391870861597,2.019658196899776,1975.818246916135,0.9908737653091115,1690.324944678064,1.5217739017443002,1898.344247673784,1.5981876722607842,1877.5382585318864,1.637151230143998
214,1890.9646663052895,2.046257659254451,1932.2391870861597,1.9719753014773265,1975.818246916135,1.2620578868689525,1690.324944678064,1.5288351476338722,1898.344247673784,1.6144759796339934,1877.5382585318864,1.6847203949737193
215,1884.3289028984734,2.0271534052607687,1922.75497595592,1.9039943998499453,1975.818246916135,1.147539018115972,1690.324944678064,1.4535216157879143,1895.6215749197029,1.5689069481683369,1873.769729073659,1.6202230774365873
216,1884.3289028984734,2.0303804534534704,1922.75497595592,1.9395000152809374,1975.818246916135,1.29545453976759,1687.8718901513705,1.4235263092223596,1895.6215749197029,1.5187732103268174,1873.27911816832,1.641526905610235
217,1884.3289028984734,2.102926604149477,1922.75497595592,1.9408863642091627,1975.818246916135,1.2527932955988745,1687.8718901513705,1.2962629124698883,1895.6215749197029,1.3908729215445597,1873.27911816832,1.5967484195943926
218,1884.3289028984734,2.114817707481329,1922.75497595592,1.8896358567442133,1975.818246916135,1.1329139449269465,1687.8718901513705,1.2526012702347962,1895.6215749197029,1.130391967175302,1873.27911816832,1.5040721493125173
219,1884.3289028984734,2.105928839421277,1922.75497595592,1.8618816229839672,1975.818246916135,0.8764717811228161,1687.8718901513705,1.3436360902170752,1895.6215749197029,1.1944171374335204,1873.27911816832,1.476467094235731
220,1884.3289028984734,2.066173718399415,1918.0920387232673,1.685562335596156,1975.818246916135,1.0978977584122036,1687.8718901513705,1.2887829440298515,1895.6215749197029,1.1928947029203096,1872.3465307217898,1.4662622918715873
221,1884.3289028984734,1.9731733326681191,1918.0920387232673,1.5612991938682186,1974.9155876317532,1.0202383627066547,1687.8718901513705,1.220610855663035,1895.6215749197029,1.2872794745878837,1872.1659988649135,1.4125202438987823
222,1884.3289028984734,1.8659368115671864,1918.0920387232673,1.7146701473637032,1974.9155876317532,1.023185300413822,1687.8718901513705,1.192147855002415,1895.6215749197029,1.154382760527399,1872.1659988649135,1.3900645749749052
223,1873.8138947951618,2.034405168207463,1918.0920387232673,1.6313097075391438,1946.253265016141,1.1897213285360368,1687.8718901513705,1.2374516494506111,1879.1369569809287,1.105937870937419,1861.0336091333738,1.4397651449341349
224,1873.8138947951618,2.0907857836816346,1918.0920387232673,1.6688563822234754,1946.253265016141,1.126574060509543,1687.8718901513705,1.1828936013477855,1879.1369569809287,0.8163575156174665,1861.0336091333738,1.3770934686759813
225,1873.8138947951618,2.0808592623274254,1918.0920387232673,1.7008780954014897,1946.253265016141,1.0633091651654762,1687.8718901513705,1.2840540277953543,1879.1369569809287,0.8023885898204588,1861.0336091333738,1.3862978281020408
226,1873.8138947951618,2.0278528640183926,1918.0920387232673,1.734836712005643,1946.253265016141,1.0820240683092512,1687.8718901513705,1.107487859699674,1879.1369569809287,0.9232465500549721,1861.0336091333738,1.3750896108175865
227,1872.3170296103092,1.9255944499380513,1918.0920387232673,1.712530816192855,1946.253265016141,1.149702625601445,1687.8718901513705,0.9737976507721395,1879.1369569809287,1.1024584875367684,1860.7342360964035,1.372816806008252
228,1872.3170296103092,2.021066796608054,1918.0920387232673,1.65982480257337,1946.253265016141,1.3630549565349575,1687.8718901513705,1.117809294984438,1879.1369569809287,1.2537652753900799,1860.7342360964035,1.4831042252181799
229,1872.3170296103092,1.928117235606074,1917.0167333328168,1.664069319891869,1946.253265016141,1.3541270290002096,1687.8718901513705,1.2257404568827621,1869.3533245077217,1.3901077025898523,1858.562448523672,1.5124323487941536
230,1872.3170296103092,1.9072621314359819,1917.0167333328168,1.4295661426498607,1946.253265016141,1.4955007904203776,1687.8718901513705,1.218167823379728,1869.3533245077217,1.4241661157442151,1858.562448523672,1.4949326007260328
231,1872.3170296103092,1.78135770820002,1917.0167333328168,1.3022507822965663,1946.253265016141,1.3408325375483083,1687.8718901513705,1.311050308103581,1869.3533245077217,1.33070835828945,1858.562448523672,1.413239938887585
232,1872.3170296103092,1.8158449751775685,1917.0167333328168,1.4027770178410883,1946.253265016141,1.349072285549827,1687.8718901513705,1.275951780361904,1869.3533245077217,1.2445236004339975,1858.562448523672,1.417633931872877
233,1872.3170296103092,1.632337665400022,1917.0167333328168,1.329864558167739,1946.253265016141,1.202363572279193,1687.8718901513705,1.174939789983506,1869.3533245077217,1.1561418541071167,1858.562448523672,1.2991294879875155
234,1872.3170296103092,1.427007817768242,1917.0167333328168,1.2101648783442291,1946.253265016141,1.2377931510061273,1687.8718901513705,1.1851452134873517,1869.3533245077217,1.2091286408164934,1858.562448523672,1.2538479402844889
235,1872.3170296103092,1.444963889347249,1917.0167333328168,1.3403021486240603,1946.253265016141,1.1969716662571719,1687.8718901513705,0.9864833941468875,1869.3533245077217,1.2272960201359224,1858.562448523672,1.2392034237022582
236,1872.3170296103092,1.2581958726653792,1917.0167333328168,1.334708608055454,1946.253265016141,1.316595966544219,1686.1008036410124,1.0263652812025756,1869.3533245077217,1.1614272452380314,1858.2082312216003,1.2194585947411318
237,1872.3170296103092,1.3464510160737178,1917.0167333328168,1.3496481408241403,1946.253265016141,1.2978703330487815,1686.1008036410124,1.1100101292925335,1869.3533245077217,1.0480850482814055,1858.2082312216003,1.2304129335041156
238,1866.2317480170022,1.241544368981618,1917.0167333328168,1.3829029139388525,1946.253265016141,1.3984911604414614,1686.1008036410124,1.149794029300453,1869.3533245077217,1.1640258757127022,1856.991174902939,1.2673516696750173
239,1866.2317480170022,1.1349398192885027,1917.0167333328168,1.4542154754596115,1946.253265016141,1.4087442099250327,1686.1008036410124,1.1480571385554088,1869.3533245077217,1.2555099206240492,1856.991174902939,1.280293312770521
240,1866.2317480170022,1.0795216870104576,1917.0167333328168,1.4924604555760361,1946.253265016141,1.4631477614442638,1686.1008036410124,1.0690771231850293,1869.3533245077217,1.2993687577760664,1856.991174902939,1.2807151569983706
241,1866.2317480170022,1.0478000695618535,1917.0167333328168,1.5339464018067885,1946.253265016141,1.460545692103477,1686.1008036410124,0.9194276063344179,1869.3533245077217,1.221850689617297,1856.991174902939,1.2367140918847668
242,1866.2317480170022,1.1113071671731614,1917.0167333328168,1.5657384099735416,1946.253265016141,1.3507463089251,1686.1008036410124,0.9100299075825361,1869.3533245077217,1.4002030979500901,1856.991174902939,1.2676049783208858
243,1866.2317480170022,1.235322042280702,1917.0167333328168,1.5146023973904132,1946.253265016141,1.299662210026174,1686.1008036410124,1.0180668755278675,1869.3533245077217,1.4218974580876749,1856.991174902939,1.2979101966625664
244,1866.2317480170022,1.174036385202757,1917.0167333328168,1.340412415197077,1946.253265016141,1.1970352331689063,1685.8222974747414,1.1163814829870877,1869.3533245077217,1.2324889606857259,1856.9354736696848,1.2120708954483108
245,1866.2317480170022,1.2168362670692825,1917.0167333328168,1.2604770284047695,1946.253265016141,1.37999775561164,1685.8222974747414,1.1974889829784188,1868.965778982427,1.1350114286899888,1856.857964564626,1.23796229255082
246,1866.2317480170022,1.0614400270773403,1917.0167333328168,1.0213444405611887,1946.253265016141,1.403950391868302,1685.8222974747414,1.1900856925606464,1868.965778982427,1.1067281226084615,1856.857964564626,1.1567097349351878
247,1866.2317480170022,1.1320949168085235,1917.0167333328168,1.0626392317023092,1946.253265016141,1.3024729351045818,1685.8222974747414,1.0133873721403106,1868.965778982427,1.2333175573125676,1856.857964564626,1.1487824026136586
248,1866.2317480170022,0.9889303757924554,1917.0167333328168,0.9141620019015623,1946.253265016141,1.6253036218243706,1685.8222974747414,0.9998886038718241,1868.965778982427,1.3668775319010587,1856.857964564626,1.1790324270582544
249,1866.2317480170022,0.8856658264990085,1917.0167333328168,0.9935535407315521,1946.253265016141,1.7010940840751565,1685.8222974747414,1.0594081634126495,1868.6238263759572,1.4460214131998872,1856.7895740433319,1.2171486055836507
250,1866.2317480170022,0.9755981143077258,1917.0167333328168,0.8770441974506102,1946.253265016141,1.6342912095496942,1684.5686231093648,1.1215820245040113,1868.6238263759572,1.5136015828681608,1856.5388391702568,1.2244234257360405
251,1866.2317480170022,1.0064084668155062,1917.0167333328168,0.9512947200637598,1946.253265016141,1.5666349114158347,1682.1155685826716,1.1369132439569105,1868.6238263759572,1.4259242704423691,1856.048228264918,1.2174351225388762
252,1866.2317480170022,1.0828106018992043,1917.0167333328168,0.8663654435401217,1946.253265016141,1.660518818432738,1682.1155685826716,0.9222109640055575,1868.6238263759572,1.4841477839272703,1856.048228264918,1.2032107223609785
253,1866.2317480170022,0.9990507623636111,1917.0167333328168,0.7292280865567803,1946.253265016141,1.632837256818402,1682.1155685826716,0.7145249617101118,1868.6238263759572,1.6007358519036698,1856.048228264918,1.135275383870515
254,1866.2317480170022,1.0715586399530266,1917.0167333328168,0.9512799745130148,1946.253265016141,1.4766143457995506,1682.1155685826716,0.9712140600056621,1868.6238263759572,1.4522392080542277,1856.048228264918,1.1845812456650964
255,1866.2317480170022,0.9679691009568417,1917.0167333328168,1.131589511318179,1946.253265016141,1.405803533883521,1682.1155685826716,0.9252046208131766,1868.6238263759572,1.3115583243305484,1856.048228264918,1.1484250182604534
256,1866.2317480170022,1.0462274263867515,1917.0167333328168,1.1255435685264916,1946.253265016141,1.3775796414173505,1682.1155685826716,1.0386559552149965,1868.6238263759572,1.0986127988585523,1856.048228264918,1.1373238780808284
257,1866.2317480170022,0.7087805783614715,1917.0167333328168,1.1928461106128956,1946.253265016141,1.3082449532072198,1682.1155685826716,1.1164187680434896,1868.6238263759572,1.1640957206430391,1856.048228264918,1.0980772261736231
258,1866.2317480170022,0.7942720466784222,1917.0167333328168,1.0010249661753008,1946.253265016141,1.2509029960351432,1682.1155685826716,1.1641093309724317,1868.6238263759572,1.0278865748934245,1856.048228264918,1.0476391829509446
259,1866.2317480170022,1.0407056624118107,1917.0167333328168,1.0615701871736956,1946.253265016141,1.1927567532792236,1682.1155685826716,1.1160581912750243,1868.6238263759572,0.9908707653317552,1856.048228264918,1.080392311894302
260,1866.2317480170022,1.211052319133633,1917.0167333328168,0.9965541337175086,1946.253265016141,1.2417241913422783,1682.0942338664345,0.8165675518800043,1868.6238263759572,1.1543969900371622,1856.0439613216706,1.0840590372221173
261,1866.2317480170022,1.2101149645236753,1917.0167333328168,1.158607515552246,1946.253265016141,1.366466993150962,1682.0942338664345,0.8307236016529734,1868.6238263759572,1.073598102379357,1856.0439613216706,1.1279022354518429
262,1862.9358839809377,1.2117446299491035,1917.0167333328168,1.1725488331312495,1946.253265016141,1.3560040068139851,1682.0942338664345,0.9609204733592741,1868.6238263759572,1.252369466428715,1855.3847885144576,1.1907174819364656
263,1862.9358839809377,1.137046973073581,1917.0167333328168,1.076990595816474,1946.253265016141,1.4112221757414882,1682.0942338664345,0.928226366114069,1868.6238263759572,1.2851022225858946,1855.3847885144576,1.1677176666663016
264,1862.9358839809377,0.9968765674865537,1917.0167333328168,1.0174398084673923,1946.253265016141,1.441231370925939,1678.9818354729482,0.9188253504104222,1868.6238263759572,1.2923755713897576,1854.7623088357602,1.133349733736013
265,1862.9358839809377,1.0548319015932877,1917.0167333328168,0.9487048067651797,1946.253265016141,1.5165600834796071,1678.9818354729482,0.9120080539123432,1856.433617217156,1.2384744129111205,1852.3242670040004,1.1341158517323078
266,1862.9358839809377,1.223464418475593,1917.0167333328168,1.061002484869992,1946.253265016141,1.623378777811428,1678.9818354729482,0.8351534934172092,1856.433617217156,1.248089125523496,1852.3242670040004,1.1982176600195436
267,1862.9358839809377,1.2290227829493086,1917.0167333328168,1.0154275393666206,1946.253265016141,1.4853480622759916,1678.9818354729482,1.1184222468054796,1856.433617217156,1.2894616257088907,1852.3242670040004,1.2275364514212583
268,1862.9358839809377,1.3513409727985042,1917.0167333328168,1.0133662302203457,1946.253265016141,1.490210166850237,1678.9818354729482,0.8659356511039139,1856.433617217156,1.2556816913492013,1852.3242670040004,1.1953069424644405
269,1861.8867861949318,1.2581104620577002,1917.0167333328168,1.0570012879425712,1946.253265016141,1.4991951481820287,1675.0819698444009,0.986030935015422,1856.433617217156,1.4017240148947507,1851.3344743210896,1.2404123696184945
270,1861.8867861949318,1.3288907609845397,1917.0167333328168,1.1144414777867975,1946.253265016141,1.6022543879982092,1675.0819698444009,1.0344040415958318,1856.433617217156,1.4965267259538364,1851.3344743210896,1.315303478863843
271,1861.8867861949318,1.556005690530611,1917.0167333328168,1.0288788743499757,1946.253265016141,1.4891914481492967,1675.0819698444009,0.9493080850679068,1856.433617217156,1.635193209908702,1851.3344743210896,1.3317154616012983
272,1861.8867861949318,1.4834978280519895,1917.0167333328168,1.1719815026477107,1946.253265016141,1.386931048332046,1675.0819698444009,0.959450729355951,1855.2663058350363,1.4785745955286587,1851.1010120446656,1.2960871407832713
273,1861.8867861949318,1.50276555548503,1917.0167333328168,1.4059182640505659,1900.262542588123,1.4627985293319754,1675.0819698444009,0.9410757125655672,1853.3858789012922,1.6319203753051674,1841.526782172313,1.3888956873476612
274,1861.8867861949318,1.5489606290784614,1917.0167333328168,1.3084261058065685,1900.262542588123,1.6075704678809732,1675.0819698444009,1.0572062053298932,1852.2185675191724,1.5847169259748648,1841.293319895889,1.4213760668141524
275,1861.8867861949318,1.3279309297386754,1917.0167333328168,1.1189983958023437,1900.262542588123,1.5589815551147852,1675.0819698444009,1.1245187255773645,1852.2185675191724,1.6432216105171233,1841.293319895889,1.3547302433500585
276,1861.8867861949318,1.338255754758518,1917.0167333328168,1.2913744707431802,1900.262542588123,1.7235403796122601,1675.0819698444009,1.3506828447127526,1852.2185675191724,1.580442694722356,1841.293319895889,1.4568592289098135
277,1861.8867861949318,1.1157601001084376,1917.0167333328168,1.2656332204392697,1900.262542588123,1.7435277568035963,1675.0573306616675,1.32579729169921,1852.2185675191724,1.4978856592593177,1841.2883920593424,1.3897208056619663
278,1861.8867861949318,1.0787328021256957,1917.0167333328168,1.2429229436731426,1900.262542588123,1.8432130567692533,1675.0573306616675,1.27738833750941,1852.2185675191724,1.3562976796759711,1841.2883920593424,1.3597109639506946
279,1861.8867861949318,1.135055968204139,1917.0167333328168,1.1666063922942815,1884.985443116501,1.895271528354002,1675.0573306616675,1.2610576292360378,1852.2185675191724,1.1865180412659326,1838.2329721650178,1.3289019118708785
280,1861.8867861949318,1.0172727397912489,1917.0167333328168,1.1884460342492367,1884.985443116501,1.9936494914287208,1675.0573306616675,1.1512751379910993,1852.2185675191724,1.0313049603465798,1838.2329721650178,1.276389672761377
281,1861.8867861949318,1.0963427361554667,1917.0167333328168,1.1776132246085178,1881.5625206887307,2.0311216863732993,1665.9332148335175,0.812931245460444,1852.2185675191724,1.1795306345852763,1835.723564513834,1.259507905436601
282,1861.8867861949318,1.0301813239549973,1917.0167333328168,1.0441151307336671,1877.7299215162984,2.045943567904441,1665.9332148335175,0.8224892593094743,1852.2185675191724,0.9650188321330191,1834.9570446793473,1.1815496228071196
283,1858.7468505414265,1.1003678629639557,1917.0167333328168,1.1453841758433836,1877.7299215162984,2.002665489428717,1665.9332148335175,0.5928070188436313,1852.2185675191724,1.075938567800722,1834.3290575486462,1.1834326229760816
284,1858.7468505414265,1.1392981412960888,1917.0167333328168,1.1010421879142662,1877.7299215162984,1.9603693439275152,1665.9332148335175,0.8578960627397267,1852.2185675191724,1.088999571875839,1834.3290575486462,1.229521061550687
285,1858.7468505414265,1.286648736987535,1917.0167333328168,1.0882296296360356,1860.9091685977119,1.922791851664203,1665.9332148335175,0.9574619975993944,1852.2185675191724,0.9531457866482294,1830.964906964929,1.2416556005070796
286,1858.7468505414265,1.1339408568887699,1917.0167333328168,1.1151633025823426,1855.5710850870191,2.019960481875255,1665.9332148335175,1.0866335143626842,1852.2185675191724,0.8582590180781628,1829.8972902627906,1.242791434757443
287,1858.7468505414265,1.187526219592241,1917.0167333328168,1.0584123853442446,1855.5710850870191,2.0488159325717175,1665.9332148335175,1.1367531508300721,1852.2185675191724,0.9516951061535824,1829.8972902627906,1.2766405588983716
288,1858.7468505414265,1.3960913123578613,1917.0167333328168,1.0022904891395985,1837.7974065209974,2.0741567523037796,1665.9332148335175,1.1369791727884921,1852.2185675191724,0.859652759511875,1826.342554549586,1.2938340972203215
289,1858.7468505414265,1.4817761142666608,1917.0167333328168,0.9473398180662145,1837.7974065209974,2.0020870900619823,1665.9332148335175,1.0599164791982598,1852.2185675191724,0.9463720314258343,1826.342554549586,1.2874983066037904
290,1858.7468505414265,1.6481422066677587,1917.0167333328168,1.1111342594084275,1837.7974065209974,1.9174912033280036,1665.9332148335175,0.8513535866989386,1852.2185675191724,0.9587946003663727,1826.342554549586,1.2973831712939004
291,1858.7468505414265,1.6049740959515877,1917.0167333328168,1.07671953931144,1837.7974065209974,1.9978596185823834,1665.9332148335175,0.880382860442543,1852.2185675191724,1.124412532244837,1826.342554549586,1.3368697293065581
292,1858.7468505414265,1.5717769814194105,1917.0167333328168,1.0991708709489052,1837.7974065209974,1.8688606267088546,1665.9332148335175,0.936197552604017,1852.2185675191724,0.9798572321975372,1826.342554549586,1.2911726527757448
293,1858.7468505414265,1.5052519984788153,1917.0167333328168,0.9609200183881054,1837.7974065209974,1.8144979643015948,1665.9332148335175,0.8284081148617684,1852.2185675191724,1.1618415904136346,1826.342554549586,1.2541839372887835
294,1858.7468505414265,1.4926137280015572,1917.0167333328168,1.0594788065130503,1837.7974065209974,1.6507593724012406,1665.9332148335175,0.9339957268870158,1852.2185675191724,1.1162148325207888,1826.342554549586,1.2506124932647305
295,1858.7468505414265,1.5197639609862998,1917.0167333328168,0.9527635855359161,1837.7974065209974,1.7658975175838572,1665.9332148335175,0.9354326608891872,1852.2185675191724,0.9914277344203798,1826.342554549586,1.2330570918831278
296,1858.7468505414265,1.4569516931615405,1917.0167333328168,1.0774706923342707,1837.7974065209974,1.7847579190527958,1665.9332148335175,1.0124933108891958,1852.2185675191724,0.9614969628699445,1826.342554549586,1.2586341156615493
297,1856.299707290372,1.5609609595593366,1917.0167333328168,0.9120770590794145,1837.7974065209974,1.766183322917048,1665.9332148335175,1.2064547261421263,1852.2185675191724,1.0991119830607643,1825.8531258993753,1.308957610151738
298,1856.299707290372,1.4738246439525304,1917.0167333328168,1.0225407212051782,1837.7974065209974,1.7255388587310396,1665.9332148335175,1.2098262292541473,1852.2185675191724,1.1894029647350146,1825.8531258993753,1.324226683575582
299,1856.299707290372,1.445642145964829,1917.0167333328168,1.066838685637776,1837.7974065209974,1.7005627106213506,1665.9332148335175,1.1343422154760692,1852.2185675191724,1.2174227543991192,1825.8531258993753,1.3129617024198288
300,1853.1437201513875,1.3255270042083636,1917.0167333328168,1.0135011084003056,1837.7974065209974,1.5328368450895316,1665.9332148335175,1.3248790089025222,1852.2185675191724,1.2187273805436525,1825.2219284715782,1.2830942694288752
301,1853.1437201513875,1.420559073003511,1917.0167333328168,0.8434678794824603,1837.7974065209974,1.5395275257449847,1665.9332148335175,1.0510954599448394,1852.2185675191724,1.1332151864613462,1825.2219284715782,1.1975730249274286
302,1853.1437201513875,1.5234968966552482,1917.0167333328168,0.7153902617009856,1837.7974065209974,1.517559506699208,1665.9332148335175,1.1112723499781967,1839.6022941920185,1.1181361527158515,1822.6986738061473,1.1971710335498982
303,1853.1437201513875,1.4518359973946027,1917.0167333328168,0.7397999307729136,1837.7974065209974,1.4288521987277933,1665.9332148335175,1.1404457433396828,1839.6022941920185,1.159476958057691,1822.6986738061473,1.1840821656585367
304,1853.1437201513875,1.5845744832312036,1917.0167333328168,0.9050100972639676,1837.7974065209974,1.4752149090083937,1665.9332148335175,1.2082072109053208,1839.6022941920185,1.2644566525923542,1822.6986738061473,1.287492670600248
305,1853.1437201513875,1.5910902286829909,1917.0167333328168,0.8743144774791676,1837.7974065209974,1.5747214677893284,1665.9332148335175,1.158653194214176,1839.6022941920185,1.2285392193634457,1822.6986738061473,1.285463717505822
306,1853.1437201513875,1.5417885308388513,1917.0167333328168,0.9738811501710535,1837.7974065209974,1.5365003550475271,1665.9332148335175,1.0842649750037923,1839.6022941920185,1.3439090839528003,1822.6986738061473,1.296068819002805
307,1853.1437201513875,1.6416042243739588,1917.0167333328168,0.9340487221395835,1833.3553645770617,1.5575888916741432,1665.2889638317235,1.234580686980298,1839.6022941920185,1.3885235415085893,1821.6814152170016,1.3512692133353146
308,1853.1437201513875,1.6935508210713621,1917.0167333328168,0.9100177795083694,1833.3553645770617,1.5834357579310119,1665.2889638317235,1.1811445189454561,1839.6022941920185,1.403117836385984,1821.6814152170016,1.3542533427684365
309,1853.1437201513875,1.5761516236754725,1917.0167333328168,0.9454368068640656,1833.3553645770617,1.7064722631745288,1665.2889638317235,1.296683797985297,1839.6022941920185,1.3615685806976496,1821.6814152170016,1.377262614479403
310,1853.1437201513875,1.618971781236623,1917.0167333328168,0.810382811770576,1833.3553645770617,1.6852626479427686,1665.2889638317235,1.3077643801664294,1839.6022941920185,1.3990214194653647,1821.6814152170016,1.3642806081163523
311,1853.1437201513875,1.7485592475034266,1917.0167333328168,0.9473911170416035,1833.3553645770617,1.906667552586263,1665.2889638317235,1.3505642567211258,1839.6022941920185,1.3610859224807523,1821.6814152170016,1.4628536192666342
312,1853.0404340952905,1.7272409501144705,1913.6132245724543,0.889973920927953,1832.8787654246762,1.8521287603106578,1665.2889638317235,1.392197120077349,1812.064963545879,1.5596627616825607,1815.3772702940048,1.4842407026225983
313,1853.0404340952905,1.6402118456999484,1913.6132245724543,1.0913445827064023,1832.8787654246762,1.9687283241358617,1660.0828235252204,1.3351692747124535,1812.064963545879,1.6103093564031274,1814.3360422327041,1.5291526767315586
314,1853.0404340952905,1.5744968941713693,1912.62679808478,1.298779902140705,1832.8787654246762,2.0377007304789396,1660.0828235252204,1.281542479831503,1812.064963545879,1.560105812093562,1814.1387569351693,1.5505251637432156
315,1853.0404340952905,1.4649842163333926,1912.62679808478,1.4955707744700795,1832.8787654246762,1.9384072786778697,1659.4385725234265,1.3258783071627063,1799.448690218725,1.5857069903691527,1811.48665206938,1.5621095134026404
316,1853.0404340952905,1.5268756488356914,1912.62679808478,1.5849762089837252,1832.8787654246762,1.9148194246164225,1659.4385725234265,1.371500070205176,1799.290353768662,1.5047658904477643,1811.4549847793671,1.5805874486177558
317,1845.362182086571,1.4304886612414467,1906.9601884015788,1.601037016852826,1832.8787654246762,1.7289676459906866,1659.4385725234265,1.5874174637292742,1796.8259913875554,1.7180734531710005,1808.2931399647616,1.6131968481970467
318,1845.362182086571,1.4780263000844933,1905.9737619139044,1.527537847342593,1832.8787654246762,1.6551245412653097,1659.4385725234265,1.5317877788417995,1796.8259913875554,1.8328077316935198,1808.0958546672268,1.6050568398455431
319,1845.362182086571,1.5141149640991831,1904.8984565234534,1.7170736439400496,1832.8787654246762,1.4545430008953149,1657.2796014204423,1.635214305968816,1796.8259913875554,1.6858954061561373,1807.4489993685397,1.6013682642119
320,1845.362182086571,1.394062872127918,1904.8984565234534,1.6302876266534674,1832.3343862264246,1.50314734155363,1657.2796014204423,1.668407763171432,1796.8259913875554,1.5790239336638967,1807.3401235288893,1.5549859074340688
321,1842.9959073007333,1.3822008723690764,1904.8984565234534,1.5348150026628498,1832.3343862264246,1.5591869711212638,1657.2796014204423,1.5390192605890367,1796.8259913875554,1.6009134148551634,1806.8668685717216,1.5232271043194783
322,1842.9959073007333,1.4213112063674418,1904.8984565234534,1.6472548861415794,1832.3343862264246,1.4909716972482747,1657.2796014204423,1.3959447638979867,1795.0980614617722,1.6893205971558591,1806.5212825865651,1.5289606301622285
323,1842.9959073007333,1.2322486614806039,1904.8984565234534,1.7148323355954673,1832.3343862264246,1.6194235647922897,1657.2796014204423,1.3576982066751972,1795.0980614617722,1.7304968809114605,1806.5212825865651,1.5309399298910038
324,1842.9959073007333,1.3196300967689503,1904.8984565234534,1.6311392044573434,1832.3343862264246,1.5733283317259146,1657.2796014204423,1.43549394094939,1795.0980614617722,1.6501422870652118,1806.5212825865651,1.521946772193362
325,1842.9959073007333,1.1838283138191978,1904.8984565234534,1.6220337225367434,1832.3343862264246,1.5808344935204595,1657.2796014204423,1.3576694188645664,1795.0980614617722,1.4839019711659787,1806.5212825865651,1.445653583981389
326,1842.9959073007333,1.232774584002598,1904.8984565234534,1.545272040736994,1832.3343862264246,1.719967918669747,1656.6353504186486,1.3943069661220502,1795.0980614617722,1.3007216522618321,1806.3924323862066,1.4386086323586444
327,1842.9959073007333,1.1916145310120534,1904.21823553103,1.3817617631292478,1832.3343862264246,1.6164243685513724,1656.6353504186486,1.1569566545548917,1795.0980614617722,1.1066047912785733,1806.2563881877218,1.2906724217052277
328,1842.9959073007333,1.0241510927346293,1904.21823553103,1.316029366782559,1832.3343862264246,1.4856515779086157,1656.6353504186486,1.0763804298411297,1795.0980614617722,1.1098348381305478,1806.2563881877218,1.2024094610794962
329,1842.9959073007333,1.1965328189161397,1904.21823553103,1.5034465493104479,1832.3343862264246,1.6190827926880627,1656.6353504186486,1.0072549857261004,1795.0980614617722,1.2827229355535104,1806.2563881877218,1.3218080164388522
330,1842.9959073007333,1.2621730599967416,1904.21823553103,1.430994129375314,1832.3343862264246,1.6167640158625147,1656.6353504186486,0.9085524603655271,1795.0980614617722,1.1934821859758042,1806.2563881877218,1.2823931703151803
331,1842.9959073007333,1.4190040300765074,1904.21823553103,1.5593359613356084,1832.3343862264246,1.6000783361147324,1656.6353504186486,0.7912841852697567,1795.0980614617722,1.0981834803084174,1806.2563881877218,1.2935771986210045
332,1842.9959073007333,1.414681042117524,1904.21823553103,1.4563428381588253,1832.3343862264246,1.6083595620925926,1656.6353504186486,0.6453753959620343,1795.0980614617722,1.1680660389556725,1806.2563881877218,1.2585649754573296
333,1842.9959073007333,1.3848996001767393,1904.21823553103,1.4427345974555232,1832.3343862264246,1.6786901466705528,1651.2531146291965,0.7177390338190538,1795.0980614617722,1.3756371445756446,1805.1799410298313,1.3199401045395027
334,1842.9959073007333,1.4463217447396381,1904.21823553103,1.478885678365778,1825.2266143371226,1.6263905762058855,1651.2531146291965,0.8487416503309021,1795.0980614617722,1.5403686863752224,1803.7583866519713,1.3881416672034852
335,1842.9959073007333,1.5578625752710928,1894.5023509558807,1.4189724562831545,1825.2266143371226,1.5676213531594791,1651.2531146291965,0.7581613606795682,1795.0980614617722,1.5023755505606902,1801.8152097369414,1.360998659190797
336,1842.9959073007333,1.5223693358028876,1894.5023509558807,1.52675902858173,1825.2266143371226,1.5902901623042638,1650.7905982430855,0.7486698468786734,1795.0980614617722,1.5728457414771744,1801.7227064597191,1.3921868230089458
337,1840.1180146607878,1.5652295959240938,1894.5023509558807,1.718798623822469,1825.2266143371226,1.8045153095979873,1650.7905982430855,0.6632992602608168,1795.0980614617722,1.5334176462667592,1801.1471279317298,1.4570520871744252
338,1840.1180146607878,1.587847468378711,1894.5023509558807,1.8565100332133435,1825.2266143371226,1.9044123069125802,1645.5668154337811,0.7027730012816614,1792.546983130559,1.6664491111412219,1799.592155703626,1.5435983841855037
339,1840.1180146607878,1.7263386441501851,1894.5023509558807,1.8390501377758075,1818.036698847262,1.9595138396220755,1645.5668154337811,1.0277038862355896,1792.546983130559,1.6584791773549914,1798.1541726056541,1.6422171370277296
340,1840.1180146607878,1.7476291887752153,1894.5023509558807,1.9613983315517818,1818.036698847262,2.076819714701305,1645.5668154337811,0.8509879059834481,1792.546983130559,1.5880062454680512,1798.1541726056541,1.6449682772959604
341,1840.1180146607878,1.78832289024494,1894.5023509558807,1.8794263457612557,1814.7455920144284,2.1227922686528102,1645.5668154337811,0.7950529488966,1792.546983130559,1.7346680452640741,1797.4959512390874,1.664052499763936
342,1840.1180146607878,1.7066859773309808,1894.5023509558807,1.8568661613456974,1814.7455920144284,2.2665267532287117,1645.5668154337811,0.889185295986825,1792.546983130559,1.7445988440376559,1797.4959512390874,1.692772606385974
343,1840.1180146607878,1.6032220567375544,1894.5023509558807,1.8284443020847765,1814.7455920144284,2.218846142943012,1645.5668154337811,1.0052549105693247,1792.546983130559,1.8772524352963627,1797.4959512390874,1.7066039695262059
344,1840.1180146607878,1.473270755608739,1894.5023509558807,1.7009027856121817,1814.7455920144284,2.126934277817819,1645.5668154337811,1.0670559058205384,1792.546983130559,1.8178834159723494,1797.4959512390874,1.6372094281663254
345,1840.1180146607878,1.4252333393691838,1894.5023509558807,1.756515389509633,1814.7455920144284,2.1345136426288986,1640.184579644329,1.0737863118673383,1792.546983130559,1.7482237614666065,1796.4195040811967,1.6276544889683322
346,1840.1180146607878,1.223283267022148,1894.5023509558807,1.7567613793915666,1814.7455920144284,2.1360382529419106,1640.184579644329,0.850992423928698,1792.546983130559,1.6759526264921052,1796.4195040811967,1.5286055899552857
347,1840.1180146607878,1.388197722768152,1894.5023509558807,1.6723533823204098,1814.7455920144284,2.128740623708764,1640.184579644329,0.888141432376496,1792.546983130559,1.7552970305825093,1796.4195040811967,1.5665460383512664
348,1840.1180146607878,1.5476474757121075,1894.5023509558807,1.7340318802330206,1814.7455920144284,1.9711776263098604,1640.184579644329,0.78570693475321,1792.546983130559,1.6273857856930263,1796.4195040811967,1.533189940540245
349,1833.7965397771989,1.5359334406580827,1894.5023509558807,1.656719406821058,1814.7455920144284,1.9615693155330125,1640.184579644329,0.9832989940370733,1792.546983130559,1.6396044282484936,1795.155209104479,1.5554251170595443
350,1833.7965397771989,1.5008739343333672,1894.5023509558807,1.633460164684124,1812.0612294753,1.829129213588813,1640.184579644329,1.0037336369343142,1792.546983130559,1.5431556327396936,1794.6183365966535,1.5020705164560624
351,1833.7965397771989,1.5617377819243299,1894.5023509558807,1.530632176765122,1812.0612294753,1.8603024029652016,1640.184579644329,0.845119821591323,1792.546983130559,1.5342899132479542,1794.6183365966535,1.466416419298786
352,1833.7965397771989,1.529529882530164,1894.5023509558807,1.501468344272129,1812.0612294753,1.8804919155631257,1640.184579644329,0.8288256489042378,1792.546983130559,1.519946236096005,1794.6183365966535,1.4520524054731323
353,1833.7965397771989,1.6542460767510627,1894.5023509558807,1.437650632548045,1812.0612294753,1.8783928053006176,1640.184579644329,0.7159363949380992,1792.546983130559,1.3057856874989726,1794.6183365966535,1.3984023194073596
354,1833.7965397771989,1.6037243208479683,1894.5023509558807,1.4943203982334727,1812.0612294753,1.917073687045755,1640.184579644329,0.7830858891537187,1792.546983130559,1.5443194757881311,1794.6183365966535,1.4685047542138092
355,1833.7965397771989,1.5455531454707598,1893.8221299634572,1.6467391089753236,1812.0612294753,1.8576146537012637,1640.184579644329,0.6836314499253566,1792.546983130559,1.4553381207229623,1794.4822923981687,1.4377752957591334
356,1833.7965397771989,1.4415932088205803,1893.8221299634572,1.5246729943902153,1812.0612294753,1.8407898961934472,1640.184579644329,0.7221417815922072,1791.0944908976562,1.5545180004267762,1794.1917939515884,1.4167431762846454
357,1833.7965397771989,1.5207226929882514,1892.9742034016306,1.5477350275142534,1812.0612294753,1.8057080611102119,1640.184579644329,0.4683860248619312,1791.0944908976562,1.532086339501407,1794.022208639223,1.3749276291952108
358,1833.7965397771989,1.4046685832107515,1892.9742034016306,1.5121320695702953,1812.0612294753,1.8562112847316041,1640.184579644329,0.3472565049693751,1791.0944908976562,1.521572126055022,1794.022208639223,1.3283681137074097
359,1833.7965397771989,1.5443684253746568,1884.2940285629059,1.541406311355276,1812.0612294753,1.8092223739070734,1640.184579644329,0.34175616888011817,1791.0944908976562,1.602982785314953,1792.2861736714779,1.3679472129664156
360,1817.8327566272367,1.5770680919427653,1884.2940285629059,1.5503492059004182,1812.0612294753,1.7341734454830096,1640.184579644329,0.4389855146801733,1791.0944908976562,1.4207678811356903,1789.0934170414853,1.3442688278284112
361,1817.8327566272367,1.5930284085793454,1884.2940285629059,1.573709908876532,1812.0612294753,1.6489704917304124,1640.184579644329,0.5289204813496101,1791.0944908976562,1.368405192676116,1789.0934170414853,1.3426068966424032
362,1817.8327566272367,1.625205023934955,1883.9240161625219,1.6135671888805792,1812.0612294753,1.7474183802768428,1640.184579644329,0.45159511846314077,1791.0944908976562,1.2614177322935065,1789.019414561409,1.3398406887698049
363,1817.8327566272367,1.6446708454899055,1883.9240161625219,1.84475766628463,1812.0612294753,1.6407495766319713,1640.184579644329,0.32305988018043946,1791.0944908976562,1.2578406069348798,1789.019414561409,1.3422157151043652
364,1817.8327566272367,1.755480008033937,1882.7658810086557,1.8608852008577994,1812.0612294753,1.5794689704287346,1640.184579644329,0.27550221896421145,1791.0944908976562,1.340599863961854,1788.7877875306356,1.3623872524493073
365,1817.8327566272367,1.7281724587304783,1882.7658810086557,1.8461023808864008,1812.0612294753,1.5807376727430773,1640.184579644329,0.34157079342517294,1791.0944908976562,1.5787117468025853,1788.7877875306356,1.415059010517543
366,1817.8327566272367,1.9228481093316685,1882.7658810086557,1.93084532374458,1812.0612294753,1.5541424446409262,1640.184579644329,0.27550221896421145,1791.0944908976562,1.6958578020008317,1788.7877875306356,1.4758391797364436
367,1817.8327566272367,1.8546331736095418,1880.539512984348,2.0154535321144436,1812.0612294753,1.6679933844772434,1640.184579644329,0.6095417303821987,1791.0944908976562,1.501900394751358,1788.3425139257738,1.529904443066957
368,1806.0832953150873,1.906132402984501,1880.539512984348,2.1296388209004244,1812.0612294753,1.8239990236381403,1640.184579644329,0.4452668414451402,1791.0944908976562,1.4921327845038725,1785.9926216633442,1.5594339746944157
369,1806.0832953150873,1.8158597874963316,1880.539512984348,2.1257074332825683,1812.0612294753,1.6786691680916417,1635.1693894443292,0.5970264646436108,1791.0944908976562,1.6340030151118248,1784.989583623344,1.5702531737251952
370,1806.0832953150873,1.701892870337547,1873.715693769547,2.0735463712735247,1812.0612294753,1.6587667109281854,1635.1693894443292,0.7866062538280866,1791.0944908976562,1.5863224775726399,1783.6248197803839,1.561426936787997
371,1806.0832953150873,1.6532138867828559,1873.715693769547,2.0440732765358622,1812.0612294753,1.6501182097914815,1635.1693894443292,0.7729417154870839,1791.0944908976562,1.4786030620855921,1783.6248197803839,1.519790030136575
372,1806.0832953150873,1.6394144761906049,1873.715693769547,2.0296017374059234,1812.0612294753,1.5300785412069442,1635.1693894443292,0.9726782500527883,1791.0944908976562,1.5003911856148004,1783.6248197803839,1.534432838094212
373,1806.0832953150873,1.647338806609172,1873.715693769547,2.0767509732641787,1812.0612294753,1.6080371961562223,1635.1693894443292,1.0417616791217277,1791.0944908976562,1.2960879533488496,1783.6248197803839,1.5339953217000302
374,1806.0832953150873,1.6187729090273297,1873.715693769547,2.1448704472132896,1812.0612294753,1.6646811082930442,1635.1693894443292,1.0067155121749733,1791.0944908976562,1.28504406708951,1783.6248197803839,1.5440168087596293
375,1806.0832953150873,1.7333724993143267,1873.715693769547,2.230671738567534,1812.0612294753,1.6879674555146271,1635.1693894443292,0.9785203491051406,1791.0944908976562,1.3243677638405937,1783.6248197803839,1.5909799612684445
376,1806.0832953150873,1.8889237575114677,1871.9359329132071,2.0872637299805383,1812.0612294753,1.7269557622444067,1632.4444333862505,0.7447590299289275,1791.0944908976562,1.2546325990281613,1782.7238763975001,1.5405069757387004
377,1798.789797585363,1.9354984410156062,1870.3311905913731,1.9900842727862136,1812.0612294753,1.6484893504767226,1632.4444333862505,0.8620274236365841,1791.0944908976562,1.3088243986731334,1780.9442283871886,1.548984777317652
378,1792.5940830721936,1.9379812473867906,1861.6766668090697,2.0620584672569273,1812.0612294753,1.7693840356872066,1632.4444333862505,0.6501929394164703,1781.914217121001,1.1997862160556318,1776.138125972763,1.5238805811606053
379,1792.5940830721936,1.7960864110087424,1861.6766668090697,2.1011727316232527,1812.0612294753,1.7498247611560616,1632.4444333862505,0.6914700160474824,1781.914217121001,1.3490431749529272,1776.138125972763,1.537519418957693
380,1788.9149429783085,1.8081359587019108,1861.6766668090697,2.119500477750809,1812.0612294753,1.739770817436576,1631.387989969706,0.7455963849328232,1776.2499587993811,1.3231725128946055,1774.058157606353,1.547235230343345
381,1788.9149429783085,1.7596660186786004,1861.6766668090697,2.157244473513552,1812.0612294753,1.620761833429881,1631.387989969706,0.7788595853458967,1776.2499587993811,1.3357267939933135,1774.058157606353,1.5304517409922487
382,1788.9149429783085,1.928915529849416,1861.6766668090697,2.0492365320890182,1812.0612294753,1.5310462940900793,1631.387989969706,0.7764241573806846,1776.2499587993811,1.455987656527319,1774.058157606353,1.5483220339873036
383,1774.7525380120785,1.920262099374764,1861.6766668090697,1.8009588728565404,1812.0612294753,1.5080672051233666,1631.387989969706,0.9748612246660704,1776.2499587993811,1.5025980544151805,1771.2256766131072,1.5413494912871843
384,1774.7525380120785,1.9568323876841538,1861.6766668090697,1.816239516342998,1812.0612294753,1.5574154568426701,1631.387989969706,1.0442646215085944,1776.2499587993811,1.4450287352297384,1771.2256766131072,1.563956143521631
385,1774.7525380120785,1.9736865905305359,1861.6766668090697,1.9010430056656091,1812.0612294753,1.5046898779404048,1631.387989969706,1.1857172639489413,1776.2499587993811,1.3413599861082215,1771.2256766131072,1.5812993448387425
386,1774.7525380120785,1.9934354060136599,1858.7254614000528,1.9695567968706285,1812.0612294753,1.590360976719706,1631.387989969706,1.1024439851397507,1776.2499587993811,1.2723895068599245,1770.6354355313038,1.585637334320734
387,1774.7525380120785,1.946274927657017,1858.7254614000528,1.7099402325030837,1809.5392936327232,1.548201052623532,1628.3843942311596,1.1441858044670317,1776.2499587993811,1.2708213613635913,1769.530329215079,1.5238846757228512
388,1774.7525380120785,1.9274793394992196,1858.7254614000528,1.5698244168075255,1809.5392936327232,1.5782280444419792,1628.3843942311596,1.1432909895455359,1776.2499587993811,1.2420340581485239,1769.530329215079,1.4921713696885566
389,1774.7525380120785,1.7717073065758189,1858.7254614000528,1.6321611399799887,1806.5724109104779,1.710197921018331,1628.3843942311596,1.0986680537632574,1776.2499587993811,1.1371491718230848,1768.93695267063,1.4699767186320962
390,1774.7525380120785,1.8449527484397195,1858.7254614000528,1.6220323818089868,1806.5724109104779,1.634686802624156,1628.3843942311596,0.7764757781191785,1776.2499587993811,0.9606758381327998,1768.93695267063,1.3677647098249681
391,1774.7525380120785,1.7472577889977101,1858.7254614000528,1.4817620513529164,1806.5724109104779,1.7225647565667832,1628.3843942311596,0.49168978988610396,1776.2499587993811,1.0141404264165452,1768.93695267063,1.2914829626440119
392,1774.7525380120785,1.8287411542636536,1855.506264421413,1.4617557773587952,1806.5724109104779,1.6696374228942146,1628.3843942311596,0.5319476202924184,1776.2499587993811,1.2248363615647357,1768.2931132749022,1.3433836672747634
393,1774.7525380120785,1.7770540612911303,1855.506264421413,1.347260564533899,1806.5724109104779,1.642959697571757,1628.3843942311596,0.6054477476734339,1776.2499587993811,1.3892024222177708,1768.2931132749022,1.3523848986575984
394,1774.7525380120785,1.782776349533798,1855.506264421413,1.4533238559326023,1806.5724109104779,1.6835309952371391,1628.3843942311596,0.4861446780897911,1776.2499587993811,1.4491409182564643,1768.2931132749022,1.370983359409959
395,1774.7525380120785,1.6708519634215333,1855.506264421413,1.4238939591857944,1806.5724109104779,1.803834165780814,1628.3843942311596,0.3085748987084769,1776.2499587993811,1.2437693276122144,1768.2931132749022,1.2901848629417665
396,1774.7525380120785,1.5899557311432755,1855.506264421413,1.5081316927086277,1803.5460990309882,1.8619727536657404,1628.3843942311596,0.470485231529351,1774.9929250000441,1.212427566521912,1767.4364441391367,1.3285945951137814
397,1774.7525380120785,1.7719254607609738,1855.506264421413,1.5988445051719589,1803.5460990309882,1.805744489978747,1628.3843942311596,0.5125983438730758,1774.9099424569185,1.1341135691278812,1767.4198476305114,1.3646452737825272
398,1774.7525380120785,1.7554907282897583,1854.9305877319223,1.4996884618952646,1803.5460990309882,1.634835922883259,1628.3843942311596,0.39289405130126515,1774.9099424569185,1.033847517659644,1767.3047122926134,1.2633513364058382
399,1774.7525380120785,1.729356203318186,1854.9305877319223,1.5828308881834448,1803.5460990309882,1.6203063384768899,1628.3843942311596,0.4785423060397272,1774.9099424569185,1.2335280961994797,1767.3047122926134,1.3289127664435454
400,1774.7525380120785,1.779834009441118,1854.9305877319223,1.5274470409886578,1803.5460990309882,1.5484695511988735,1628.3843942311596,0.4195552932904642,1774.9099424569185,1.3535381084524405,1767.3047122926134,1.3257688006743107
401,1774.7525380120785,1.8816601745321655,1854.9305877319223,1.533296227474028,1803.5460990309882,1.545599432304288,1628.3843942311596,0.5697439850238495,1774.9099424569185,1.407189706610668,1767.3047122926134,1.3874979051889997
402,1774.7525380120785,1.8291043143822294,1854.9305877319223,1.6515151927080811,1803.5460990309882,1.51109344374564,1628.3843942311596,0.3872533076352726,1774.9099424569185,1.4790073475140437,1767.3047122926134,1.3715947211970532
403,1774.7525380120785,1.8634350233725647,1854.9305877319223,1.640470350636301,1803.5460990309882,1.6499612021008232,1628.3843942311596,0.4389855146801733,1774.9099424569185,1.3330006471412366,1767.3047122926134,1.3851705475862197
404,1774.7525380120785,1.854921689207185,1854.9305877319223,1.5403081240483683,1785.375809916686,1.617129806882141,1628.3843942311596,0.6418751467348369,1774.9099424569185,1.3418607380048193,1763.6706544697531,1.39921910097547
405,1774.7525380120785,1.9604676161818635,1854.9305877319223,1.5065255869549061,1785.375809916686,1.6585903105229354,1628.3843942311596,0.44135637251813864,1774.9099424569185,1.2538719867376735,1763.6706544697531,1.3641623745831033
406,1774.7525380120785,2.103177064701774,1854.9305877319223,1.5398719296422934,1785.375809916686,1.6389229044013236,1628.3843942311596,0.5087380590093048,1774.9099424569185,1.3207552459321694,1763.6706544697531,1.422293040737373
407,1774.7525380120785,2.092138429270185,1854.9305877319223,1.644672173048142,1785.375809916686,1.4014022836713071,1628.3843942311596,0.657177202894437,1774.9099424569185,1.4303705289916695,1763.6706544697531,1.445152123575148
408,1774.7525380120785,1.939578841187161,1854.9305877319223,1.509311588403034,1785.375809916686,1.522715737276464,1625.1499164969696,0.9322004785088562,1774.9099424569185,1.3668463230541787,1763.0237589229152,1.4541305936859388
409,1774.7525380120785,1.9382164188064173,1854.9305877319223,1.570815592204152,1785.375809916686,1.5166233504631776,1625.1499164969696,0.8436821718100092,1774.9099424569185,1.248851322686012,1763.0237589229152,1.4236377711939538
410,1774.7525380120785,1.9999459859689814,1854.9305877319223,1.443293170676989,1785.375809916686,1.500018185362738,1625.1499164969696,0.819355281974289,1774.9099424569185,1.2259624928382307,1763.0237589229152,1.3977150233642457
411,1774.7525380120785,1.9701726840637317,1854.9305877319223,1.4843903607591746,1785.375809916686,1.649054228628569,1625.1499164969696,0.8504207263225028,1774.9099424569185,1.1537362410961698,1763.0237589229152,1.4215548481740297
412,1774.7525380120785,2.0526546893297586,1854.9305877319223,1.3913573739336411,1785.375809916686,1.5815944000270221,1625.1499164969696,0.981148149811299,1774.9099424569185,1.0657966896568392,1763.0237589229152,1.4145102605517121
413,1774.7525380120785,2.013478203503284,1854.9305877319223,1.3456645413164943,1785.375809916686,1.5775930356996095,1625.1499164969696,1.2608493292110525,1774.9099424569185,1.0743881999384988,1763.0237589229152,1.454394661933788
414,1774.7525380120785,1.993715339406572,1854.9305877319223,1.4952434790045135,1785.375809916686,1.6615261267705954,1625.1499164969696,1.3650458185025556,1774.9099424569185,1.0569883188899822,1763.0237589229152,1.514503816514844
415,1772.305394761024,2.1323057226522066,1854.9305877319223,1.4927274354677382,1785.375809916686,1.7171987710021344,1624.7441320122105,1.3101275959987013,1774.9099424569185,1.1035572704169483,1762.4531733757526,1.551183359107546
416,1772.305394761024,2.198871708675415,1854.9305877319223,1.6226758158603327,1785.375809916686,1.7447307481518353,1624.7441320122105,1.2027018477577436,1774.9099424569185,1.030208392067373,1762.4531733757526,1.55983770250254
417,1772.305394761024,2.161749282483543,1854.9305877319223,1.6270986559019744,1785.375809916686,1.7472458496417844,1624.7441320122105,1.231625374987734,1774.9099424569185,1.1072206507234668,1762.4531733757526,1.5749879627477006
418,1772.305394761024,2.19803140372067,1854.9305877319223,1.6321971358775043,1785.375809916686,1.6271224384787057,1624.7441320122105,1.0866200236005408,1774.9099424569185,1.0783920189121072,1762.4531733757526,1.5244726041179057
419,1772.305394761024,2.177514356335831,1854.9305877319223,1.571919413107067,1785.375809916686,1.4578322453448131,1624.7441320122105,1.1508418803298108,1774.9099424569185,0.972679835672601,1762.4531733757526,1.4661575461580245
420,1772.305394761024,2.255821993264422,1854.9305877319223,1.4546068757509576,1785.375809916686,1.4986518131680249,1624.7441320122105,1.0556387620993857,1774.9099424569185,1.2745844118391272,1762.4531733757526,1.5078607712243834
421,1772.305394761024,2.1596470219239565,1854.9305877319223,1.5395119433076734,1785.375809916686,1.384375943386132,1624.7441320122105,1.1094046933596813,1774.9099424569185,1.2004864296292435,1762.4531733757526,1.4786852063213374
422,1772.305394761024,2.065573237830739,1854.9305877319223,1.5240883213126577,1785.375809916686,1.5531389941394393,1624.7441320122105,1.041655614355153,1774.9099424569185,1.1112713979781377,1762.4531733757526,1.4591455131232254
423,1772.305394761024,2.088065495966909,1854.9305877319223,1.5447443163202916,1785.375809916686,1.459785179765969,1624.7441320122105,0.9719788753966125,1774.9099424569185,1.1311200933351564,1762.4531733757526,1.4391387921569878
424,1772.305394761024,2.0299595216739257,1854.9305877319223,1.6178352015830382,1785.375809916686,1.4014618807328643,1624.7441320122105,1.1006878462379523,1774.9099424569185,1.1408248905880334,1762.4531733757526,1.4581538681631627
425,1772.305394761024,1.9169949781096904,1853.4856208755075,1.5871903633679016,1785.375809916686,1.2993729810590733,1624.7441320122105,1.065951235685015,1771.511088755516,1.320567658634937,1761.4844092641888,1.4380154433713235
426,1772.305394761024,1.8518308257773646,1850.1151514413048,1.6341224004793868,1785.375809916686,1.257879255400157,1624.7441320122105,1.2761477111617592,1771.511088755516,1.3732575352341787,1760.8103153773482,1.4786475456105692
427,1772.305394761024,1.7612897727749968,1850.1151514413048,1.50757116946527,1785.375809916686,1.1796229615072202,1624.7441320122105,1.2918220306712853,1771.511088755516,1.2343846871312016,1760.8103153773482,1.394938124309995
428,1772.305394761024,1.678907652737007,1850.1151514413048,1.4980663933339153,1785.375809916686,1.016500170085624,1624.7441320122105,1.1817936888238105,1771.511088755516,0.9858496980497082,1760.8103153773482,1.272223520606013
429,1772.305394761024,1.8502307089819583,1850.1151514413048,1.3830875844696884,1785.375809916686,1.1152280825102472,1624.7441320122105,1.2116424915946213,1771.511088755516,1.2242305970642582,1760.8103153773482,1.3568838929241545
430,1765.5293490059346,1.9182742856191322,1850.1151514413048,1.5417346619790422,1785.375809916686,1.107741104169011,1624.7441320122105,1.2539411050118854,1771.511088755516,0.9818599636448857,1759.4551062263304,1.3607102240847913
431,1765.5293490059346,1.7534095440699575,1850.1151514413048,1.562232127894034,1785.375809916686,1.0506167531470525,1624.7441320122105,1.24199521194151,1771.511088755516,0.9780704932344456,1759.4551062263304,1.3172648260573998
432,1765.5293490059346,1.8661289825742953,1850.1151514413048,1.535619546865725,1785.375809916686,1.1581384288766556,1624.7441320122105,1.2544916364456626,1771.511088755516,1.1266251620195058,1759.4551062263304,1.388200751356369
433,1765.5293490059346,1.8981186439408584,1850.1151514413048,1.6353549320650322,1785.375809916686,1.3221676675752607,1624.7441320122105,1.2205268592713512,1771.511088755516,1.1523259755958741,1759.4551062263304,1.4456988156896755
434,1759.4440674126276,2.0122843054224235,1850.1151514413048,1.6667173874162764,1785.375809916686,1.4580679253906512,1624.7441320122105,1.1513435451219396,1771.511088755516,0.9111303603876992,1758.2380499076692,1.4399087047477979
435,1759.4440674126276,1.9520444642004153,1850.1151514413048,1.77143598295341,1785.375809916686,1.4498129677577993,1624.7441320122105,0.8583097440422932,1771.511088755516,0.94755513517004,1758.2380499076692,1.3958316588247914
436,1759.4440674126276,2.02090450459241,1850.1151514413048,1.6895867167213328,1785.375809916686,1.2988246715885141,1624.7441320122105,0.5472873280274159,1771.511088755516,0.9264993419416452,1758.2380499076692,1.2966205125742636
437,1757.6342443334454,1.9755986527659701,1850.1151514413048,1.6108459591048034,1785.375809916686,1.3724529706556208,1624.1053306248523,0.6760711789626263,1771.511088755516,0.899752947016356,1757.748325014361,1.3069443417010755
438,1757.6342443334454,1.8303429536384785,1850.1151514413048,1.6340758447118915,1785.375809916686,1.503816214787752,1624.1053306248523,0.8965892081415643,1771.511088755516,1.0320885123435466,1757.748325014361,1.3793825467246463
439,1757.6342443334454,2.0844610318568564,1850.1151514413048,1.5890728446852742,1785.375809916686,1.6517717255188997,1624.1053306248523,1.0823602163001576,1771.511088755516,1.1168221885025416,1757.748325014361,1.504897601372746
440,1757.6342443334454,2.079966942212905,1850.1151514413048,1.710020219101746,1785.375809916686,1.6269461177426014,1624.1053306248523,0.9846449090782802,1771.511088755516,1.0767596393578578,1757.748325014361,1.4956675654986782
441,1757.6342443334454,2.152366976127106,1850.1151514413048,1.5860690544949685,1785.375809916686,1.5860129482326126,1624.1053306248523,0.7501507548809229,1771.511088755516,1.0960323659258044,1757.748325014361,1.434126419932283
442,1745.1619715208458,2.10002710361335,1850.1151514413048,1.5647824061019413,1785.375809916686,1.6660926912872593,1624.1053306248523,0.865372571073973,1771.511088755516,1.2690380427407075,1755.253870451841,1.4930625629634462
443,1745.1619715208458,2.0352166748973106,1850.1151514413048,1.409914842993599,1785.375809916686,1.6208707767759094,1624.1053306248523,1.0650042632755594,1771.511088755516,1.3004527213630277,1755.253870451841,1.4862918558610814
444,1745.1619715208458,2.0728706193861752,1850.1151514413048,1.3530402821513552,1785.375809916686,1.4435833892045788,1624.1053306248523,1.1744420608743642,1771.511088755516,1.334389028408574,1755.253870451841,1.4756650760050094
445,1745.1619715208458,2.092976224769046,1850.1151514413048,1.2550229687624648,1785.375809916686,1.5936283195126628,1624.1053306248523,1.3112233869173981,1771.511088755516,1.319600565311664,1755.253870451841,1.514490293054647
446,1745.1619715208458,2.1165557865879814,1850.1151514413048,1.3240182450151678,1785.375809916686,1.7127462386468957,1624.1053306248523,1.3719394536772018,1771.511088755516,1.1450610165092303,1755.253870451841,1.5340641480872956
447,1745.1619715208458,2.2014426527291757,1850.1151514413048,1.362342227557419,1785.375809916686,1.8004932644007732,1624.1053306248523,1.540889368501093,1771.511088755516,1.2094455103025081,1755.253870451841,1.622922604698194
448,1745.1619715208458,2.3047334899053045,1850.1151514413048,1.1404687235528954,1785.375809916686,1.776876059066284,1624.1053306248523,1.5919182261762264,1771.511088755516,1.2933387305939381,1755.253870451841,1.6214670458589295
449,1745.1619715208458,2.2836752722307807,1850.1151514413048,1.2054646322745206,1785.375809916686,1.8095650725744572,1623.717971083892,1.4861214000296952,1771.511088755516,1.2366970627820417,1755.176398543649,1.6043046879782992
450,1745.1619715208458,2.2291831815204506,1850.1151514413048,1.3710928161922311,1785.375809916686,1.653341889303142,1623.717971083892,1.5160028811405637,1771.511088755516,1.2832448008693766,1755.176398543649,1.610573113805153
451,1738.8290196853732,2.231921541173937,1850.1151514413048,1.4402740706185986,1785.375809916686,1.660882617182499,1623.717971083892,1.4745988343842331,1771.511088755516,1.4026906446004181,1753.9098081765544,1.6420735415919374
452,1738.8290196853732,2.273886527942312,1850.1151514413048,1.5497668746475144,1785.375809916686,1.5706054646182792,1623.717971083892,1.388262959861427,1771.511088755516,1.417561241723267,1753.9098081765544,1.6400166137585601
453,1738.8290196853732,2.3090750820539347,1850.1151514413048,1.6087743415248037,1785.375809916686,1.4696324933098575,1623.717971083892,1.4287472678249598,1771.511088755516,1.2596110275310437,1753.9098081765544,1.61516804244892
454,1738.8290196853732,2.301441804681256,1850.1151514413048,1.6786478673425766,1785.375809916686,1.5271975593948128,1623.717971083892,1.323111140823821,1771.511088755516,1.3276611538044083,1753.9098081765544,1.631611905209375
455,1738.8290196853732,2.298218717024396,1850.1151514413048,1.7129203219615678,1785.375809916686,1.4061139363924111,1623.717971083892,1.3268629940590448,1771.511088755516,1.3788972917347417,1753.9098081765544,1.6246026522344323
456,1738.8290196853732,2.1742695058253996,1850.1151514413048,1.7197507432326025,1785.375809916686,1.252479117686607,1623.717971083892,1.2968197714790706,1771.511088755516,1.1656537337617787,1753.9098081765544,1.521794574397092
457,1738.8290196853732,2.206635214231632,1850.1151514413048,1.4589327561447993,1778.3803966691264,1.3356008053628616,1623.717971083892,1.242122172651496,1771.511088755516,1.2526825766622458,1752.5107255270425,1.499194705010607
458,1738.8290196853732,2.1587976137999463,1850.1151514413048,1.4242715052378945,1778.3803966691264,1.3139156238504939,1623.717971083892,1.200256066753216,1771.511088755516,1.273794634399262,1752.5107255270425,1.4742070888081624
459,1738.8290196853732,2.154260849526389,1850.1151514413048,1.5259830827425207,1778.3803966691264,1.3943553659438646,1623.717971083892,1.3821101616664273,1771.511088755516,1.2543402159947794,1752.5107255270425,1.5422099351747962
460,1738.8290196853732,2.2047226349530096,1850.1151514413048,1.596569846593138,1778.3803966691264,1.4400221030715954,1623.717971083892,1.238899524659383,1771.511088755516,1.3942939336296654,1752.5107255270425,1.5749016085813583
461,1738.8290196853732,2.1704644383020044,1850.1151514413048,1.4130397787884847,1778.3803966691264,1.5745876259101435,1623.717971083892,1.3253038911523212,1771.511088755516,1.4248815500221548,1752.5107255270425,1.5816554568350216
462,1738.8290196853732,2.226376738448451,1850.1151514413048,1.358043752814709,1778.3803966691264,1.7020044344235186,1623.717971083892,1.4619769376384435,1771.511088755516,1.3512153938070912,1752.5107255270425,1.6199234514264425
463,1738.8290196853732,2.2269707280493876,1850.1151514413048,1.3629586611201099,1778.3803966691264,1.6549449509022098,1623.717971083892,1.3224482674632563,1771.511088755516,1.314138425114009,1752.5107255270425,1.5762922065297944
464,1738.8290196853732,2.2187920105736327,1850.1151514413048,1.2019075298604016,1778.3803966691264,1.5117420709169123,1623.717971083892,1.42980739896378,1771.511088755516,1.1333069812446348,1752.5107255270425,1.4991111983118723
465,1738.8290196853732,2.1927799882848786,1850.1151514413048,1.1338515747092366,1778.3803966691264,1.3607080873216226,1623.717971083892,1.3643388912127774,1771.511088755516,1.1668610518649765,1752.5107255270425,1.4437079186786983
466,1738.8290196853732,2.1080414329497286,1850.1151514413048,1.12113156380099,1778.3803966691264,1.2965821950141532,1623.717971083892,1.3620398635153834,1771.511088755516,1.2282754441130619,1752.5107255270425,1.4232140998786635
467,1738.8290196853732,2.0958407302337685,1850.1151514413048,1.072089765088953,1778.3803966691264,1.2259770074346343,1623.717971083892,1.2081363873280464,1771.511088755516,1.0831986747691096,1752.5107255270425,1.3370485129709024
468,1723.643177203132,2.0313741908043452,1850.1151514413048,1.0925086857930921,1778.3803966691264,1.224676679929174,1623.717971083892,1.2995335305169062,1771.511088755516,1.133475456451336,1749.4735570305943,1.3563137086989707
469,1723.643177203132,2.012602166507817,1847.1783776506052,1.2618777320900905,1778.3803966691264,1.2886375395152492,1623.717971083892,1.497487627849558,1771.511088755516,1.197168297427001,1748.8862022724545,1.451554672677943
470,1723.643177203132,1.9563756126781766,1838.3265148671624,1.2778320003552308,1778.3803966691264,1.4113876246863146,1623.717971083892,1.5228437760193507,1771.511088755516,1.2454221553082314,1747.1158297157658,1.4827722338094609
471,1723.643177203132,1.95714362926154,1838.3265148671624,1.2671218669389086,1778.3803966691264,1.349655903786628,1623.717971083892,1.5110799733977633,1771.511088755516,1.2548812297411753,1747.1158297157658,1.4679765206252031
472,1723.643177203132,1.987008965521835,1838.3265148671624,1.4352837547023496,1778.3803966691264,1.4798807185251623,1623.717971083892,1.4174861753321002,1771.511088755516,1.1089686558936498,1747.1158297157658,1.4857256539950194
473,1723.643177203132,1.9209127173618736,1838.3265148671624,1.315961314519819,1778.3803966691264,1.5729668983633525,1623.717971083892,1.3859554884662375,1771.511088755516,1.2095553620698067,1747.1158297157658,1.4810703561562177
474,1723.643177203132,1.9625085091889378,1838.3265148671624,1.2560681217080358,1778.3803966691264,1.5911035180828086,1623.717971083892,1.4675895246311363,1771.511088755516,1.2393595816380416,1747.1158297157658,1.503325851049792
475,1723.643177203132,1.9056673301454279,1838.3265148671624,1.30743036739538,1778.3803966691264,1.4365017773112807,1623.717971083892,1.5011271611345764,1771.511088755516,1.1805939436607267,1747.1158297157658,1.4662641159294783
476,1723.643177203132,1.8702519614412083,1838.3265148671624,1.4345862716793856,1778.3803966691264,1.3528622699450887,1623.717971083892,1.5887059357004403,1771.511088755516,1.2011987153463284,1747.1158297157658,1.4895210308224902
477,1723.643177203132,1.904470208244242,1838.3265148671624,1.3121885050543771,1778.3803966691264,1.4601120317401877,1623.717971083892,1.441478046380244,1771.511088755516,1.302092447720463,1747.1158297157658,1.4840682478279028
478,1723.643177203132,1.8697105859483767,1838.3265148671624,1.2917804345937527,1778.3803966691264,1.5058262740675827,1623.717971083892,1.3162120999331515,1771.511088755516,1.3618281101044543,1747.1158297157658,1.4690715009294637
479,1723.643177203132,2.0401082032782063,1838.3265148671624,1.333185753272878,1775.6751546641283,1.5680422130986855,1623.717971083892,1.321174403097149,1771.511088755516,1.4325405582240813,1746.574781314766,1.5390102261942
480,1723.643177203132,1.9152037329992295,1831.3668640245603,1.3282516444382622,1775.6751546641283,1.5170985455063197,1623.717971083892,1.224210567091003,1771.511088755516,1.3894084119713637,1745.1828511462456,1.4748345804012355
481,1723.643177203132,1.9215757963450841,1831.3668640245603,1.3978310978357311,1775.6751546641283,1.6593933620067916,1623.717971083892,1.3016950086108103,1771.511088755516,1.3056129129315377,1745.1828511462456,1.5172216355459909
482,1723.643177203132,1.8245174068694654,1831.3668640245603,1.189842361332004,1775.3878020611094,1.65229625283946,1623.717971083892,1.3638985239205903,1771.511088755516,1.2192495818788562,1745.125380625642,1.4499608253680751
483,1723.643177203132,1.8542332154695205,1831.3668640245603,1.2589067169115875,1775.3878020611094,1.8027107077215347,1623.717971083892,1.3171829904061647,1771.511088755516,1.1807508301563512,1745.125380625642,1.4827568921330319
484,1723.643177203132,1.8835721144432909,1831.3668640245603,1.339905920489947,1775.3878020611094,1.8240534576043927,1623.717971083892,1.2845536535169442,1771.511088755516,1.2354631511403158,1745.125380625642,1.513509659438978
485,1723.643177203132,1.9070872298927206,1831.3668640245603,1.2178828506421786,1775.3878020611094,1.7742793439322126,1621.4000780111994,1.3698390751092107,1771.511088755516,1.2596406941519565,1744.6618020111032,1.5057458387456557
486,1723.643177203132,1.9564971556456436,1831.3668640245603,1.4472876251378126,1775.3878020611094,1.6842585243202681,1621.4000780111994,1.2787001216341578,1771.511088755516,1.3176472244337383,1744.6618020111032,1.536878130234324
487,1723.643177203132,1.927362942671388,1824.4825883436863,1.3517542024898146,1775.3878020611094,1.6029403590135707,1621.4000780111994,1.377663694330647,1771.511088755516,1.3683032285113959,1743.2849468749287,1.525604885403363
488,1723.643177203132,1.911927664701809,1824.4825883436863,1.4047651452194276,1775.3878020611094,1.5907090289047179,1621.4000780111994,1.3867230651835356,1771.511088755516,1.4673982055968837,1743.2849468749287,1.5523046219212748
489,1723.643177203132,1.8965620816010684,1824.4825883436863,1.0885056505286974,1775.3878020611094,1.5420631821473776,1621.4000780111994,1.5807944273818408,1771.511088755516,1.3631269414147473,1743.2849468749287,1.4942104566147463
490,1723.643177203132,1.7152457979472728,1824.4825883436863,1.0884179938156202,1775.3878020611094,1.5604245994052373,1619.6579319288012,1.5127115261568291,1771.511088755516,1.476320748315912,1742.9365176584488,1.4706241331281742
491,1723.643177203132,1.6403930116435717,1824.4825883436863,1.061690310063642,1775.3878020611094,1.6079520908818832,1619.6579319288012,1.5568008257454278,1771.511088755516,1.4039460473536731,1742.9365176584488,1.4541564571376395
492,1723.643177203132,1.647120251892846,1824.4825883436863,0.9283824833198292,1775.3878020611094,1.5503579935164746,1619.6579319288012,1.5576325137240994,1771.511088755516,1.3950306424211703,1742.9365176584488,1.4157047769748838
493,1723.643177203132,1.6508491970646173,1824.4825883436863,0.9953919908581982,1775.3878020611094,1.6758415219112193,1619.6579319288012,1.4508999235468818,1771.511088755516,1.2526567985049837,1742.9365176584488,1.4051278863771801
494,1723.643177203132,1.6332622446244254,1824.4825883436863,0.9848568050498842,1775.3878020611094,1.6253933027933187,1619.6579319288012,1.5280031715250695,1771.511088755516,1.422233849234396,1742.9365176584488,1.4387498746454188
495,1723.643177203132,1.6140245974645715,1824.4825883436863,1.0420131950931169,1775.3878020611094,1.6117324116283527,1619.6579319288012,1.5057453445355977,1771.511088755516,1.3235342720243337,1742.9365176584488,1.4194099641491946
496,1723.643177203132,1.5862993344429184,1824.4825883436863,0.9768212684137165,1775.3878020611094,1.611538337266925,1619.6579319288012,1.584496331213171,1771.511088755516,1.3228041980723855,1742.9365176584488,1.4163918938818234
497,1723.643177203132,1.6638807359292112,1824.4825883436863,1.1026074984986487,1775.3878020611094,1.510551930304645,1619.6579319288012,1.4941677953583432,1771.511088755516,1.3086373102777897,1742.9365176584488,1.4159690540737278
498,1723.643177203132,1.7124737447018508,1824.4825883436863,1.010181265917242,1775.3878020611094,1.4717439834233994,1619.6579319288012,1.5001415129858457,1771.511088755516,1.411319279585586,1742.9365176584488,1.421171957322785
499,1723.643177203132,1.6621058919647462,1824.4825883436863,1.1582791528200962,1775.3878020611094,1.462841201596225,1619.6579319288012,1.3484570446553537,1771.511088755516,1.362404406415128,1742.9365176584488,1.39881753949031
500,1723.643177203132,1.6598713342782199,1824.4825883436863,1.0397046385451267,1775.3878020611094,1.6235597821197647,1619.6579319288012,1.2382093177517022,1771.511088755516,1.3112407327084752,1742.9365176584488,1.3745171610806577
