generation,fitness_run_1,diversity_run_1,fitness_run_2,diversity_run_2,fitness_run_3,diversity_run_3,fitness_run_4,diversity_run_4,fitness_run_5,diversity_run_5,fitness_average,diversity_average
1,538329.1529838084,995.951582278481,543303.3094834607,996.5943037974683,540755.2659358844,995.2079113924051,537882.9053969114,995.9537974683544,540577.2506339159,996.4344936708861,540169.5768867962,996.028417721519
2,538329.1529838084,995.0629746835443,541340.2961247492,997.5303797468355,540755.2659358844,995.4132911392405,537882.9053969114,997.0604430379747,540577.2506339159,995.5813291139241,539776.9742150538,996.1296835443038
3,538329.1529838084,993.8272151898734,541340.2961247492,996.3110759493671,540755.2659358844,994.1332278481012,534363.3863798847,995.9816455696202,530375.9693985006,994.478164556962,537032.8141645655,994.9462658227849
4,534827.2969277994,993.5892405063291,541340.2961247492,996.0373417721519,538517.3496238237,993.9462025316456,534363.3863798847,996.6509493670886,530375.9693985006,992.1300632911392,535884.8596909515,994.4707594936708
5,534827.2969277994,995.4430379746835,540438.4095957715,996.6680379746836,534045.3442739272,995.9537974683544,534363.3863798847,996.1025316455696,530375.9693985006,995.5322784810127,534810.0813151766,995.9399367088606
6,534827.2969277994,996.8303797468354,537379.4277008796,994.8414556962025,534045.3442739272,995.2620253164557,534363.3863798847,994.0493670886076,530375.9693985006,995.5977848101265,534198.2849361983,995.3162025316454
7,531657.2044946827,996.8743670886076,537379.4277008796,996.4069620253165,534045.3442739272,993.9632911392405,534363.3863798847,993.3525316455696,530375.9693985006,996.9022151898735,533564.266449575,995.4998734177216
8,531657.2044946827,996.6145569620253,537379.4277008796,995.8193037974684,534045.3442739272,993.6477848101266,534363.3863798847,995.7908227848101,530375.9693985006,996.8148734177215,533564.266449575,995.7374683544303
9,531657.2044946827,996.7886075949367,537379.4277008796,996.0468354430379,534045.3442739272,994.6768987341773,534363.3863798847,996.0487341772152,530375.9693985006,996.2363924050633,533564.266449575,995.959493670886
10,531657.2044946827,995.3161392405063,537379.4277008796,996.9303797468355,534045.3442739272,995.8060126582278,534363.3863798847,995.903164556962,528658.8705533663,996.7354430379747,533220.8466805482,996.1382278481012
11,531657.2044946827,995.9329113924051,537379.4277008796,996.2569620253165,534045.3442739272,995.7082278481013,534363.3863798847,997.1636075949367,528658.8705533663,995.9924050632911,533220.8466805482,996.21082278481
12,531657.2044946827,996.3873417721519,531462.2966419709,995.6924050632912,534045.3442739272,995.6275316455697,534363.3863798847,994.6541139240506,528658.8705533663,995.0851265822785,532037.4204687664,995.4893037974683
13,531657.2044946827,996.5512658227848,531462.2966419709,994.6110759493671,534045.3442739272,996.8132911392405,534363.3863798847,993.1974683544304,528658.8705533663,995.6971518987342,532037.4204687664,995.3740506329113
14,531657.2044946827,995.321835443038,531462.2966419709,995.5101265822785,534045.3442739272,996.4949367088608,534363.3863798847,991.7857594936709,528658.8705533663,996.2237341772152,532037.4204687664,995.0672784810125
15,528556.2872689886,996.5139240506329,531462.2966419709,995.8873417721519,531509.1159809328,995.3746835443038,533518.2924398255,993.8993670886076,528658.8705533663,993.2674050632911,530740.9725770168,994.9885443037974
16,528556.2872689886,995.1794303797468,529550.3734676983,995.3806962025317,531509.1159809328,996.0731012658227,533518.2924398255,996.604746835443,528658.8705533663,993.7639240506329,530358.5879421623,995.4003797468355
17,528556.2872689886,994.3123417721519,525494.8188546781,996.645253164557,531509.1159809328,995.2636075949367,533518.2924398255,995.8066455696203,526893.7937290694,994.1908227848102,529194.4616546988,995.2437341772153
18,528556.2872689886,994.1227848101266,525494.8188546781,996.0664556962025,531509.1159809328,994.2316455696202,533518.2924398255,996.3528481012659,526818.2466283329,993.4794303797469,529179.3522345516,994.8506329113923
19,528556.2872689886,994.4243670886076,525494.8188546781,994.198417721519,531509.1159809328,994.5310126582278,533518.2924398255,995.6025316455696,526818.2466283329,994.9142405063291,529179.3522345516,994.7341139240507
20,527561.4723388883,994.3946202531646,522687.1560653919,995.1243670886076,531509.1159809328,996.090506329114,533518.2924398255,995.1645569620254,525501.5968597358,994.5965189873418,528155.5267369549,995.0741139240506
21,525378.3269210492,994.0189873417721,522687.1560653919,993.0784810126582,531509.1159809328,993.7389240506329,533518.2924398255,995.226582278481,525501.5968597358,995.8699367088608,527718.897653387,994.3865822784812
22,523099.8708661139,994.1389240506329,522687.1560653919,989.2667721518987,531509.1159809328,993.8803797468354,533518.2924398255,994.4012658227848,525501.5968597358,994.3639240506329,527263.2064424,993.2102531645569
23,523099.8708661139,994.156329113924,522687.1560653919,996.4367088607595,531509.1159809328,994.9699367088608,533518.2924398255,995.1791139240506,524042.69186078047,994.8395569620253,526971.4254426089,995.116329113924
24,523099.8708661139,991.9218354430379,522687.1560653919,994.2215189873418,529459.1600194472,994.4443037974684,533518.2924398255,991.0541139240506,523522.3471311851,994.126582278481,526457.3653043928,993.1536708860758
25,523099.8708661139,996.2598101265822,522687.1560653919,994.1196202531646,529459.1600194472,995.1914556962025,533518.2924398255,993.8901898734177,517544.2290715228,994.5670886075949,525261.7416924603,994.8056329113924
26,523099.8708661139,994.8458860759494,522687.1560653919,994.553164556962,527123.9564309019,993.9316455696203,533093.2674698462,995.1569620253165,517544.2290715228,994.5205696202531,524709.6959807554,994.6016455696202
27,523099.8708661139,995.020253164557,522687.1560653919,996.9306962025316,527123.9564309019,994.9202531645569,531765.4329431668,995.1465189873418,517544.2290715228,995.404746835443,524444.1290754194,995.484493670886
28,523099.8708661139,995.2262658227849,522687.1560653919,994.625,525928.0348274527,994.2246835443038,531765.4329431668,996.1509493670886,517544.2290715228,995.4860759493671,524204.94475472963,995.1425949367089
29,523099.8708661139,994.3167721518987,522687.1560653919,994.9560126582278,525928.0348274527,991.1262658227848,531765.4329431668,996.0693037974684,517544.2290715228,994.4231012658228,524204.94475472963,994.1782911392405
30,523099.8708661139,992.3079113924051,522687.1560653919,995.0113924050632,525928.0348274527,990.653164556962,531765.4329431668,994.7411392405063,517544.2290715228,994.7278481012659,524204.94475472963,993.4882911392403
31,523099.8708661139,994.4186708860759,522687.1560653919,996.4705696202532,522526.19478983997,995.5,531765.4329431668,993.2316455696202,517544.2290715228,995.1693037974684,523524.5767472071,994.9580379746834
32,523099.8708661139,993.9541139240506,522687.1560653919,994.9531645569621,522526.19478983997,992.9113924050633,529589.1007077912,994.5832278481013,517544.2290715228,995.9278481012658,523089.3103001319,994.4659493670886
33,523099.8708661139,993.8303797468354,522687.1560653919,995.5518987341773,522526.19478983997,993.537658227848,526526.9558196175,992.7262658227849,517544.2290715228,995.2136075949367,522476.8813224972,994.1719620253165
34,523099.8708661139,993.7041139240506,522687.1560653919,995.5977848101265,522526.19478983997,993.6683544303797,526526.9558196175,993.4905063291139,517544.2290715228,995.15,522476.8813224972,994.3221518987341
35,523099.8708661139,993.1471518987341,522687.1560653919,997.0120253164557,522526.19478983997,994.5813291139241,526526.9558196175,994.351582278481,517544.2290715228,994.9746835443038,522476.8813224972,994.8133544303797
36,523099.8708661139,993.9965189873418,522687.1560653919,994.4746835443038,522526.19478983997,993.0439873417722,526526.9558196175,994.3098101265823,517544.2290715228,994.8636075949368,522476.8813224972,994.1377215189874
37,523099.8708661139,994.0354430379747,522687.1560653919,993.9408227848102,522526.19478983997,992.7566455696202,526526.9558196175,994.4414556962025,517544.2290715228,995.0946202531645,522476.8813224972,994.0537974683544
38,523099.8708661139,993.2879746835443,522687.1560653919,991.701582278481,522526.19478983997,994.8509493670886,526526.9558196175,995.7075949367089,517544.2290715228,995.798417721519,522476.8813224972,994.2693037974684
39,523099.8708661139,994.0018987341772,522687.1560653919,993.8993670886076,522526.19478983997,994.7199367088608,526526.9558196175,995.0651898734177,517544.2290715228,996.6215189873418,522476.8813224972,994.861582278481
40,523099.8708661139,992.254746835443,522687.1560653919,995.7601265822785,522526.19478983997,993.2465189873418,526526.9558196175,995.0126582278481,517544.2290715228,996.5784810126582,522476.8813224972,994.570506329114
41,523099.8708661139,994.4898734177215,522687.1560653919,992.5354430379747,522526.19478983997,993.4427215189874,526526.9558196175,994.5357594936709,517544.2290715228,994.4344936708861,522476.8813224972,993.8876582278481
42,523099.8708661139,992.590506329114,522687.1560653919,994.1373417721519,522526.19478983997,992.4174050632911,526526.9558196175,993.7363924050633,517544.2290715228,992.9506329113924,522476.8813224972,993.1664556962025
43,523099.8708661139,992.6642405063291,522687.1560653919,995.6958860759494,522526.19478983997,991.0585443037975,526526.9558196175,993.1231012658228,517544.2290715228,992.3142405063292,522476.8813224972,992.9712025316455
44,523099.8708661139,993.2287974683544,522687.1560653919,994.3370253164557,522526.19478983997,994.3800632911392,526526.9558196175,995.8401898734177,517544.2290715228,994.6243670886076,522476.8813224972,994.482088607595
45,523099.8708661139,993.1949367088607,522687.1560653919,995.0177215189873,522526.19478983997,993.2509493670887,526526.9558196175,995.9174050632911,517544.2290715228,995.6778481012658,522476.8813224972,994.6117721518988
46,523099.8708661139,991.0186708860759,522687.1560653919,994.2993670886076,522526.19478983997,993.1161392405063,526526.9558196175,993.3351265822785,517544.2290715228,994.4939873417721,522476.8813224972,993.2526582278482
47,523099.8708661139,992.096835443038,522687.1560653919,994.5136075949367,522526.19478983997,993.5104430379747,526526.9558196175,995.5237341772151,517544.2290715228,995.0430379746836,522476.8813224972,994.1375316455694
48,523099.8708661139,992.0623417721519,522687.1560653919,995.1018987341772,522526.19478983997,992.4674050632912,526526.9558196175,995.4193037974684,517544.2290715228,994.8949367088608,522476.8813224972,993.9891772151899
49,523099.8708661139,990.9471518987342,522687.1560653919,994.7667721518987,522526.19478983997,991.1433544303798,526526.9558196175,992.5370253164557,517544.2290715228,994.0939873417722,522476.8813224972,992.6976582278481
50,523099.8708661139,993.5392405063291,522687.1560653919,995.9512658227848,522526.19478983997,990.9753164556962,526526.9558196175,994.1322784810127,517544.2290715228,993.8012658227848,522476.8813224972,993.6798734177215
51,523099.8708661139,994.2731012658228,522687.1560653919,996.0316455696203,522526.19478983997,993.6053797468354,526526.9558196175,991.7088607594936,517544.2290715228,993.2886075949367,522476.8813224972,993.7815189873418
52,523099.8708661139,992.6332278481012,522687.1560653919,996.4563291139241,522526.19478983997,991.7041139240506,526526.9558196175,992.5310126582278,517544.2290715228,995.5208860759494,522476.8813224972,993.7691139240505
53,523099.8708661139,990.5781645569621,522687.1560653919,994.2414556962025,522526.19478983997,993.4294303797468,526526.9558196175,993.45,517544.2290715228,994.1253164556962,522476.8813224972,993.1648734177215
54,523099.8708661139,992.8642405063291,522687.1560653919,996.5069620253165,522526.19478983997,993.7952531645569,526526.9558196175,994.4882911392405,517544.2290715228,992.3129746835443,522476.8813224972,993.9935443037975
55,523099.8708661139,991.1674050632911,522687.1560653919,994.6759493670886,522526.19478983997,993.7971518987342,526526.9558196175,993.1601265822785,517544.2290715228,995.6272151898734,522476.8813224972,993.6855696202532
56,523099.8708661139,991.5414556962025,522687.1560653919,995.7240506329114,522526.19478983997,991.5816455696203,526526.9558196175,991.8816455696202,517544.2290715228,995.7642405063291,522476.8813224972,993.2986075949368
57,523099.8708661139,987.2455696202531,522687.1560653919,995.6848101265823,522526.19478983997,994.0110759493671,526526.9558196175,993.8860759493671,517544.2290715228,994.3629746835443,522476.8813224972,993.0381012658229
58,523099.8708661139,990.8582278481013,522687.1560653919,994.4202531645569,522526.19478983997,994.0939873417722,526526.9558196175,995.2496835443038,517544.2290715228,993.4990506329113,522476.8813224972,993.6242405063291
59,523099.8708661139,993.001582278481,522687.1560653919,995.923417721519,522526.19478983997,993.1920886075949,526526.9558196175,994.9139240506329,517544.2290715228,993.7025316455696,522476.8813224972,994.1467088607594
60,523099.8708661139,993.1126582278481,522687.1560653919,995.088924050633,522526.19478983997,991.8588607594937,526526.9558196175,994.7012658227848,517544.2290715228,994.0914556962025,522476.8813224972,993.7706329113923
61,523099.8708661139,993.8335443037975,522687.1560653919,995.6787974683544,522526.19478983997,991.0781645569621,526526.9558196175,993.8525316455696,517544.2290715228,993.6227848101266,522476.8813224972,993.6131645569621
62,523099.8708661139,992.5787974683544,522687.1560653919,993.3512658227849,522526.19478983997,991.7148734177215,526526.9558196175,995.4563291139241,517544.2290715228,989.7262658227849,522476.8813224972,992.5655063291139
63,523099.8708661139,992.8537974683544,522687.1560653919,994.8379746835443,522526.19478983997,992.3838607594937,526526.9558196175,994.5898734177215,517544.2290715228,992.5946202531645,522476.8813224972,993.4520253164555
64,523099.8708661139,990.3977848101266,522687.1560653919,993.8756329113924,522526.19478983997,993.2930379746836,526526.9558196175,993.3642405063291,517544.2290715228,993.9208860759494,522476.8813224972,992.9703164556962
65,523099.8708661139,990.2623417721519,522687.1560653919,994.6895569620253,522526.19478983997,989.473417721519,526526.9558196175,993.9044303797468,517544.2290715228,993.7417721518988,522476.8813224972,992.4143037974684
66,523099.8708661139,989.4177215189874,522687.1560653919,995.3098101265823,522526.19478983997,990.8851265822785,526526.9558196175,992.1164556962025,517544.2290715228,993.1237341772152,522476.8813224972,992.1705696202532
67,523099.8708661139,991.3680379746835,522687.1560653919,995.8164556962025,522526.19478983997,991.9898734177215,526526.9558196175,991.3591772151899,517544.2290715228,992.5,522476.8813224972,992.6067088607595
68,523099.8708661139,993.0534810126583,522687.1560653919,996.1129746835443,522526.19478983997,992.3493670886076,526526.9558196175,994.7142405063291,517544.2290715228,992.215506329114,522476.8813224972,993.6891139240506
69,523099.8708661139,992.6591772151899,522687.1560653919,994.6490506329114,522526.19478983997,988.5715189873417,526526.9558196175,993.945253164557,517544.2290715228,993.7044303797468,522476.8813224972,992.7058860759495
70,523099.8708661139,990.3433544303797,522687.1560653919,992.6566455696203,522526.19478983997,990.8193037974684,526526.9558196175,991.7474683544303,517544.2290715228,991.9768987341772,522476.8813224972,991.5087341772153
71,523099.8708661139,990.778164556962,522687.1560653919,994.1962025316456,522526.19478983997,992.2496835443038,526526.9558196175,993.0136075949367,517544.2290715228,987.8876582278481,522476.8813224972,991.6250632911393
72,523099.8708661139,990.6376582278481,522687.1560653919,993.5743670886076,522526.19478983997,991.2474683544303,526526.9558196175,993.4746835443038,517544.2290715228,985.3069620253165,522476.8813224972,990.8482278481013
73,523099.8708661139,991.8575949367089,522687.1560653919,993.4772151898734,522526.19478983997,991.5272151898735,526526.9558196175,993.6686708860759,517544.2290715228,988.8724683544303,522476.8813224972,991.8806329113925
74,523099.8708661139,992.8993670886076,522687.1560653919,992.5322784810127,522526.19478983997,991.5458860759494,526526.9558196175,994.3142405063292,517544.2290715228,989.9424050632912,522476.8813224972,992.2468354430381
75,523099.8708661139,992.4237341772152,522687.1560653919,992.2667721518987,522526.19478983997,990.8142405063292,526526.9558196175,993.1018987341772,517544.2290715228,990.1487341772151,522476.8813224972,991.7510759493671
76,523099.8708661139,992.6145569620253,522687.1560653919,992.1873417721519,522526.19478983997,991.4946202531646,526526.9558196175,992.6655063291139,517544.2290715228,988.7724683544304,522476.8813224972,991.5468987341771
77,523099.8708661139,992.3598101265823,522687.1560653919,994.2050632911393,522526.19478983997,990.8427215189873,526526.9558196175,994.8496835443038,517544.2290715228,990.8892405063291,522476.8813224972,992.6293037974683
78,523099.8708661139,993.4924050632911,522687.1560653919,991.5661392405063,522526.19478983997,991.0892405063291,526526.9558196175,993.8493670886076,517544.2290715228,992.4544303797468,522476.8813224972,992.4903164556961
79,523099.8708661139,993.9436708860759,522687.1560653919,994.3892405063291,522526.19478983997,989.8882911392406,526526.9558196175,995.0901898734177,517544.2290715228,991.0588607594937,522476.8813224972,992.8740506329116
80,523099.8708661139,993.0879746835443,522687.1560653919,993.1158227848101,522526.19478983997,990.9791139240506,526526.9558196175,994.2518987341772,517544.2290715228,990.9534810126582,522476.8813224972,992.477658227848
81,523099.8708661139,992.8860759493671,522687.1560653919,993.7506329113924,522526.19478983997,988.2158227848101,526526.9558196175,995.006329113924,517544.2290715228,992.629746835443,522476.8813224972,992.4977215189874
82,523099.8708661139,989.7268987341772,522687.1560653919,994.1601265822785,522526.19478983997,986.7996835443038,526526.9558196175,994.8642405063291,517544.2290715228,992.4838607594937,522476.8813224972,991.6069620253165
83,523099.8708661139,989.3208860759494,522687.1560653919,995.2620253164557,522526.19478983997,988.8594936708861,526526.9558196175,992.6104430379747,517544.2290715228,993.3363924050633,522476.8813224972,991.8778481012657
84,523099.8708661139,990.2987341772152,522687.1560653919,992.4104430379747,522526.19478983997,985.9882911392405,526526.9558196175,994.2427215189873,517544.2290715228,991.6139240506329,522476.8813224972,990.9108227848101
85,523099.8708661139,990.7759493670886,522687.1560653919,993.5778481012658,522526.19478983997,989.5085443037975,526526.9558196175,992.9575949367089,517544.2290715228,993.6860759493671,522476.8813224972,992.1012025316456
86,523099.8708661139,991.3651898734178,522687.1560653919,992.2955696202532,522526.19478983997,990.0756329113924,526526.9558196175,994.2965189873418,517544.2290715228,992.6256329113924,522476.8813224972,992.1317088607595
87,523099.8708661139,990.5370253164557,522687.1560653919,992.4367088607595,522526.19478983997,991.723417721519,526526.9558196175,993.5990506329114,517544.2290715228,991.051582278481,522476.8813224972,991.8695569620253
88,523099.8708661139,989.8487341772152,522687.1560653919,994.5496835443038,522526.19478983997,991.5594936708861,526526.9558196175,992.9667721518987,517544.2290715228,990.4594936708861,522476.8813224972,991.876835443038
89,523099.8708661139,991.5746835443038,522687.1560653919,993.9351265822785,522526.19478983997,990.0300632911392,526013.251103938,992.5193037974684,517544.2290715228,990.2879746835443,522374.1403793612,991.6694303797469
90,523099.8708661139,991.346835443038,522687.1560653919,993.1360759493671,522526.19478983997,990.2987341772152,526013.251103938,993.2955696202532,517544.2290715228,992.4101265822785,522374.1403793612,992.0974683544304
91,523099.8708661139,991.1344936708861,522687.1560653919,993.0101265822785,522526.19478983997,992.2433544303798,526013.251103938,990.9892405063291,517544.2290715228,992.9370253164557,522374.1403793612,992.062848101266
92,523099.8708661139,988.3227848101266,522687.1560653919,992.9294303797468,522526.19478983997,990.0566455696203,526013.251103938,993.1768987341773,517544.2290715228,993.2582278481012,522374.1403793612,991.5487974683545
93,523099.8708661139,991.379746835443,522687.1560653919,993.9857594936709,522526.19478983997,989.3098101265823,526013.251103938,994.271835443038,517544.2290715228,992.8496835443038,522374.1403793612,992.3593670886075
94,523099.8708661139,991.626582278481,522687.1560653919,993.3177215189874,522526.19478983997,985.7806962025317,526013.251103938,992.8791139240507,517544.2290715228,991.2674050632911,522374.1403793612,990.9743037974683
95,523099.8708661139,992.0082278481012,522687.1560653919,993.6990506329114,522526.19478983997,984.5854430379746,526013.251103938,992.7417721518988,517544.2290715228,991.196835443038,522374.1403793612,990.8462658227847
96,523099.8708661139,992.4455696202532,522687.1560653919,994.8860759493671,522526.19478983997,987.7550632911392,526013.251103938,994.7113924050633,517544.2290715228,991.5060126582279,522374.1403793612,992.2608227848101
97,523099.8708661139,991.2528481012658,522687.1560653919,993.9132911392405,522526.19478983997,987.7544303797469,526013.251103938,994.340506329114,517544.2290715228,990.2237341772152,522374.1403793612,991.4969620253163
98,523099.8708661139,991.4613924050633,522687.1560653919,994.1332278481012,522526.19478983997,988.6132911392405,526013.251103938,992.3759493670887,517544.2290715228,993.101582278481,522374.1403793612,991.9370886075949
99,523099.8708661139,991.8762658227848,522687.1560653919,992.4939873417721,522526.19478983997,988.5126582278481,526013.251103938,989.3851265822785,517544.2290715228,993.3509493670886,522374.1403793612,991.1237974683543
100,523099.8708661139,993.146835443038,522687.1560653919,993.5775316455696,522526.19478983997,987.286075949367,526013.251103938,994.245253164557,517544.2290715228,993.090506329114,522374.1403793612,992.2692405063292
101,523099.8708661139,992.9724683544304,522687.1560653919,993.0572784810126,522526.19478983997,987.2806962025317,526013.251103938,992.6509493670886,517544.2290715228,991.7414556962025,522374.1403793612,991.5405696202531
102,523099.8708661139,992.1658227848101,522687.1560653919,993.6572784810127,522526.19478983997,987.3294303797468,526013.251103938,994.1522151898735,517544.2290715228,992.8753164556962,522374.1403793612,992.0360126582278
103,523099.8708661139,992.5310126582278,522687.1560653919,992.4958860759493,522526.19478983997,988.6018987341772,526013.251103938,993.1240506329113,517544.2290715228,991.7715189873418,522374.1403793612,991.7048734177215
104,523099.8708661139,989.6490506329114,522687.1560653919,993.7639240506329,522526.19478983997,984.4607594936709,526013.251103938,993.5759493670886,517544.2290715228,990.4819620253164,522374.1403793612,990.3863291139239
105,523099.8708661139,992.1613924050633,522687.1560653919,991.7753164556962,522526.19478983997,988.9955696202531,526013.251103938,992.8028481012658,517544.2290715228,990.9392405063292,522374.1403793612,991.3348734177216
106,523099.8708661139,990.7759493670886,522687.1560653919,993.9566455696203,522526.19478983997,989.4746835443038,526013.251103938,992.2256329113924,517544.2290715228,991.3392405063291,522374.1403793612,991.5544303797469
107,523099.8708661139,990.0670886075949,522687.1560653919,993.9908227848101,522526.19478983997,988.4193037974684,526013.251103938,991.8338607594936,517544.2290715228,993.3617088607594,522374.1403793612,991.5345569620252
108,523099.8708661139,988.2389240506329,522687.1560653919,993.506329113924,522526.19478983997,986.7398734177215,526013.251103938,993.3221518987342,517544.2290715228,993.4882911392405,522374.1403793612,991.0591139240507
109,523099.8708661139,990.9382911392405,522687.1560653919,993.1712025316456,522526.19478983997,988.8481012658228,526013.251103938,994.8275316455696,517544.2290715228,990.4598101265823,522374.1403793612,991.6489873417722
110,523099.8708661139,988.9962025316456,522687.1560653919,992.717088607595,522526.19478983997,988.9566455696203,526013.251103938,994.8462025316455,517544.2290715228,990.534493670886,522374.1403793612,991.2101265822785
111,523099.8708661139,989.531329113924,522687.1560653919,993.1104430379747,522526.19478983997,988.5772151898734,526013.251103938,993.6465189873418,517544.2290715228,991.3303797468354,522374.1403793612,991.2391772151898
112,523099.8708661139,991.0924050632912,522687.1560653919,991.7924050632911,522526.19478983997,986.3246835443038,526013.251103938,994.7987341772152,517544.2290715228,993.2243670886076,522374.1403793612,991.4465189873417
113,523099.8708661139,989.8430379746835,522687.1560653919,993.4487341772152,522526.19478983997,988.4525316455696,526013.251103938,993.1506329113924,517544.2290715228,990.2756329113924,522374.1403793612,991.0341139240506
114,523099.8708661139,990.2458860759493,522687.1560653919,994.1506329113924,522526.19478983997,988.2537974683544,526013.251103938,992.7174050632912,517544.2290715228,989.534493670886,522374.1403793612,990.9804430379747
115,523099.8708661139,990.2585443037975,522687.1560653919,992.1518987341772,522526.19478983997,987.7895569620254,526013.251103938,992.3825949367089,517544.2290715228,992.381329113924,522374.1403793612,990.9927848101266
116,523099.8708661139,989.9332278481013,522687.1560653919,992.4816455696202,520949.29878474824,987.5775316455696,526013.251103938,993.1810126582278,517544.2290715228,992.6534810126582,522058.7611783429,991.1653797468355
117,523099.8708661139,990.6971518987342,522687.1560653919,993.8854430379747,520949.29878474824,989.8370253164557,526013.251103938,992.6667721518987,517544.2290715228,992.8981012658228,522058.7611783429,991.9968987341774
118,523099.8708661139,990.6927215189874,522687.1560653919,994.1009493670886,520949.29878474824,990.2588607594937,526013.251103938,991.803164556962,517544.2290715228,993.8962025316456,522058.7611783429,992.1503797468355
119,523099.8708661139,989.2256329113924,522687.1560653919,993.6990506329114,520949.29878474824,989.6408227848101,526013.251103938,991.5591772151898,517544.2290715228,992.4227848101266,522058.7611783429,991.309493670886
120,523099.8708661139,990.2848101265823,522687.1560653919,993.5338607594937,520949.29878474824,989.9509493670886,526013.251103938,993.701582278481,517544.2290715228,993.6221518987342,522058.7611783429,992.218670886076
121,523099.8708661139,988.3424050632912,522687.1560653919,993.8022151898734,520949.29878474824,985.9636075949367,526013.251103938,992.9243670886076,517544.2290715228,992.6699367088607,522058.7611783429,990.7405063291138
122,523099.8708661139,990.0433544303797,522687.1560653919,992.625,520949.29878474824,988.0737341772152,526013.251103938,991.8227848101266,517544.2290715228,993.4844936708861,522058.7611783429,991.2098734177214
123,523099.8708661139,989.8085443037975,522687.1560653919,992.4848101265823,520949.29878474824,988.3091772151898,525408.7349949275,992.426582278481,517544.2290715228,993.6148734177215,521937.8579565409,991.3287974683544
124,523099.8708661139,991.0401898734177,522687.1560653919,992.5367088607595,520949.29878474824,988.5575949367088,525408.7349949275,992.3857594936709,517544.2290715228,993.1987341772152,521937.8579565409,991.5437974683543
125,523099.8708661139,990.7332278481013,522687.1560653919,993.4360759493671,520949.29878474824,987.5832278481013,525408.7349949275,992.7050632911393,517544.2290715228,992.9174050632911,521937.8579565409,991.475
126,523099.8708661139,990.2686708860759,522687.1560653919,992.6341772151899,520949.29878474824,987.7968354430379,525408.7349949275,991.8537974683544,517544.2290715228,993.7129746835443,521937.8579565409,991.2532911392406
127,523099.8708661139,989.1177215189873,522687.1560653919,993.9794303797469,520949.29878474824,988.0379746835443,525408.7349949275,992.4303797468355,517544.2290715228,992.3351265822785,521937.8579565409,991.1801265822785
128,523099.8708661139,990.6477848101266,522687.1560653919,991.5854430379746,520949.29878474824,989.0303797468355,525408.7349949275,990.4775316455696,517544.2290715228,992.1079113924051,521937.8579565409,990.7698101265823
129,523099.8708661139,990.9107594936709,522687.1560653919,991.9212025316456,520949.29878474824,986.0300632911392,525408.7349949275,991.6398734177216,517544.2290715228,992.6082278481013,521937.8579565409,990.6220253164556
130,523099.8708661139,990.2674050632911,522687.1560653919,992.5895569620253,520949.29878474824,987.379746835443,525408.7349949275,991.3512658227849,517544.2290715228,993.3091772151898,521937.8579565409,990.9794303797469
131,523081.0595206482,991.5712025316456,522687.1560653919,993.3094936708861,520949.29878474824,988.6370253164557,525408.7349949275,992.3237341772152,517544.2290715228,992.7946202531646,521934.0956874477,991.7272151898735
132,523081.0595206482,991.4382911392405,522687.1560653919,992.8424050632912,520949.29878474824,989.3009493670886,525408.7349949275,989.2987341772152,517544.2290715228,992.5427215189874,521934.0956874477,991.0846202531645
133,523081.0595206482,991.381329113924,522687.1560653919,991.0439873417722,520949.29878474824,989.5791139240506,525408.7349949275,990.5632911392405,517544.2290715228,992.3044303797468,521934.0956874477,990.9744303797468
134,523081.0595206482,990.0462025316456,522687.1560653919,989.5253164556962,520949.29878474824,987.6560126582278,525408.7349949275,991.7930379746836,517544.2290715228,991.4503164556962,521934.0956874477,990.0941772151898
135,523081.0595206482,990.8240506329114,522687.1560653919,990.5563291139241,520949.29878474824,987.4993670886076,525408.7349949275,990.7917721518987,517544.2290715228,992.8987341772151,521934.0956874477,990.5140506329114
136,523081.0595206482,987.5525316455696,522687.1560653919,993.3901898734177,520949.29878474824,989.479746835443,525408.7349949275,990.1158227848101,517544.2290715228,992.4155063291139,521934.0956874477,990.5907594936709
137,523081.0595206482,985.9892405063291,522687.1560653919,994.2332278481013,520949.29878474824,989.1768987341773,525408.7349949275,986.5588607594937,517544.2290715228,992.2882911392405,521934.0956874477,989.6493037974684
138,523081.0595206482,986.5563291139241,522687.1560653919,994.4379746835443,520949.29878474824,987.1566455696203,525408.7349949275,984.3325949367089,517544.2290715228,991.9689873417722,521934.0956874477,988.890506329114
139,523081.0595206482,988.837341772152,522687.1560653919,993.2863924050633,520949.29878474824,989.0661392405063,525408.7349949275,986.378164556962,517544.2290715228,992.9746835443038,521934.0956874477,990.1085443037975
140,523081.0595206482,987.4433544303797,522687.1560653919,991.5797468354431,520949.29878474824,989.243670886076,525408.7349949275,989.1338607594937,517544.2290715228,992.4022151898735,521934.0956874477,989.9605696202532
141,523081.0595206482,990.8481012658228,522687.1560653919,993.5787974683544,520949.29878474824,986.7196202531645,525408.7349949275,989.496835443038,517544.2290715228,992.3262658227848,521934.0956874477,990.5939240506328
142,523081.0595206482,991.6439873417721,522687.1560653919,991.8256329113924,520949.29878474824,987.375,525408.7349949275,989.501582278481,517544.2290715228,992.256329113924,521934.0956874477,990.5205063291139
143,523081.0595206482,988.798417721519,522687.1560653919,991.7712025316456,520949.29878474824,991.1009493670886,525408.7349949275,990.4863924050633,517544.2290715228,992.929746835443,521934.0956874477,991.0173417721519
144,523081.0595206482,988.2145569620253,522687.1560653919,992.4553797468354,520949.29878474824,991.0208860759494,525408.7349949275,989.3012658227848,517544.2290715228,992.475,521934.0956874477,990.6934177215192
145,523081.0595206482,988.8579113924051,522687.1560653919,989.9981012658228,520949.29878474824,990.8287974683544,525408.7349949275,990.8832278481012,517544.2290715228,991.1044303797469,521934.0956874477,990.3344936708861
146,523081.0595206482,990.8772151898734,522687.1560653919,989.117088607595,520949.29878474824,988.7882911392405,525408.7349949275,989.7256329113924,517544.2290715228,990.4636075949367,521934.0956874477,989.7943670886076
147,523081.0595206482,989.2082278481013,522687.1560653919,992.6120253164557,520949.29878474824,989.5667721518987,525408.7349949275,990.0287974683545,517544.2290715228,992.8731012658228,521934.0956874477,990.8577848101265
148,523081.0595206482,988.8537974683544,522687.1560653919,993.2810126582278,520949.29878474824,988.6924050632912,525408.7349949275,989.0768987341772,517544.2290715228,993.0424050632911,521934.0956874477,990.5893037974683
149,523081.0595206482,988.3746835443038,522687.1560653919,991.906329113924,520949.29878474824,989.7142405063291,525408.7349949275,989.8806962025317,517544.2290715228,993.0655063291139,521934.0956874477,990.5882911392406
150,523081.0595206482,987.5598101265823,522687.1560653919,992.1632911392405,520949.29878474824,990.4151898734177,525408.7349949275,988.3708860759493,517544.2290715228,993.3636075949368,521934.0956874477,990.3745569620254
151,523081.0595206482,988.9164556962025,522687.1560653919,991.5626582278481,520949.29878474824,986.5477848101266,525408.7349949275,988.4791139240506,517544.2290715228,993.0806962025316,521934.0956874477,989.7173417721518
152,523081.0595206482,989.1613924050633,522687.1560653919,993.3594936708861,520949.29878474824,987.9550632911393,525408.7349949275,988.6107594936709,517544.2290715228,992.0987341772152,521934.0956874477,990.2370886075948
153,523081.0595206482,987.4860759493671,522687.1560653919,992.4664556962025,520949.29878474824,986.8838607594937,525408.7349949275,987.0661392405063,517544.2290715228,992.3253164556962,521934.0956874477,989.2455696202533
154,523081.0595206482,987.9458860759494,522687.1560653919,991.840506329114,520949.29878474824,987.871835443038,525408.7349949275,988.2117088607595,517544.2290715228,992.4987341772152,521934.0956874477,989.6737341772152
155,523081.0595206482,987.0867088607595,522687.1560653919,992.661075949367,520949.29878474824,989.3623417721519,525408.7349949275,986.7322784810127,517544.2290715228,993.5851265822785,521934.0956874477,989.8855063291139
156,523081.0595206482,986.8851265822785,522687.1560653919,994.0886075949367,520949.29878474824,988.7800632911392,525408.7349949275,988.382911392405,517544.2290715228,993.8848101265822,521934.0956874477,990.4043037974683
157,523081.0595206482,990.2699367088608,522687.1560653919,992.6044303797469,520949.29878474824,988.9601265822785,525408.7349949275,987.5670886075949,517544.2290715228,993.340506329114,521934.0956874477,990.5484177215191
158,523081.0595206482,988.092088607595,522687.1560653919,990.343670886076,520949.29878474824,989.6117088607594,525408.7349949275,987.3601265822784,517544.2290715228,991.1465189873418,521934.0956874477,989.3108227848101
159,523081.0595206482,988.868670886076,522687.1560653919,990.3424050632912,520949.29878474824,987.7588607594937,525408.7349949275,988.1512658227848,517544.2290715228,990.5174050632911,521934.0956874477,989.1277215189873
160,523081.0595206482,989.1075949367089,522687.1560653919,991.9626582278481,520949.29878474824,989.748417721519,525408.7349949275,989.3661392405063,517544.2290715228,992.5246835443038,521934.0956874477,990.5418987341773
161,523081.0595206482,990.4873417721519,522687.1560653919,991.5639240506329,520949.29878474824,988.3534810126582,525408.7349949275,990.007911392405,517544.2290715228,993.3588607594937,521934.0956874477,990.7543037974683
162,523081.0595206482,990.9107594936709,522687.1560653919,991.5737341772152,520949.29878474824,989.0746835443038,525408.7349949275,989.3481012658228,517544.2290715228,992.782911392405,521934.0956874477,990.7380379746835
163,523081.0595206482,990.1753164556962,522687.1560653919,991.3123417721519,520949.29878474824,987.8129746835443,525408.7349949275,988.3623417721519,517544.2290715228,992.5237341772151,521934.0956874477,990.0373417721519
164,523081.0595206482,989.1591772151899,522687.1560653919,992.021835443038,520949.29878474824,987.9268987341773,525408.7349949275,989.9335443037975,517544.2290715228,993.195253164557,521934.0956874477,990.447341772152
165,523081.0595206482,987.6306962025317,522687.1560653919,991.995253164557,520949.29878474824,986.2670886075949,525408.7349949275,990.2341772151899,517544.2290715228,991.5468354430379,521934.0956874477,989.5348101265823
166,523081.0595206482,989.0727848101266,522687.1560653919,992.2313291139241,520949.29878474824,987.8920886075949,525408.7349949275,990.5617088607595,517544.2290715228,993.2458860759493,521934.0956874477,990.6007594936709
167,523081.0595206482,989.0664556962025,522687.1560653919,991.9085443037975,520949.29878474824,988.090506329114,525408.7349949275,991.0534810126583,517544.2290715228,992.6050632911392,521934.0956874477,990.5448101265822
168,523081.0595206482,989.7816455696203,522687.1560653919,991.9246835443038,520949.29878474824,988.7439873417721,525408.7349949275,990.0791139240506,517544.2290715228,993.978164556962,521934.0956874477,990.9015189873419
169,523081.0595206482,988.9006329113924,522687.1560653919,990.1161392405063,520949.29878474824,988.4683544303797,525408.7349949275,991.8661392405063,517544.2290715228,993.6879746835443,521934.0956874477,990.6078481012657
170,523081.0595206482,989.593670886076,522687.1560653919,990.7085443037975,520949.29878474824,987.2009493670886,525408.7349949275,990.7227848101265,517544.2290715228,993.5911392405063,521934.0956874477,990.363417721519
171,523081.0595206482,989.1411392405063,522687.1560653919,991.9892405063291,520949.29878474824,986.5696202531645,525408.7349949275,989.9455696202532,517544.2290715228,991.6996835443038,521934.0956874477,989.8690506329112
172,523081.0595206482,988.9642405063291,522687.1560653919,992.301582278481,520949.29878474824,989.5791139240506,525408.7349949275,990.9433544303797,517544.2290715228,992.4977848101266,521934.0956874477,990.8572151898734
173,523081.0595206482,990.6300632911392,522687.1560653919,993.1493670886076,520949.29878474824,987.5319620253165,525408.7349949275,988.7680379746836,517544.2290715228,991.1772151898734,521934.0956874477,990.2513291139239
174,523081.0595206482,990.5680379746835,522687.1560653919,990.9740506329114,520949.29878474824,987.7183544303797,525408.7349949275,990.9674050632912,517544.2290715228,992.4272151898734,521934.0956874477,990.5310126582278
175,523081.0595206482,989.1091772151899,522687.1560653919,989.5677215189874,520949.29878474824,988.1363924050632,525408.7349949275,989.507911392405,517544.2290715228,992.5867088607595,521934.0956874477,989.7815822784809
176,523081.0595206482,990.5098101265822,522687.1560653919,988.9689873417722,520949.29878474824,987.6509493670886,525408.7349949275,989.8246835443038,517544.2290715228,992.5617088607595,521934.0956874477,989.9032278481012
177,523081.0595206482,991.3357594936709,522687.1560653919,990.242088607595,520949.29878474824,988.1993670886076,525408.7349949275,988.5414556962025,517544.2290715228,990.3382911392405,521934.0956874477,989.7313924050632
178,523081.0595206482,992.4392405063292,522687.1560653919,990.3955696202531,520949.29878474824,988.9262658227848,525408.7349949275,990.2525316455697,517544.2290715228,987.7503164556962,521934.0956874477,989.9527848101267
179,523081.0595206482,991.6506329113924,522687.1560653919,991.323417721519,520949.29878474824,988.3262658227848,525408.7349949275,989.7901898734177,517544.2290715228,990.9626582278481,521934.0956874477,990.4106329113923
180,523081.0595206482,990.2335443037974,522687.1560653919,990.8981012658228,520949.29878474824,987.492088607595,525408.7349949275,988.8351265822785,517544.2290715228,992.8604430379747,521934.0956874477,990.0638607594935
181,523081.0595206482,987.3683544303798,522687.1560653919,989.9183544303797,520949.29878474824,985.6566455696203,525408.7349949275,989.5813291139241,517544.2290715228,992.3753164556962,521934.0956874477,988.9800000000001
182,523081.0595206482,989.646835443038,522687.1560653919,989.7427215189873,520949.29878474824,984.3294303797468,525408.7349949275,988.7151898734177,517544.2290715228,991.0651898734177,521934.0956874477,988.6998734177214
183,523081.0595206482,990.8243670886076,522687.1560653919,989.9772151898734,520949.29878474824,986.7724683544304,525408.7349949275,988.0594936708861,517544.2290715228,989.9446202531645,521934.0956874477,989.1156329113925
184,523081.0595206482,990.2541139240507,522687.1560653919,989.2351265822784,520949.29878474824,986.2316455696202,525408.7349949275,987.411075949367,517544.2290715228,990.7376582278481,521934.0956874477,988.7739240506329
185,523081.0595206482,989.7088607594936,522687.1560653919,991.1227848101266,520949.29878474824,986.5585443037975,525408.7349949275,990.2275316455696,517544.2290715228,991.2509493670887,521934.0956874477,989.7737341772151
186,523081.0595206482,990.6680379746836,522687.1560653919,991.3503164556962,520949.29878474824,986.2148734177215,525408.7349949275,989.7601265822785,517544.2290715228,992.0971518987342,521934.0956874477,990.0181012658228
187,523081.0595206482,990.8575949367089,522687.1560653919,991.6509493670886,520949.29878474824,986.2572784810127,525408.7349949275,990.6193037974683,517544.2290715228,991.9313291139241,521934.0956874477,990.2632911392406
188,523081.0595206482,990.6436708860759,522687.1560653919,992.1180379746835,520949.29878474824,986.8822784810127,525408.7349949275,989.242088607595,517544.2290715228,991.1569620253165,521934.0956874477,990.0086075949368
189,523081.0595206482,990.6920886075949,522687.1560653919,992.3743670886076,520949.29878474824,987.4237341772152,525408.7349949275,988.6534810126582,517544.2290715228,991.1699367088607,521934.0956874477,990.0627215189874
190,523081.0595206482,988.2753164556962,522687.1560653919,992.0601265822785,520949.29878474824,985.7427215189873,525408.7349949275,988.653164556962,517544.2290715228,991.6196202531646,521934.0956874477,989.2701898734176
191,523081.0595206482,987.7354430379747,522687.1560653919,992.6791139240506,520949.29878474824,985.873417721519,525408.7349949275,989.9088607594937,517544.2290715228,991.8063291139241,521934.0956874477,989.6006329113923
192,523081.0595206482,989.7411392405063,522687.1560653919,990.6629746835443,520949.29878474824,986.6132911392405,525408.7349949275,990.9082278481013,517544.2290715228,990.3487341772152,521934.0956874477,989.6548734177217
193,523081.0595206482,989.4506329113924,522687.1560653919,992.0392405063291,520949.29878474824,986.6101265822784,525408.7349949275,991.1085443037974,517544.2290715228,991.223417721519,521934.0956874477,990.0863924050633
194,523081.0595206482,989.8180379746835,522687.1560653919,993.0237341772151,520949.29878474824,985.7544303797469,525408.7349949275,990.1886075949367,517544.2290715228,988.8433544303797,521934.0956874477,989.5256329113923
195,523081.0595206482,991.1924050632912,522687.1560653919,994.3,520949.29878474824,984.1091772151899,525408.7349949275,990.5617088607595,517544.2290715228,991.7034810126582,521934.0956874477,990.3733544303798
196,523081.0595206482,990.0541139240506,522687.1560653919,995.4205696202532,520949.29878474824,987.0427215189874,525408.7349949275,990.5449367088607,517544.2290715228,991.1705696202532,521934.0956874477,990.846582278481
197,523081.0595206482,990.6246835443038,522687.1560653919,991.053164556962,520949.29878474824,987.1601265822785,525408.7349949275,989.5715189873417,517544.2290715228,990.2085443037975,521934.0956874477,989.7236075949368
198,523081.0595206482,990.3,522687.1560653919,990.2338607594937,520949.29878474824,986.6215189873418,525408.7349949275,987.1775316455696,517544.2290715228,991.8094936708861,521934.0956874477,989.2284810126582
199,523081.0595206482,990.617088607595,522687.1560653919,991.6006329113924,520949.29878474824,986.726582278481,525408.7349949275,990.023417721519,517544.2290715228,991.593670886076,521934.0956874477,990.1122784810126
200,523081.0595206482,990.5186708860759,522687.1560653919,989.117088607595,520949.29878474824,987.5648734177215,525408.7349949275,990.4582278481013,517544.2290715228,990.7325949367089,521934.0956874477,989.6782911392405
201,523081.0595206482,990.2373417721519,522687.1560653919,992.375,520949.29878474824,987.0851265822785,525408.7349949275,989.0174050632911,517544.2290715228,990.1901898734177,521934.0956874477,989.7810126582278
202,523081.0595206482,988.9053797468355,522687.1560653919,992.2132911392405,520949.29878474824,986.8496835443038,525408.7349949275,987.6787974683544,517544.2290715228,989.5354430379747,521934.0956874477,989.0365189873417
203,523081.0595206482,989.3167721518987,522687.1560653919,990.6310126582279,520949.29878474824,987.7177215189873,525408.7349949275,990.0955696202532,517544.2290715228,989.7,521934.0956874477,989.4922151898734
204,523081.0595206482,991.6003164556962,522687.1560653919,992.7658227848101,520949.29878474824,987.0876582278481,525408.7349949275,988.0661392405063,517544.2290715228,990.5715189873417,521934.0956874477,990.0182911392405
205,523081.0595206482,991.6110759493671,522687.1560653919,991.7240506329114,520949.29878474824,986.571835443038,525408.7349949275,989.0946202531645,517544.2290715228,990.526582278481,521934.0956874477,989.9056329113924
206,523081.0595206482,992.6310126582279,522687.1560653919,991.403164556962,520949.29878474824,987.3344936708861,525408.7349949275,988.3028481012658,517544.2290715228,988.5300632911392,521934.0956874477,989.6403164556962
207,523081.0595206482,991.8971518987341,522687.1560653919,993.3139240506329,520949.29878474824,985.5240506329114,525408.7349949275,990.6651898734177,517544.2290715228,989.6367088607595,521934.0956874477,990.2074050632912
208,523081.0595206482,992.7905063291139,522687.1560653919,990.4829113924051,520949.29878474824,986.3683544303798,525408.7349949275,991.4838607594937,517544.2290715228,989.8696202531646,521934.0956874477,990.1990506329115
209,523081.0595206482,992.1398734177216,522687.1560653919,988.9876582278481,520949.29878474824,986.3041139240506,525408.7349949275,991.6139240506329,517544.2290715228,989.1601265822785,521934.0956874477,989.6411392405064
210,523081.0595206482,993.5553797468355,522687.1560653919,991.7427215189873,520949.29878474824,987.573417721519,525408.7349949275,991.0487341772152,517544.2290715228,991.3819620253165,521934.0956874477,991.0604430379747
211,523081.0595206482,992.5775316455696,522687.1560653919,993.1996835443038,520949.29878474824,987.7037974683544,525408.7349949275,990.6237341772152,517544.2290715228,992.367088607595,521934.0956874477,991.2943670886076
212,523081.0595206482,990.8955696202531,522687.1560653919,993.145253164557,520949.29878474824,986.098417721519,525408.7349949275,987.6382911392406,517544.2290715228,989.537658227848,521934.0956874477,989.4630379746835
213,523081.0595206482,989.8787974683544,522687.1560653919,991.4174050632911,520949.29878474824,988.0632911392405,525408.7349949275,991.0990506329114,517544.2290715228,985.7528481012658,521934.0956874477,989.2422784810126
214,523081.0595206482,989.6927215189874,522687.1560653919,991.7857594936709,520949.29878474824,986.7370253164557,525408.7349949275,989.651582278481,517544.2290715228,984.9943037974683,521934.0956874477,988.5722784810126
215,523081.0595206482,987.9284810126583,522687.1560653919,990.5946202531645,520949.29878474824,986.6253164556962,525408.7349949275,990.2800632911392,517544.2290715228,990.725,521934.0956874477,989.2306962025317
216,523081.0595206482,992.2268987341772,522687.1560653919,990.8699367088608,520949.29878474824,988.6287974683544,525408.7349949275,988.9636075949367,517544.2290715228,990.7278481012659,521934.0956874477,990.2834177215191
217,523081.0595206482,989.6825949367088,522687.1560653919,990.9851265822784,520949.29878474824,988.9123417721519,525408.7349949275,989.4933544303798,517544.2290715228,990.529746835443,521934.0956874477,989.9206329113924
218,523081.0595206482,987.0689873417722,522687.1560653919,991.8708860759493,520949.29878474824,990.718670886076,525408.7349949275,990.3506329113924,517544.2290715228,989.712341772152,521934.0956874477,989.9443037974685
219,523081.0595206482,986.5825949367089,522687.1560653919,989.8819620253165,520949.29878474824,989.8930379746836,525408.7349949275,989.2164556962025,517544.2290715228,990.2129746835443,521934.0956874477,989.1574050632911
220,523081.0595206482,987.8731012658228,522687.1560653919,991.5268987341772,520949.29878474824,989.6155063291139,525408.7349949275,991.6101265822784,517544.2290715228,989.3990506329114,521934.0956874477,990.0049367088608
221,523081.0595206482,990.7443037974683,522687.1560653919,991.5243670886076,520949.29878474824,990.354746835443,525408.7349949275,989.3050632911393,517544.2290715228,988.9275316455696,521934.0956874477,990.1712025316456
222,523081.0595206482,988.5851265822785,522687.1560653919,990.1917721518987,520949.29878474824,989.5034810126582,525408.7349949275,991.1768987341773,517544.2290715228,989.646835443038,521934.0956874477,989.8208227848102
223,523081.0595206482,989.2126582278481,522687.1560653919,989.6974683544304,520949.29878474824,989.3689873417721,525408.7349949275,991.8911392405063,517544.2290715228,990.751582278481,521934.0956874477,990.1843670886076
224,523081.0595206482,990.3759493670887,522687.1560653919,989.4107594936709,520949.29878474824,990.6655063291139,525408.7349949275,991.0126582278481,517544.2290715228,989.9813291139241,521934.0956874477,990.2892405063292
225,523081.0595206482,990.0370253164557,522687.1560653919,989.0465189873418,520949.29878474824,989.7424050632911,525408.7349949275,991.3012658227848,517544.2290715228,990.6670886075949,521934.0956874477,990.1588607594937
226,523081.0595206482,990.778164556962,522687.1560653919,989.7091772151899,520949.29878474824,989.2126582278481,525408.7349949275,991.5275316455696,517544.2290715228,990.0496835443038,521934.0956874477,990.2554430379747
227,523081.0595206482,988.520253164557,522687.1560653919,989.8604430379747,520949.29878474824,991.3550632911392,525408.7349949275,991.1588607594937,517544.2290715228,988.590506329114,521934.0956874477,989.8970253164558
228,523081.0595206482,990.3069620253165,522687.1560653919,990.875,520949.29878474824,989.5879746835443,525408.7349949275,989.6518987341772,517544.2290715228,991.8417721518987,521934.0956874477,990.4527215189873
229,523081.0595206482,988.5955696202532,522687.1560653919,989.9398734177215,520949.29878474824,990.1278481012658,525408.7349949275,989.8636075949368,517544.2290715228,991.0569620253165,521934.0956874477,989.9167721518988
230,523081.0595206482,989.2835443037975,522687.1560653919,990.1965189873417,520949.29878474824,989.9806962025316,525408.7349949275,988.8091772151898,517544.2290715228,989.7376582278481,521934.0956874477,989.6015189873417
231,523081.0595206482,989.3164556962025,522687.1560653919,989.8370253164557,520949.29878474824,989.7063291139241,525408.7349949275,991.076582278481,517544.2290715228,990.9335443037975,521934.0956874477,990.1739873417722
232,523081.0595206482,988.5591772151898,522687.1560653919,990.2196202531645,520949.29878474824,991.5924050632912,525408.7349949275,991.6655063291139,517544.2290715228,990.2756329113924,521934.0956874477,990.4624683544304
233,523081.0595206482,990.9743670886076,522687.1560653919,989.712341772152,520949.29878474824,989.0569620253165,525408.7349949275,991.4224683544304,517544.2290715228,990.7189873417722,521934.0956874477,990.3770253164557
234,523081.0595206482,991.2889240506329,522687.1560653919,991.0825949367089,520949.29878474824,990.55,525408.7349949275,990.6895569620253,517544.2290715228,988.0867088607595,521934.0956874477,990.3395569620254
235,523081.0595206482,990.8034810126583,522687.1560653919,990.9547468354431,520949.29878474824,990.0215189873418,525408.7349949275,990.5408227848101,517544.2290715228,990.2949367088607,521934.0956874477,990.5231012658227
236,523081.0595206482,990.507911392405,522687.1560653919,990.1569620253165,520949.29878474824,989.242088607595,525408.7349949275,991.0044303797469,517544.2290715228,989.9879746835443,521934.0956874477,990.1798734177215
237,523081.0595206482,988.6151898734178,522687.1560653919,990.090506329114,520949.29878474824,990.588924050633,525408.7349949275,992.2933544303797,517544.2290715228,989.9572784810126,521934.0956874477,990.3090506329114
238,523081.0595206482,989.2009493670886,522687.1560653919,991.425,520949.29878474824,990.2775316455696,525408.7349949275,990.5737341772152,517544.2290715228,989.0613924050633,521934.0956874477,990.1077215189873
239,523081.0595206482,990.0617088607595,522687.1560653919,990.9306962025316,520949.29878474824,989.8351265822785,525408.7349949275,989.6844936708861,517544.2290715228,990.5917721518987,521934.0956874477,990.220759493671
240,523081.0595206482,989.7462025316456,522687.1560653919,988.826582278481,520949.29878474824,989.2177215189873,525408.7349949275,991.9259493670886,517544.2290715228,988.801582278481,521934.0956874477,989.7036075949367
241,523081.0595206482,991.0053797468354,522687.1560653919,987.1056962025316,520949.29878474824,989.1094936708861,525408.7349949275,991.9917721518988,517544.2290715228,991.1803797468355,521934.0956874477,990.0785443037973
242,523081.0595206482,990.429746835443,522687.1560653919,989.5778481012658,520949.29878474824,990.9705696202532,525408.7349949275,991.6322784810127,517544.2290715228,990.282911392405,521934.0956874477,990.578670886076
243,523081.0595206482,989.7636075949367,522687.1560653919,990.1727848101266,520949.29878474824,991.745253164557,525408.7349949275,991.9778481012659,517544.2290715228,987.7800632911392,521934.0956874477,990.2879113924051
244,523081.0595206482,989.4898734177215,522687.1560653919,990.9889240506329,520949.29878474824,990.9303797468355,525408.7349949275,993.3205696202532,517544.2290715228,989.0686708860759,521934.0956874477,990.7596835443039
245,522756.06138107594,988.0857594936709,522687.1560653919,990.5075949367089,520949.29878474824,990.5044303797469,525408.7349949275,992.8003164556962,517544.2290715228,988.2965189873418,521869.0960595332,990.0389240506329
246,522756.06138107594,989.278164556962,522687.1560653919,991.5091772151899,520949.29878474824,991.2079113924051,525408.7349949275,993.4237341772152,517544.2290715228,987.2335443037974,521869.0960595332,990.5305063291138
247,522756.06138107594,987.428164556962,522687.1560653919,990.2025316455696,520949.29878474824,990.9569620253164,525408.7349949275,993.0022151898734,517544.2290715228,990.242088607595,521869.0960595332,990.3663924050632
248,522756.06138107594,987.0886075949367,522687.1560653919,990.0306962025317,520949.29878474824,990.8534810126582,525408.7349949275,993.2794303797468,517544.2290715228,989.4835443037974,521869.0960595332,990.1471518987343
249,522756.06138107594,989.7996835443038,522687.1560653919,989.7990506329114,520949.29878474824,990.8474683544304,525408.7349949275,991.5534810126583,517544.2290715228,988.159493670886,521869.0960595332,990.031835443038
250,522756.06138107594,989.0243670886076,522687.1560653919,989.5069620253165,520949.29878474824,990.8772151898734,525408.7349949275,991.9829113924051,517544.2290715228,989.0439873417722,521869.0960595332,990.0870886075951
251,522756.06138107594,988.0996835443038,522687.1560653919,986.8300632911393,520949.29878474824,991.471835443038,525408.7349949275,994.1718354430379,517544.2290715228,987.8920886075949,521869.0960595332,989.6931012658227
252,522756.06138107594,985.4053797468355,522687.1560653919,988.221835443038,520949.29878474824,988.9164556962025,525408.7349949275,990.6034810126582,517544.2290715228,989.3636075949368,521869.0960595332,988.5021518987344
253,522756.06138107594,986.0395569620254,522687.1560653919,987.9863924050633,520949.29878474824,987.723417721519,525408.7349949275,993.4525316455696,517544.2290715228,990.4490506329114,521869.0960595332,989.1301898734179
254,522756.06138107594,988.8313291139241,522687.1560653919,987.3474683544304,520949.29878474824,989.2417721518988,525408.7349949275,992.5569620253165,517544.2290715228,989.8221518987342,521869.0960595332,989.5599367088607
255,522756.06138107594,988.9363924050633,522687.1560653919,989.5753164556962,520949.29878474824,990.2537974683544,525408.7349949275,992.5294303797468,517544.2290715228,990.4962025316456,521869.0960595332,990.3582278481014
256,522756.06138107594,989.6395569620253,522687.1560653919,990.5848101265823,520949.29878474824,986.842088607595,525408.7349949275,991.2965189873418,517544.2290715228,990.9582278481013,521869.0960595332,989.864240506329
257,522756.06138107594,989.9082278481013,522687.1560653919,989.9525316455696,520949.29878474824,987.5867088607595,525408.7349949275,994.1987341772152,517544.2290715228,991.3041139240506,521869.0960595332,990.5900632911392
258,522756.06138107594,989.2879746835443,522687.1560653919,989.6177215189873,520949.29878474824,988.5996835443038,525408.7349949275,991.1860759493671,517544.2290715228,992.6063291139241,521869.0960595332,990.2595569620253
259,522756.06138107594,988.0686708860759,522687.1560653919,987.3395569620253,520949.29878474824,988.840506329114,525408.7349949275,992.3930379746836,517544.2290715228,990.6693037974684,521869.0960595332,989.4622151898735
260,522756.06138107594,987.6189873417721,522687.1560653919,987.1360759493671,520949.29878474824,990.7398734177215,525408.7349949275,993.1800632911393,517544.2290715228,990.3170886075949,521869.0960595332,989.7984177215191
261,522756.06138107594,988.3924050632911,522687.1560653919,989.7322784810127,520949.29878474824,990.1037974683544,525408.7349949275,993.5724683544304,517544.2290715228,989.9895569620253,521869.0960595332,990.3581012658229
262,522756.06138107594,988.5208860759494,522687.1560653919,988.8085443037975,520949.29878474824,989.4180379746836,525408.7349949275,992.7041139240506,517544.2290715228,989.9161392405064,521869.0960595332,989.8735443037974
263,522756.06138107594,989.6601265822785,518243.85842727416,988.6588607594937,520949.29878474824,990.4139240506329,525408.7349949275,993.3898734177216,517544.2290715228,990.1424050632911,520980.4365319096,990.4530379746835
264,522756.06138107594,987.504746835443,518243.85842727416,988.6332278481012,520949.29878474824,988.4990506329113,525408.7349949275,993.3610759493671,517544.2290715228,986.276582278481,520980.4365319096,988.8549367088608
265,522756.06138107594,985.326582278481,518243.85842727416,989.1677215189874,520949.29878474824,987.9696202531645,525408.7349949275,994.198417721519,517544.2290715228,987.3322784810126,520980.4365319096,988.7989240506329
266,522756.06138107594,987.742088607595,518243.85842727416,987.1148734177215,520949.29878474824,988.8208860759494,525408.7349949275,993.9971518987342,517544.2290715228,987.6237341772152,520980.4365319096,989.059746835443
267,522756.06138107594,988.595253164557,518243.85842727416,989.2560126582279,520949.29878474824,989.4651898734177,525408.7349949275,991.9889240506329,517544.2290715228,984.101582278481,520980.4365319096,988.6813924050633
268,522756.06138107594,989.5677215189874,518243.85842727416,986.3553797468354,520949.29878474824,988.0987341772152,525408.7349949275,992.659493670886,517544.2290715228,982.6962025316456,520980.4365319096,987.8755063291139
269,522756.06138107594,989.8408227848101,518243.85842727416,987.1591772151899,520949.29878474824,988.6613924050633,525408.7349949275,992.4411392405063,517544.2290715228,981.6585443037975,520980.4365319096,987.9522151898734
270,522756.06138107594,990.5715189873417,518243.85842727416,987.8069620253165,520949.29878474824,985.7962025316456,525408.7349949275,993.6724683544304,517544.2290715228,986.3424050632912,520980.4365319096,988.837911392405
271,522756.06138107594,989.851582278481,518243.85842727416,987.6268987341772,520949.29878474824,985.4620253164557,525408.7349949275,992.9145569620254,517544.2290715228,985.090506329114,520980.4365319096,988.1891139240506
272,522756.06138107594,989.907911392405,518243.85842727416,988.838924050633,520949.29878474824,986.9813291139241,525408.7349949275,991.6560126582278,517544.2290715228,987.4971518987342,520980.4365319096,988.9762658227849
273,522756.06138107594,990.5449367088607,518243.85842727416,989.2272151898734,520949.29878474824,987.8240506329114,525408.7349949275,992.4835443037974,517544.2290715228,989.2031645569621,520980.4365319096,989.856582278481
274,522756.06138107594,989.1433544303798,518243.85842727416,988.9069620253165,520949.29878474824,983.5053797468354,525408.7349949275,994.7142405063291,517544.2290715228,989.5537974683544,520980.4365319096,989.1647468354431
275,522756.06138107594,988.7759493670886,518243.85842727416,989.4139240506329,520949.29878474824,985.6379746835443,525408.7349949275,993.7284810126582,517544.2290715228,989.7629746835443,520980.4365319096,989.4638607594937
276,522756.06138107594,987.9651898734177,518243.85842727416,987.8215189873417,520949.29878474824,985.425,525408.7349949275,992.7044303797468,517544.2290715228,990.5405063291139,520980.4365319096,988.8913291139239
277,522756.06138107594,988.7819620253165,518243.85842727416,988.3886075949367,520949.29878474824,982.351582278481,525408.7349949275,993.7819620253165,517544.2290715228,989.5408227848101,520980.4365319096,988.5689873417721
278,522756.06138107594,988.0221518987341,518243.85842727416,988.270253164557,520949.29878474824,986.8721518987342,525408.7349949275,994.0167721518987,517544.2290715228,988.9306962025316,520980.4365319096,989.222405063291
279,522756.06138107594,988.7009493670886,518243.85842727416,988.0477848101266,520949.29878474824,986.875,525408.7349949275,993.9759493670886,517544.2290715228,991.3281645569621,520980.4365319096,989.7855696202532
280,522756.06138107594,989.3705696202531,518243.85842727416,987.7556962025317,520949.29878474824,984.7446202531646,525408.7349949275,992.728164556962,517544.2290715228,992.225,520980.4365319096,989.3648101265823
281,522756.06138107594,986.5617088607595,518243.85842727416,987.4050632911392,520949.29878474824,987.5113924050632,525408.7349949275,993.1525316455696,517544.2290715228,992.1927215189874,520980.4365319096,989.3646835443038
282,522756.06138107594,988.3490506329114,518243.85842727416,988.656329113924,520949.29878474824,987.0354430379747,525408.7349949275,993.128164556962,517544.2290715228,993.7803797468355,520980.4365319096,990.1898734177215
283,522756.06138107594,987.4075949367088,518243.85842727416,988.1085443037974,520949.29878474824,987.7395569620253,522625.3514996478,990.9822784810127,517544.2290715228,993.2446202531646,520423.75983285374,989.4965189873417
284,522756.06138107594,985.9591772151899,518243.85842727416,988.0525316455696,520949.29878474824,988.7857594936709,522625.3514996478,991.8604430379747,517544.2290715228,992.8155063291139,520423.75983285374,989.4946835443037
285,522756.06138107594,988.9155063291139,518243.85842727416,989.2585443037975,520949.29878474824,990.1193037974683,522625.3514996478,993.620253164557,517544.2290715228,993.0556962025316,520423.75983285374,990.9938607594937
286,522756.06138107594,988.342088607595,518243.85842727416,988.2939873417722,520949.29878474824,988.1727848101266,522625.3514996478,992.1240506329113,517544.2290715228,991.875,520423.75983285374,989.761582278481
287,522756.06138107594,987.9332278481013,518243.85842727416,988.378164556962,520949.29878474824,989.2803797468355,522625.3514996478,992.912658227848,517544.2290715228,990.9800632911392,520423.75983285374,989.8968987341774
288,522756.06138107594,987.7370253164557,518243.85842727416,986.854746835443,520949.29878474824,989.1101265822784,522625.3514996478,988.9256329113924,517544.2290715228,992.179746835443,520423.75983285374,988.9614556962024
289,522756.06138107594,987.7389240506329,518243.85842727416,984.2022151898734,520949.29878474824,990.0287974683545,522625.3514996478,992.1446202531646,517544.2290715228,991.4813291139241,520423.75983285374,989.1191772151899
290,522756.06138107594,988.3863924050632,518243.85842727416,988.8132911392405,520949.29878474824,988.3645569620253,522625.3514996478,994.0806962025316,517544.2290715228,993.4151898734177,520423.75983285374,990.6120253164557
291,522756.06138107594,987.8696202531646,518243.85842727416,989.3996835443038,520949.29878474824,988.4550632911393,522625.3514996478,992.0854430379746,517544.2290715228,990.3832278481012,520423.75983285374,989.6386075949367
292,522756.06138107594,988.2816455696203,518243.85842727416,989.7901898734177,520949.29878474824,985.9522151898734,522625.3514996478,990.1284810126582,517544.2290715228,989.5901898734177,520423.75983285374,988.7485443037974
293,522756.06138107594,987.9753164556962,518243.85842727416,988.1768987341773,520949.29878474824,988.1117088607594,522625.3514996478,988.618670886076,517544.2290715228,990.6674050632911,520423.75983285374,988.71
294,522756.06138107594,988.3316455696203,518243.85842727416,988.8196202531645,520949.29878474824,989.125,522625.3514996478,991.3787974683544,517544.2290715228,991.153164556962,520423.75983285374,989.7616455696203
295,522756.06138107594,987.5332278481013,518243.85842727416,986.0829113924051,520949.29878474824,987.5854430379746,522625.3514996478,992.8474683544304,517544.2290715228,993.6069620253164,520423.75983285374,989.5312025316456
296,522756.06138107594,989.4446202531645,518243.85842727416,987.1768987341773,520949.29878474824,988.1310126582279,522625.3514996478,992.9382911392405,517544.2290715228,992.9674050632912,520423.75983285374,990.1316455696203
297,522756.06138107594,989.4756329113924,518243.85842727416,985.9129746835443,520949.29878474824,989.8553797468354,522625.3514996478,992.0468354430379,517544.2290715228,993.6316455696202,520423.75983285374,990.1844936708861
298,522756.06138107594,986.9876582278481,518243.85842727416,989.0268987341772,520949.29878474824,987.6632911392405,522625.3514996478,992.6376582278481,517544.2290715228,992.8715189873418,520423.75983285374,989.8374050632913
299,522756.06138107594,986.0943037974683,518243.85842727416,989.5607594936708,520949.29878474824,986.6132911392405,522625.3514996478,991.7025316455696,517544.2290715228,993.103164556962,520423.75983285374,989.4148101265822
300,522756.06138107594,987.3034810126583,518243.85842727416,990.371835443038,520949.29878474824,987.4284810126583,522625.3514996478,992.3443037974683,517544.2290715228,992.804746835443,520423.75983285374,990.0505696202532
301,522756.06138107594,987.4243670886076,518243.85842727416,990.971835443038,520949.29878474824,988.5398734177215,522625.3514996478,992.5537974683544,517544.2290715228,992.7189873417722,520423.75983285374,990.4417721518987
302,522756.06138107594,987.9541139240506,518243.85842727416,987.6161392405063,520949.29878474824,988.1405063291139,522625.3514996478,993.0617088607595,517544.2290715228,991.5518987341773,520423.75983285374,989.6648734177215
303,522756.06138107594,989.0104430379747,518243.85842727416,987.087341772152,520949.29878474824,986.5490506329114,522625.3514996478,990.906329113924,517544.2290715228,992.0028481012658,520423.75983285374,989.1112025316455
304,522756.06138107594,988.2386075949368,518243.85842727416,992.5601265822785,520949.29878474824,986.6829113924051,522625.3514996478,992.7006329113924,517544.2290715228,993.1981012658227,520423.75983285374,990.676075949367
305,522756.06138107594,987.221835443038,518243.85842727416,991.403164556962,520949.29878474824,987.4813291139241,522625.3514996478,991.6541139240506,517544.2290715228,991.4186708860759,520423.75983285374,989.83582278481
306,522756.06138107594,987.4626582278481,518243.85842727416,989.6401898734177,520949.29878474824,987.9424050632912,522625.3514996478,993.223417721519,517544.2290715228,991.5724683544304,520423.75983285374,989.9682278481014
307,522756.06138107594,988.6718354430379,518243.85842727416,990.0433544303797,520949.29878474824,987.0924050632912,522625.3514996478,990.2873417721519,517544.2290715228,990.1363924050632,520423.75983285374,989.2462658227847
308,522756.06138107594,986.9756329113924,518243.85842727416,987.3575949367089,520949.29878474824,988.7208860759494,522625.3514996478,992.2914556962025,517544.2290715228,990.9231012658228,520423.75983285374,989.2537341772152
309,522756.06138107594,988.2553797468354,518243.85842727416,989.0582278481013,520949.29878474824,988.9449367088607,522625.3514996478,992.9272151898734,517544.2290715228,988.7237341772152,520423.75983285374,989.5818987341772
310,522756.06138107594,988.0610759493671,518243.85842727416,988.6867088607595,520949.29878474824,989.3123417721519,522625.3514996478,993.1066455696202,517544.2290715228,991.286075949367,520423.75983285374,990.0905696202532
311,522756.06138107594,987.5604430379747,518243.85842727416,990.4056962025317,520949.29878474824,989.242088607595,522625.3514996478,993.5705696202532,517544.2290715228,991.4876582278481,520423.75983285374,990.4532911392405
312,522756.06138107594,988.7835443037975,518243.85842727416,988.5939873417722,520949.29878474824,989.6145569620253,522625.3514996478,992.001582278481,517544.2290715228,991.1224683544303,520423.75983285374,990.0232278481013
313,522756.06138107594,987.9889240506329,518243.85842727416,991.5794303797468,520949.29878474824,988.176582278481,522625.3514996478,991.0851265822785,517544.2290715228,992.4348101265823,520423.75983285374,990.2529746835444
314,522756.06138107594,987.8313291139241,518243.85842727416,990.2873417721519,520949.29878474824,988.8705696202531,522625.3514996478,988.3645569620253,517544.2290715228,991.8775316455697,520423.75983285374,989.4462658227849
315,522756.06138107594,988.4996835443038,518243.85842727416,990.493670886076,520949.29878474824,986.8136075949367,522625.3514996478,991.1487341772151,517544.2290715228,992.6351265822785,520423.75983285374,989.9181645569621
316,522756.06138107594,988.7006329113924,518243.85842727416,991.7142405063291,520949.29878474824,989.2775316455696,522625.3514996478,992.2585443037975,517544.2290715228,991.7417721518988,520423.75983285374,990.7385443037974
317,522756.06138107594,986.7335443037974,518243.85842727416,991.5335443037975,520949.29878474824,986.8056962025316,522625.3514996478,991.5458860759494,517544.2290715228,990.7240506329114,520423.75983285374,989.4685443037976
318,522756.06138107594,985.9136075949367,518243.85842727416,990.3591772151899,520949.29878474824,987.4231012658228,522625.3514996478,991.846835443038,517544.2290715228,990.3743670886076,520423.75983285374,989.183417721519
319,522756.06138107594,986.3224683544304,518243.85842727416,988.2401898734178,520949.29878474824,987.7689873417721,522625.3514996478,989.7493670886076,517544.2290715228,991.2987341772152,520423.75983285374,988.6759493670886
320,522756.06138107594,987.0965189873418,518243.85842727416,991.1196202531646,520949.29878474824,987.5655063291139,522625.3514996478,993.1022151898734,517544.2290715228,991.0924050632912,520423.75983285374,989.995253164557
321,522756.06138107594,988.5262658227848,518243.85842727416,988.5778481012658,520949.29878474824,986.1946202531645,522625.3514996478,991.8892405063291,517544.2290715228,991.0645569620253,520423.75983285374,989.2505063291139
322,522756.06138107594,986.5408227848101,518243.85842727416,990.4085443037975,520949.29878474824,988.6696202531646,522625.3514996478,992.9493670886076,517544.2290715228,989.7458860759493,520423.75983285374,989.662848101266
323,522756.06138107594,986.1325949367089,518243.85842727416,988.6477848101266,520949.29878474824,988.9607594936709,522625.3514996478,994.5113924050632,517544.2290715228,990.7933544303797,520423.75983285374,989.80917721519
324,522756.06138107594,986.4145569620254,518243.85842727416,989.7291139240506,520949.29878474824,986.4341772151898,522625.3514996478,992.575,517544.2290715228,990.1006329113924,520423.75983285374,989.0506962025316
325,522756.06138107594,985.0180379746836,518243.85842727416,988.0601265822785,520949.29878474824,988.3512658227849,522625.3514996478,994.5696202531645,517544.2290715228,989.5174050632911,520423.75983285374,989.1032911392406
326,522756.06138107594,986.7664556962026,518243.85842727416,987.2044303797468,520949.29878474824,987.6417721518987,522625.3514996478,995.0623417721519,517544.2290715228,989.2344936708861,520423.75983285374,989.1818987341773
327,522756.06138107594,986.212341772152,518243.85842727416,989.6145569620253,520949.29878474824,988.1813291139241,522625.3514996478,994.2430379746835,517544.2290715228,987.4974683544303,520423.75983285374,989.149746835443
328,522756.06138107594,986.717088607595,518243.85842727416,990.7857594936709,520949.29878474824,988.1050632911392,522625.3514996478,993.5617088607595,517544.2290715228,989.9136075949367,520423.75983285374,989.8166455696203
329,522756.06138107594,987.1471518987341,518243.85842727416,990.773417721519,520949.29878474824,989.0123417721519,522625.3514996478,992.6933544303797,517544.2290715228,989.325,520423.75983285374,989.790253164557
330,522756.06138107594,986.721835443038,518243.85842727416,990.804746835443,520949.29878474824,988.4256329113924,522625.3514996478,994.9911392405063,517544.2290715228,990.0262658227848,520423.75983285374,990.1939240506329
331,522756.06138107594,988.573417721519,518243.85842727416,990.5490506329114,520949.29878474824,989.7145569620253,522625.3514996478,994.6462025316456,517544.2290715228,991.6629746835443,520423.75983285374,991.0292405063292
332,522756.06138107594,987.1098101265823,518243.85842727416,991.3028481012658,520949.29878474824,989.3563291139241,522625.3514996478,995.132911392405,517544.2290715228,989.3867088607595,520423.75983285374,990.4577215189872
333,522756.06138107594,986.8610759493671,518243.85842727416,990.1085443037974,520949.29878474824,989.3550632911392,522625.3514996478,995.0743670886076,517544.2290715228,989.0155063291139,520423.75983285374,990.082911392405
334,522756.06138107594,983.9003164556962,518243.85842727416,991.1344936708861,520949.29878474824,988.0772151898734,522625.3514996478,994.3927215189873,517544.2290715228,990.6598101265823,520423.75983285374,989.632911392405
335,522756.06138107594,986.023417721519,518243.85842727416,992.1424050632911,520949.29878474824,987.5933544303797,522625.3514996478,995.4028481012658,517544.2290715228,990.1838607594937,520423.75983285374,990.2691772151899
336,522756.06138107594,986.0689873417722,518243.85842727416,990.4382911392405,520949.29878474824,985.9863924050633,522625.3514996478,994.9025316455696,517544.2290715228,990.6430379746836,520423.75983285374,989.6078481012659
337,522756.06138107594,986.8971518987341,518243.85842727416,991.8699367088608,520949.29878474824,988.4332278481013,522625.3514996478,993.3126582278481,517544.2290715228,990.1240506329113,520423.75983285374,990.1274050632912
338,522756.06138107594,986.4990506329113,518243.85842727416,991.1376582278481,520949.29878474824,985.8775316455697,522625.3514996478,995.7623417721519,517544.2290715228,987.0857594936709,520423.75983285374,989.2724683544304
339,522756.06138107594,986.1598101265823,518243.85842727416,989.1601265822785,520949.29878474824,988.1382911392406,522625.3514996478,994.3474683544304,517544.2290715228,992.5705696202532,520423.75983285374,990.075253164557
340,522756.06138107594,985.6344936708861,518243.85842727416,991.5851265822785,520949.29878474824,987.7623417721519,522625.3514996478,995.8297468354431,517544.2290715228,990.8775316455697,520423.75983285374,990.3378481012658
341,522756.06138107594,986.9205696202532,518243.85842727416,991.3838607594937,520949.29878474824,988.0667721518987,522625.3514996478,994.662658227848,517544.2290715228,990.9712025316455,520423.75983285374,990.4010126582277
342,522756.06138107594,984.1272151898734,518243.85842727416,990.6310126582279,520949.29878474824,986.6718354430379,522625.3514996478,992.3208860759494,517544.2290715228,990.6778481012658,520423.75983285374,988.885759493671
343,522756.06138107594,986.6240506329113,518243.85842727416,988.8224683544304,520949.29878474824,985.337341772152,522625.3514996478,994.3541139240506,517544.2290715228,991.8993670886076,520423.75983285374,989.4074683544304
344,522756.06138107594,986.7819620253165,518243.85842727416,991.5721518987342,520949.29878474824,985.1272151898734,522625.3514996478,992.1689873417722,517544.2290715228,992.2493670886076,520423.75983285374,989.5799367088608
345,522756.06138107594,984.2715189873418,518243.85842727416,992.6136075949368,520949.29878474824,987.0075949367089,522625.3514996478,991.7642405063291,517544.2290715228,992.9449367088607,520423.75983285374,989.7203797468355
346,522756.06138107594,987.6243670886076,518243.85842727416,992.5243670886076,520949.29878474824,987.1009493670886,522625.3514996478,993.2721518987341,517544.2290715228,993.8132911392405,520423.75983285374,990.8670253164557
347,522756.06138107594,985.0424050632911,518243.85842727416,990.9816455696202,520949.29878474824,986.8996835443038,522625.3514996478,994.3496835443038,517544.2290715228,992.771835443038,520423.75983285374,990.0090506329113
348,522756.06138107594,986.0825949367089,518243.85842727416,992.9069620253165,520949.29878474824,987.5322784810127,522625.3514996478,993.5857594936709,517544.2290715228,992.4636075949367,520423.75983285374,990.5142405063292
349,522756.06138107594,989.1405063291139,518243.85842727416,992.3237341772152,520949.29878474824,987.3721518987342,522625.3514996478,992.843670886076,517544.2290715228,990.8275316455696,520423.75983285374,990.5015189873417
350,522756.06138107594,989.4462025316456,518243.85842727416,991.7832278481013,520949.29878474824,987.0221518987341,522625.3514996478,993.3376582278481,517544.2290715228,991.9363924050633,520423.75983285374,990.7051265822784
351,522756.06138107594,990.354746835443,518243.85842727416,992.3936708860759,520949.29878474824,987.0534810126583,522625.3514996478,993.8025316455696,517544.2290715228,992.1449367088608,520423.75983285374,991.1498734177216
352,522756.06138107594,988.7787974683545,518243.85842727416,990.8784810126582,520949.29878474824,985.6851265822785,522625.3514996478,993.6879746835443,517544.2290715228,992.3721518987342,520423.75983285374,990.280506329114
353,522756.06138107594,988.090506329114,518243.85842727416,989.8139240506329,520949.29878474824,984.8316455696203,522625.3514996478,992.7582278481012,517544.2290715228,989.5161392405063,520423.75983285374,989.002088607595
354,522756.06138107594,988.2613924050632,518243.85842727416,991.9579113924051,520949.29878474824,987.4481012658227,522625.3514996478,992.7699367088608,517544.2290715228,992.0287974683545,520423.75983285374,990.4932278481012
355,522756.06138107594,986.9284810126583,518243.85842727416,990.7151898734177,520949.29878474824,987.4139240506329,522625.3514996478,991.8620253164557,517544.2290715228,992.0041139240507,520423.75983285374,989.784746835443
356,522756.06138107594,989.588924050633,518243.85842727416,990.8056962025316,520949.29878474824,986.9132911392405,522625.3514996478,991.9145569620254,517544.2290715228,991.896835443038,520423.75983285374,990.2238607594936
357,522756.06138107594,988.125,518243.85842727416,992.5132911392406,520949.29878474824,985.973417721519,522625.3514996478,991.5870253164557,517544.2290715228,992.8018987341773,520423.75983285374,990.2001265822786
358,522756.06138107594,989.1670886075949,518243.85842727416,990.7481012658228,520949.29878474824,987.2803797468355,522625.3514996478,993.0158227848101,517544.2290715228,993.2693037974684,520423.75983285374,990.6961392405062
359,522756.06138107594,988.6348101265822,518243.85842727416,992.1674050632911,520949.29878474824,985.406329113924,522625.3514996478,992.593670886076,517544.2290715228,991.1439873417721,520423.75983285374,989.989240506329
360,522756.06138107594,984.7525316455697,518243.85842727416,992.1550632911392,520949.29878474824,985.4088607594937,522625.3514996478,990.948417721519,517544.2290715228,993.590506329114,520423.75983285374,989.3710759493672
361,522756.06138107594,987.382911392405,518243.85842727416,989.3731012658228,520949.29878474824,987.654746835443,522625.3514996478,987.9329113924051,517544.2290715228,993.476582278481,520423.75983285374,989.1640506329113
362,522756.06138107594,989.5389240506329,518243.85842727416,989.6787974683544,520949.29878474824,987.8825949367089,522625.3514996478,990.6920886075949,517544.2290715228,993.3424050632912,520423.75983285374,990.2269620253164
363,522756.06138107594,989.0987341772152,518243.85842727416,988.6107594936709,520949.29878474824,985.9082278481013,522625.3514996478,990.229746835443,517544.2290715228,993.05,520423.75983285374,989.3794936708861
364,522756.06138107594,987.4699367088608,518243.85842727416,989.7117088607595,520949.29878474824,988.0104430379747,522625.3514996478,991.159493670886,517544.2290715228,991.9775316455696,520423.75983285374,989.6658227848102
365,522756.06138107594,988.8585443037974,518243.85842727416,992.0832278481013,520949.29878474824,987.2193037974683,522625.3514996478,990.2534810126582,517544.2290715228,993.0610759493671,520423.75983285374,990.2951265822785
366,522756.06138107594,989.6341772151899,518243.85842727416,991.5696202531645,520949.29878474824,987.2534810126582,522625.3514996478,991.6344936708861,517544.2290715228,991.4829113924051,520423.75983285374,990.3149367088606
367,522756.06138107594,990.8844936708861,518243.85842727416,990.6151898734178,520949.29878474824,987.7917721518987,522625.3514996478,990.6433544303798,517544.2290715228,992.4541139240506,520423.75983285374,990.4777848101266
368,522756.06138107594,989.3262658227848,518243.85842727416,992.4218354430379,520949.29878474824,988.7117088607595,522625.3514996478,989.6278481012658,517544.2290715228,991.4996835443038,520423.75983285374,990.3174683544303
369,522756.06138107594,988.3088607594937,518243.85842727416,994.0493670886076,520949.29878474824,986.5101265822785,522625.3514996478,991.2477848101266,517544.2290715228,992.659493670886,520423.75983285374,990.5551265822785
370,522756.06138107594,989.8098101265823,518243.85842727416,992.9626582278481,520949.29878474824,989.3962025316456,522625.3514996478,988.6943037974684,517544.2290715228,991.1835443037975,520423.75983285374,990.4093037974684
371,522756.06138107594,990.4218354430379,518243.85842727416,993.1784810126583,520949.29878474824,988.5987341772152,522550.76875532145,992.4208860759494,517544.2290715228,991.8329113924051,520408.8432839884,991.2905696202531
372,522756.06138107594,991.342088607595,518243.85842727416,994.1082278481013,520949.29878474824,988.5462025316456,522550.76875532145,991.0892405063291,517544.2290715228,990.6768987341773,520408.8432839884,991.1525316455696
373,522756.06138107594,989.9477848101266,518243.85842727416,993.8053797468355,520949.29878474824,988.5708860759494,522550.76875532145,990.651582278481,517544.2290715228,990.3873417721519,520408.8432839884,990.6725949367088
374,522756.06138107594,990.223417721519,518243.85842727416,993.1905063291139,520949.29878474824,988.3791139240507,522550.76875532145,991.0291139240506,517544.2290715228,989.9829113924051,520408.8432839884,990.5610126582278
375,522756.06138107594,989.7474683544303,518243.85842727416,993.4876582278481,520949.29878474824,987.4028481012658,522550.76875532145,992.8129746835443,517544.2290715228,991.9044303797468,520408.8432839884,991.0710759493671
376,522756.06138107594,989.8041139240506,518243.85842727416,992.6037974683544,520949.29878474824,988.5098101265822,522550.76875532145,992.1382911392406,517544.2290715228,990.8322784810126,520408.8432839884,990.7776582278481
377,522756.06138107594,989.9525316455696,518243.85842727416,991.1006329113924,520949.29878474824,987.7243670886076,522550.76875532145,991.8876582278481,517544.2290715228,988.3196202531645,520408.8432839884,989.7969620253165
378,522756.06138107594,991.0955696202532,518243.85842727416,992.9,520949.29878474824,989.1537974683545,522550.76875532145,990.4585443037975,517544.2290715228,988.6772151898734,520408.8432839884,990.4570253164557
379,522756.06138107594,987.6006329113924,518243.85842727416,993.7661392405063,520949.29878474824,989.0560126582278,522550.76875532145,990.5962025316455,517544.2290715228,987.5167721518987,520408.8432839884,989.7071518987341
380,522756.06138107594,986.5797468354431,518243.85842727416,992.321835443038,520949.29878474824,987.7509493670887,522550.76875532145,986.1389240506329,517544.2290715228,989.126582278481,520408.8432839884,988.3836075949368
381,522756.06138107594,989.0395569620254,518243.85842727416,993.7927215189874,520949.29878474824,988.8126582278481,522550.76875532145,988.0503164556962,517544.2290715228,990.2895569620254,520408.8432839884,989.9969620253165
382,522756.06138107594,989.553164556962,518243.85842727416,991.9712025316455,520949.29878474824,989.5037974683544,522550.76875532145,989.1933544303797,517544.2290715228,991.5196202531646,520408.8432839884,990.3482278481013
383,522756.06138107594,989.3924050632911,518243.85842727416,993.6050632911392,520949.29878474824,988.3284810126582,522550.76875532145,988.2503164556962,517544.2290715228,989.9841772151899,520408.8432839884,989.9120886075949
384,522756.06138107594,988.5974683544304,518243.85842727416,992.5034810126582,520949.29878474824,989.5322784810127,522550.76875532145,986.1272151898734,517544.2290715228,990.8993670886076,520408.8432839884,989.5319620253165
385,522756.06138107594,989.2575949367089,518243.85842727416,994.0693037974684,520949.29878474824,990.5509493670886,521972.10844480334,986.9876582278481,517544.2290715228,991.2623417721519,520293.11122188484,990.4255696202532
386,522756.06138107594,989.25,518243.85842727416,994.1718354430379,520949.29878474824,990.554746835443,521972.10844480334,990.1762658227848,517544.2290715228,991.3117088607595,520293.11122188484,991.0929113924051
387,522756.06138107594,989.4598101265823,518243.85842727416,992.2496835443038,520949.29878474824,989.7800632911392,521972.10844480334,989.8724683544303,517544.2290715228,988.7892405063291,520293.11122188484,990.0302531645569
388,522756.06138107594,989.2357594936709,518243.85842727416,989.2259493670886,520949.29878474824,989.6183544303798,521972.10844480334,987.3895569620253,517544.2290715228,990.5370253164557,520293.11122188484,989.2013291139241
389,522756.06138107594,988.3895569620253,518243.85842727416,992.5756329113924,520949.29878474824,987.8721518987342,521972.10844480334,988.6193037974683,517544.2290715228,990.1389240506329,520293.11122188484,989.5191139240508
390,522756.06138107594,990.1556962025317,518243.85842727416,991.0848101265823,520949.29878474824,987.6693037974684,521972.10844480334,988.7136075949367,517544.2290715228,990.5044303797469,520293.11122188484,989.6255696202531
391,522756.06138107594,988.3680379746835,517917.0468627973,991.7224683544304,520949.29878474824,988.7743670886076,521972.10844480334,988.2680379746836,517544.2290715228,991.3857594936709,520227.7489089895,989.7037341772151
392,522756.06138107594,989.8401898734177,517917.0468627973,988.9522151898734,520949.29878474824,989.4050632911392,521972.10844480334,985.9674050632912,517544.2290715228,992.6702531645569,520227.7489089895,989.3670253164557
393,522756.06138107594,989.4275316455696,517917.0468627973,990.468670886076,520949.29878474824,989.7753164556962,521972.10844480334,990.7136075949367,517544.2290715228,992.2018987341772,520227.7489089895,990.5174050632911
394,522756.06138107594,989.1272151898734,517917.0468627973,990.5844936708861,520949.29878474824,988.4148734177215,521972.10844480334,990.2256329113924,517544.2290715228,991.5477848101266,520227.7489089895,989.9799999999999
395,522756.06138107594,987.4575949367089,517917.0468627973,990.8449367088608,520949.29878474824,988.9560126582278,521972.10844480334,991.4971518987342,517544.2290715228,991.9803797468354,520227.7489089895,990.1472151898734
396,522756.06138107594,989.4740506329114,517709.1158759449,990.4253164556962,520949.29878474824,989.770253164557,521972.10844480334,990.7079113924051,517544.2290715228,990.5117088607595,520186.16271161905,990.1778481012658
397,522756.06138107594,989.2803797468355,517709.1158759449,991.3775316455697,520949.29878474824,989.5120253164557,521972.10844480334,990.1481012658228,517544.2290715228,990.6661392405064,520186.16271161905,990.196835443038
398,522756.06138107594,990.3363924050633,517709.1158759449,990.0895569620253,520949.29878474824,988.6537974683545,521972.10844480334,989.6167721518988,517544.2290715228,992.4139240506329,520186.16271161905,990.222088607595
399,522756.06138107594,990.6091772151899,517709.1158759449,989.0104430379747,520949.29878474824,989.5417721518987,521972.10844480334,989.471835443038,517544.2290715228,992.0490506329114,520186.16271161905,990.1364556962026
400,522756.06138107594,989.0575949367088,517709.1158759449,991.6639240506329,520949.29878474824,989.1677215189874,521972.10844480334,989.4572784810126,517544.2290715228,991.9161392405064,520186.16271161905,990.2525316455697
401,522756.06138107594,989.9430379746835,517709.1158759449,989.8325949367089,520949.29878474824,988.525,521972.10844480334,988.071835443038,517544.2290715228,991.6363924050632,520186.16271161905,989.6017721518987
402,522756.06138107594,988.9829113924051,517709.1158759449,987.3332278481013,520949.29878474824,986.2537974683544,521972.10844480334,987.9212025316456,517544.2290715228,993.3905063291139,520186.16271161905,988.7763291139241
403,522756.06138107594,988.1003164556962,517709.1158759449,990.7537974683544,520949.29878474824,987.575,521972.10844480334,988.8246835443038,517544.2290715228,991.8854430379747,520186.16271161905,989.4278481012658
404,522756.06138107594,988.0696202531645,517709.1158759449,991.129746835443,520949.29878474824,987.1284810126582,521972.10844480334,987.7924050632911,517544.2290715228,993.493670886076,520186.16271161905,989.5227848101265
405,522756.06138107594,990.9367088607595,517709.1158759449,989.9395569620253,520949.29878474824,989.1623417721519,521972.10844480334,987.6056962025316,517544.2290715228,991.8905063291139,520186.16271161905,989.9069620253164
406,522756.06138107594,989.7310126582279,517709.1158759449,989.2696202531646,520949.29878474824,988.6996835443038,521972.10844480334,988.723417721519,517544.2290715228,991.3113924050633,520186.16271161905,989.5470253164558
407,522756.06138107594,989.037658227848,517709.1158759449,991.7075949367089,520949.29878474824,989.0025316455697,521972.10844480334,990.2132911392405,517544.2290715228,989.6727848101266,520186.16271161905,989.9267721518987
408,522756.06138107594,984.2901898734177,517709.1158759449,990.8965189873418,520949.29878474824,989.4835443037974,521972.10844480334,988.9971518987342,517544.2290715228,990.7613924050632,520186.16271161905,988.8857594936708
409,522756.06138107594,988.2287974683544,517709.1158759449,991.9996835443038,520949.29878474824,988.382911392405,521972.10844480334,988.6376582278481,517544.2290715228,992.6424050632911,520186.16271161905,989.9782911392406
410,522756.06138107594,988.4778481012659,517709.1158759449,990.9791139240506,520949.29878474824,990.2775316455696,521972.10844480334,990.3727848101266,517544.2290715228,990.8262658227848,520186.16271161905,990.1867088607594
411,522756.06138107594,988.6085443037974,517709.1158759449,990.4044303797468,520949.29878474824,989.1278481012658,521972.10844480334,989.8050632911393,517544.2290715228,989.9313291139241,520186.16271161905,989.5754430379748
412,522756.06138107594,983.0550632911393,517709.1158759449,988.9607594936709,520949.29878474824,989.5129746835443,521972.10844480334,989.5050632911392,517544.2290715228,988.7955696202532,520186.16271161905,987.9658860759494
413,522756.06138107594,986.5294303797468,517709.1158759449,989.3493670886076,520949.29878474824,989.6680379746836,521972.10844480334,989.5594936708861,517544.2290715228,991.8243670886076,520186.16271161905,989.3861392405063
414,522756.06138107594,989.120253164557,517709.1158759449,988.4825949367089,520949.29878474824,989.715506329114,521972.10844480334,990.071835443038,517544.2290715228,991.1838607594937,520186.16271161905,989.7148101265823
415,522756.06138107594,989.3367088607595,517709.1158759449,987.2512658227848,520949.29878474824,989.9873417721519,521972.10844480334,989.0863924050633,517544.2290715228,989.7870253164557,520186.16271161905,989.0897468354431
416,522756.06138107594,988.217088607595,517709.1158759449,989.6110759493671,520949.29878474824,988.9357594936708,521972.10844480334,988.2306962025316,517544.2290715228,990.8746835443038,520186.16271161905,989.1738607594937
417,522756.06138107594,990.9863924050633,517709.1158759449,988.6335443037975,520949.29878474824,987.8930379746836,521972.10844480334,988.7819620253165,517544.2290715228,989.9955696202531,520186.16271161905,989.2581012658227
418,522756.06138107594,990.3958860759494,517709.1158759449,989.2636075949367,520949.29878474824,989.4829113924051,521972.10844480334,988.0781645569621,517544.2290715228,990.6205696202531,520186.16271161905,989.5682278481014
419,522756.06138107594,990.3344936708861,517709.1158759449,988.6212025316456,520949.29878474824,990.9231012658228,521972.10844480334,988.5607594936708,517544.2290715228,991.7199367088608,520186.16271161905,990.0318987341773
420,522756.06138107594,989.5158227848101,517709.1158759449,986.5534810126583,520949.29878474824,989.8958860759494,521972.10844480334,986.8911392405063,517544.2290715228,990.6427215189873,520186.16271161905,988.6998101265823
421,522756.06138107594,989.9493670886076,517709.1158759449,987.3145569620253,520949.29878474824,988.6401898734177,521972.10844480334,988.2417721518988,517544.2290715228,992.3303797468354,520186.16271161905,989.2952531645569
422,522756.06138107594,992.2901898734177,517709.1158759449,987.9721518987342,520949.29878474824,990.8322784810126,521972.10844480334,988.3936708860759,517544.2290715228,993.0012658227848,520186.16271161905,990.4979113924052
423,522756.06138107594,990.8636075949368,517709.1158759449,988.8518987341772,520949.29878474824,991.4518987341772,521972.10844480334,989.7496835443038,517544.2290715228,991.6072784810127,520186.16271161905,990.5048734177215
424,522756.06138107594,991.8424050632912,517709.1158759449,989.782911392405,520949.29878474824,988.753164556962,521972.10844480334,990.2886075949367,517544.2290715228,988.929746835443,520186.16271161905,989.9193670886076
425,522756.06138107594,987.0639240506329,517709.1158759449,987.8490506329114,520949.29878474824,989.8398734177215,521972.10844480334,989.9626582278481,517544.2290715228,991.9436708860759,520186.16271161905,989.3318354430379
426,522756.06138107594,987.2958860759494,517709.1158759449,989.4174050632911,520949.29878474824,990.4743670886076,521972.10844480334,989.9291139240506,517544.2290715228,992.463924050633,520186.16271161905,989.9161392405064
427,522756.06138107594,991.848417721519,517709.1158759449,991.2322784810127,520949.29878474824,991.5373417721519,521972.10844480334,988.0110759493671,517544.2290715228,989.7575949367089,520186.16271161905,990.477341772152
428,522756.06138107594,991.7079113924051,517709.1158759449,991.6718354430379,520949.29878474824,989.2607594936709,521972.10844480334,990.4829113924051,517544.2290715228,990.3996835443038,520186.16271161905,990.7046202531646
429,522756.06138107594,989.6430379746836,517709.1158759449,990.648417721519,520949.29878474824,989.8408227848101,521972.10844480334,989.6474683544304,517544.2290715228,991.0246835443038,520186.16271161905,990.1608860759494
430,522756.06138107594,988.5341772151899,517709.1158759449,986.476582278481,520949.29878474824,990.4911392405063,521972.10844480334,986.4721518987342,517544.2290715228,988.3117088607595,520186.16271161905,988.0571518987342
431,522756.06138107594,988.9575949367089,517709.1158759449,990.4227848101266,520949.29878474824,988.5284810126582,521972.10844480334,989.3056962025316,517544.2290715228,988.1344936708861,520186.16271161905,989.0698101265822
432,522756.06138107594,990.9816455696202,517709.1158759449,990.8414556962025,520949.29878474824,990.6518987341772,521972.10844480334,989.6683544303797,517544.2290715228,985.6544303797468,520186.16271161905,989.5595569620252
433,521217.54001651483,990.9522151898734,517709.1158759449,988.2572784810127,520949.29878474824,990.0158227848101,521972.10844480334,990.8240506329114,517544.2290715228,984.8259493670886,519878.45843870676,988.9750632911391
434,521217.54001651483,991.4164556962025,517709.1158759449,990.5126582278481,520949.29878474824,989.0715189873417,521972.10844480334,988.1041139240506,517544.2290715228,986.3601265822784,519878.45843870676,989.0929746835442
435,521217.54001651483,991.0044303797469,517709.1158759449,988.0727848101266,520949.29878474824,987.9996835443038,521972.10844480334,990.496835443038,517544.2290715228,989.7920886075949,519878.45843870676,989.473164556962
436,521217.54001651483,989.2613924050632,517709.1158759449,990.0746835443038,520949.29878474824,987.0186708860759,521972.10844480334,989.0591772151898,517544.2290715228,989.2506329113924,519878.45843870676,988.932911392405
437,519937.3752934926,992.0208860759494,517709.1158759449,991.2079113924051,520949.29878474824,988.629746835443,521972.10844480334,988.962341772152,517544.2290715228,987.7056962025316,519622.4254941024,989.7053164556961
438,519937.3752934926,989.6243670886076,517709.1158759449,989.8762658227848,520949.29878474824,991.2088607594936,521972.10844480334,987.2268987341772,517544.2290715228,989.8367088607595,519622.4254941024,989.5546202531647
439,519937.3752934926,991.337341772152,517709.1158759449,991.2977848101266,520949.29878474824,991.9272151898734,521972.10844480334,988.8291139240506,517544.2290715228,989.2993670886076,519622.4254941024,990.5381645569621
440,519937.3752934926,992.1123417721519,517709.1158759449,989.3803797468354,520949.29878474824,990.4762658227849,521972.10844480334,989.1120253164557,517544.2290715228,987.2721518987341,519622.4254941024,989.6706329113924
441,519937.3752934926,991.868670886076,517709.1158759449,991.0085443037975,520949.29878474824,989.7398734177215,521972.10844480334,986.846835443038,517544.2290715228,989.1427215189873,519622.4254941024,989.721329113924
442,519937.3752934926,992.5930379746835,517709.1158759449,991.0708860759494,520949.29878474824,990.3465189873418,521972.10844480334,988.6496835443038,517544.2290715228,989.0971518987342,519622.4254941024,990.3514556962025
443,519937.3752934926,991.4708860759494,517709.1158759449,991.4329113924051,520949.29878474824,990.662658227848,521972.10844480334,988.6560126582278,517544.2290715228,988.6291139240507,519622.4254941024,990.1703164556963
444,519937.3752934926,992.4319620253165,517709.1158759449,991.6424050632911,520949.29878474824,989.6569620253165,521972.10844480334,989.4240506329114,517544.2290715228,989.0892405063291,519622.4254941024,990.448924050633
445,519937.3752934926,991.9405063291139,517709.1158759449,991.095253164557,520949.29878474824,987.842088607595,521972.10844480334,988.4465189873417,517544.2290715228,988.4990506329113,519622.4254941024,989.5646835443038
446,519937.3752934926,990.9914556962025,517709.1158759449,990.2294303797469,520949.29878474824,988.3835443037975,521972.10844480334,986.476582278481,517544.2290715228,987.8357594936709,519622.4254941024,988.7833544303797
447,519937.3752934926,991.65,517709.1158759449,989.3753164556962,520949.29878474824,989.4930379746835,521972.10844480334,987.9022151898735,517544.2290715228,989.213924050633,519622.4254941024,989.5268987341772
448,519937.3752934926,989.5838607594936,517709.1158759449,988.5693037974684,520949.29878474824,989.8297468354431,521972.10844480334,989.1151898734178,517544.2290715228,989.3658227848101,519622.4254941024,989.2927848101266
449,519937.3752934926,989.2822784810127,517709.1158759449,990.8262658227848,520949.29878474824,988.2354430379747,521972.10844480334,988.4537974683544,517544.2290715228,986.1037974683544,519622.4254941024,988.5803164556961
450,519937.3752934926,989.5117088607595,517709.1158759449,990.0028481012658,520949.29878474824,988.0462025316456,521972.10844480334,988.278164556962,517544.2290715228,985.9658227848101,519622.4254941024,988.3609493670887
451,519937.3752934926,988.9085443037975,517709.1158759449,990.0962025316455,520949.29878474824,990.6588607594937,521972.10844480334,987.221835443038,517544.2290715228,989.4715189873418,519622.4254941024,989.2713924050634
452,519937.3752934926,990.7740506329114,517709.1158759449,991.5243670886076,520949.29878474824,989.6648734177215,521972.10844480334,986.2056962025316,517544.2290715228,989.2512658227848,519622.4254941024,989.4840506329114
453,519937.3752934926,991.4949367088608,517709.1158759449,990.9876582278481,520949.29878474824,988.9933544303798,521972.10844480334,987.3348101265823,517544.2290715228,986.8107594936708,519622.4254941024,989.1243037974684
454,519937.3752934926,990.2259493670886,517709.1158759449,987.5977848101265,520949.29878474824,988.4563291139241,521972.10844480334,987.8917721518987,517544.2290715228,989.529746835443,519622.4254941024,988.7403164556963
455,519937.3752934926,990.4053797468355,517709.1158759449,991.3287974683544,520949.29878474824,986.401582278481,521972.10844480334,989.4664556962025,517544.2290715228,990.646835443038,519622.4254941024,989.6498101265822
456,519937.3752934926,990.7158227848101,517709.1158759449,991.6237341772152,520949.29878474824,986.092088607595,521972.10844480334,988.1363924050632,517544.2290715228,990.3012658227848,519622.4254941024,989.3738607594936
457,519937.3752934926,989.8132911392405,517709.1158759449,991.2892405063291,520949.29878474824,989.756329113924,521972.10844480334,985.7661392405063,517544.2290715228,989.9306962025316,519622.4254941024,989.3111392405062
458,519937.3752934926,990.6667721518987,517709.1158759449,992.3069620253165,520949.29878474824,988.9974683544303,521972.10844480334,987.0294303797468,517544.2290715228,989.3196202531645,519622.4254941024,989.6640506329115
459,519937.3752934926,989.9417721518987,517709.1158759449,991.2930379746836,520949.29878474824,989.9088607594937,521972.10844480334,988.6439873417721,517544.2290715228,989.154746835443,519622.4254941024,989.7884810126583
460,519937.3752934926,989.9800632911392,517709.1158759449,991.648417721519,520949.29878474824,987.9867088607594,521972.10844480334,988.0943037974683,517544.2290715228,989.2528481012658,519622.4254941024,989.3924683544303
461,519937.3752934926,987.8462025316455,517709.1158759449,991.1490506329114,520949.29878474824,985.8854430379747,521972.10844480334,988.4142405063291,517544.2290715228,989.4170886075949,519622.4254941024,988.5424050632912
462,519937.3752934926,989.9205696202532,517709.1158759449,991.9186708860759,520949.29878474824,986.4949367088608,521972.10844480334,989.4933544303798,517544.2290715228,989.3579113924051,519622.4254941024,989.4370886075949
463,519937.3752934926,989.8680379746835,517709.1158759449,992.9693037974683,520949.29878474824,988.3344936708861,521972.10844480334,987.6810126582278,517544.2290715228,989.6829113924051,519622.4254941024,989.7071518987341
464,519937.3752934926,989.128164556962,517709.1158759449,992.6787974683544,520949.29878474824,988.5170886075949,521972.10844480334,987.713924050633,517544.2290715228,989.8756329113924,519622.4254941024,989.5827215189872
465,519937.3752934926,989.0525316455696,517709.1158759449,991.3139240506329,520949.29878474824,987.1655063291139,521972.10844480334,986.0338607594937,517544.2290715228,988.4841772151899,519622.4254941024,988.4100000000001
466,519937.3752934926,989.3063291139241,517709.1158759449,991.8449367088608,520949.29878474824,986.9341772151898,521972.10844480334,987.6259493670887,517544.2290715228,988.4525316455696,519622.4254941024,988.8327848101266
467,519937.3752934926,989.1696202531646,517709.1158759449,990.8382911392405,520949.29878474824,991.4006329113924,521972.10844480334,986.3838607594937,517544.2290715228,988.911075949367,519622.4254941024,989.3406962025316
468,519937.3752934926,990.0481012658228,517709.1158759449,989.6275316455697,520949.29878474824,990.8490506329114,521972.10844480334,989.7069620253164,517544.2290715228,989.2806962025317,519622.4254941024,989.9024683544303
469,519937.3752934926,989.9512658227848,517709.1158759449,991.3534810126582,520949.29878474824,989.7411392405063,521972.10844480334,990.088924050633,517544.2290715228,989.0677215189874,519622.4254941024,990.0405063291139
470,519937.3752934926,989.215506329114,517709.1158759449,991.5392405063291,520949.29878474824,989.4607594936709,521972.10844480334,986.5911392405063,517544.2290715228,989.1183544303798,519622.4254941024,989.1850000000001
471,519937.3752934926,989.9177215189874,517709.1158759449,988.5060126582279,520949.29878474824,987.5370253164557,521972.10844480334,986.7300632911392,517544.2290715228,987.2857594936709,519622.4254941024,987.9953164556962
472,519937.3752934926,988.0493670886076,517709.1158759449,985.8098101265823,520949.29878474824,990.2724683544304,521972.10844480334,986.0183544303798,517544.2290715228,989.5867088607595,519622.4254941024,987.947341772152
473,519937.3752934926,989.7126582278481,517709.1158759449,990.1458860759494,520949.29878474824,990.2870253164557,521972.10844480334,987.2778481012658,517544.2290715228,987.1246835443038,519622.4254941024,988.9096202531646
474,519937.3752934926,988.0496835443038,517709.1158759449,989.3449367088608,520949.29878474824,990.8876582278481,521972.10844480334,988.5876582278481,517544.2290715228,989.0446202531646,519622.4254941024,989.1829113924052
475,519937.3752934926,988.3259493670886,517709.1158759449,990.6462025316456,520949.29878474824,989.1177215189873,521972.10844480334,988.554746835443,517544.2290715228,990.5585443037975,519622.4254941024,989.4406329113924
476,519937.3752934926,990.5161392405063,517709.1158759449,991.6370253164557,520949.29878474824,990.2933544303797,521972.10844480334,988.382911392405,517544.2290715228,990.054746835443,519622.4254941024,990.176835443038
477,519937.3752934926,990.2018987341772,517709.1158759449,990.126582278481,520949.29878474824,990.2433544303798,521972.10844480334,989.2471518987342,517544.2290715228,988.678164556962,519622.4254941024,989.6994303797468
478,519937.3752934926,988.9101265822785,517709.1158759449,991.1522151898735,520949.29878474824,990.3050632911393,521972.10844480334,989.368670886076,517544.2290715228,989.8560126582279,519622.4254941024,989.918417721519
479,519937.3752934926,989.6591772151899,517709.1158759449,992.4556962025316,520949.29878474824,990.6670886075949,521972.10844480334,989.3107594936708,517544.2290715228,988.7841772151899,519622.4254941024,990.1753797468355
480,519937.3752934926,990.2465189873418,517709.1158759449,990.0,520949.29878474824,991.0208860759494,521972.10844480334,988.7974683544304,517544.2290715228,989.1183544303798,519622.4254941024,989.8366455696203
481,519937.3752934926,988.4212025316456,517709.1158759449,989.9088607594937,520949.29878474824,989.445253164557,521972.10844480334,988.5117088607595,517544.2290715228,989.8268987341772,519622.4254941024,989.2227848101265
482,519937.3752934926,988.7952531645569,517709.1158759449,989.786075949367,520949.29878474824,989.6367088607595,521972.10844480334,988.4601265822785,517544.2290715228,989.4443037974684,519622.4254941024,989.224493670886
483,519937.3752934926,988.8294303797468,517709.1158759449,991.2474683544303,520949.29878474824,990.353164556962,521972.10844480334,988.8139240506329,517544.2290715228,986.1060126582279,519622.4254941024,989.07
484,519937.3752934926,989.5560126582278,517709.1158759449,990.4851265822784,520949.29878474824,990.5762658227848,521972.10844480334,989.7806962025317,517544.2290715228,988.8639240506329,519622.4254941024,989.852405063291
485,519937.3752934926,988.6958860759494,517709.1158759449,991.1117088607594,520949.29878474824,990.3392405063291,521972.10844480334,987.8936708860759,517544.2290715228,988.6085443037974,519622.4254941024,989.3298101265824
486,519937.3752934926,987.6462025316456,517709.1158759449,990.782911392405,520949.29878474824,989.2338607594937,521972.10844480334,987.1588607594937,517544.2290715228,988.4091772151899,519622.4254941024,988.6462025316456
487,519937.3752934926,986.0294303797468,517709.1158759449,991.0876582278481,520949.29878474824,989.5791139240506,521972.10844480334,985.7623417721519,517544.2290715228,989.4724683544304,519622.4254941024,988.3862025316455
488,519937.3752934926,986.8018987341773,517709.1158759449,992.1041139240506,520949.29878474824,989.7357594936709,521972.10844480334,987.8063291139241,517544.2290715228,988.9496835443038,519622.4254941024,989.0795569620253
489,519937.3752934926,988.4715189873418,517709.1158759449,991.0405063291139,520949.29878474824,990.5278481012658,521972.10844480334,987.4424050632912,517544.2290715228,988.7344936708861,519622.4254941024,989.2433544303798
490,519937.3752934926,988.3806962025317,517709.1158759449,991.0556962025316,520949.29878474824,991.2651898734177,521972.10844480334,985.6148734177215,517544.2290715228,989.845253164557,519622.4254941024,989.2323417721518
491,519937.3752934926,989.8177215189874,517709.1158759449,990.4231012658228,520949.29878474824,991.848417721519,521972.10844480334,984.6430379746836,517544.2290715228,989.3344936708861,519622.4254941024,989.2133544303797
492,519937.3752934926,988.1398734177216,517709.1158759449,989.9841772151899,520949.29878474824,988.2800632911392,521972.10844480334,986.9319620253165,517544.2290715228,990.9088607594937,519622.4254941024,988.8489873417723
493,519937.3752934926,989.9712025316455,517709.1158759449,989.7044303797468,520949.29878474824,990.7278481012659,521972.10844480334,987.5613924050633,517544.2290715228,989.8598101265823,519622.4254941024,989.5649367088608
494,519937.3752934926,988.9943037974683,517709.1158759449,988.6756329113924,520949.29878474824,990.2104430379746,521972.10844480334,986.2582278481012,517544.2290715228,988.968670886076,519622.4254941024,988.6214556962026
495,519937.3752934926,988.973417721519,517709.1158759449,991.1829113924051,520949.29878474824,988.9351265822785,521972.10844480334,986.7990506329114,517544.2290715228,987.6180379746835,519622.4254941024,988.7017088607596
496,519937.3752934926,988.7930379746836,517709.1158759449,989.5367088607595,520949.29878474824,990.0810126582278,521972.10844480334,986.0629746835443,517544.2290715228,988.4389240506329,519622.4254941024,988.5825316455696
497,519937.3752934926,988.1357594936709,517709.1158759449,987.1481012658228,520949.29878474824,989.0699367088607,521972.10844480334,986.946835443038,517544.2290715228,989.5844936708861,519622.4254941024,988.1770253164557
498,519937.3752934926,986.7189873417722,517709.1158759449,987.8655063291139,520949.29878474824,989.9800632911392,521972.10844480334,987.5955696202532,517544.2290715228,989.9300632911393,519622.4254941024,988.4180379746837
499,519937.3752934926,987.3917721518987,517709.1158759449,990.6585443037975,520949.29878474824,989.9775316455696,521972.10844480334,987.7962025316456,517544.2290715228,987.6648734177215,519622.4254941024,988.6977848101266
500,519937.3752934926,986.0639240506329,517709.1158759449,989.3664556962025,520949.29878474824,990.6572784810127,521972.10844480334,989.3588607594937,517544.2290715228,987.7373417721519,519622.4254941024,988.6367721518988
