generation,fitness_run_1,diversity_run_1,fitness_run_2,diversity_run_2,fitness_run_3,diversity_run_3,fitness_run_4,diversity_run_4,fitness_run_5,diversity_run_5,fitness_average,diversity_average
1,86959.13572472442,163.6888888888889,87391.09066935471,163.8,87796.42226259965,163.6888888888889,87790.01489887365,163.75555555555556,84232.14348471804,163.0,86833.7614080541,163.58666666666667
2,86959.13572472442,163.4,87171.01565042019,163.75555555555556,87796.42226259965,163.82222222222222,87704.82570611993,162.9111111111111,84232.14348471804,163.0,86772.70856571644,163.3777777777778
3,86959.13572472442,161.53333333333333,87082.49616213907,162.42222222222222,87796.42226259965,162.42222222222222,85114.03443240486,161.57777777777778,84232.14348471804,162.8,86236.84641331721,162.1511111111111
4,86959.13572472442,161.35555555555555,87082.49616213907,160.93333333333334,87796.42226259965,161.24444444444444,85114.03443240486,160.95555555555555,84077.57352755802,161.48888888888888,86205.9324218852,161.19555555555553
5,86959.13572472442,161.26666666666668,87082.49616213907,160.73333333333332,86699.20951172295,161.42222222222222,85114.03443240486,161.0888888888889,83962.32102561092,159.73333333333332,85963.43937132045,160.8488888888889
6,86959.13572472442,158.3111111111111,86669.09465970505,162.11111111111111,86699.20951172295,161.66666666666666,85114.03443240486,159.37777777777777,83142.96711240432,162.0888888888889,85716.8882881923,160.71111111111108
7,86959.13572472442,159.9111111111111,86669.09465970505,159.84444444444443,86699.20951172295,158.22222222222223,85114.03443240486,161.6,83142.96711240432,160.0222222222222,85716.8882881923,159.92000000000002
8,86562.5126853114,159.86666666666667,86669.09465970505,159.0,86699.20951172295,159.17777777777778,85114.03443240486,158.04444444444445,83142.96711240432,160.93333333333334,85637.56368030971,159.40444444444447
9,86562.5126853114,157.22222222222223,86669.09465970505,157.13333333333333,86470.34132879745,160.15555555555557,85114.03443240486,159.17777777777778,82170.66419310373,157.33333333333334,85397.3294598645,158.20444444444445
10,86562.5126853114,157.66666666666666,86669.09465970505,158.22222222222223,85477.90481789953,157.84444444444443,85114.03443240486,155.55555555555554,82170.66419310373,157.8,85198.8421576849,157.4177777777778
11,86562.5126853114,157.04444444444445,86669.09465970505,157.11111111111111,85477.90481789953,160.77777777777777,85114.03443240486,157.73333333333332,82170.66419310373,158.44444444444446,85198.8421576849,158.22222222222223
12,86562.5126853114,155.11111111111111,86669.09465970505,155.8,85477.90481789953,158.46666666666667,85114.03443240486,154.0888888888889,82170.66419310373,156.53333333333333,85198.8421576849,156.0
13,86562.5126853114,155.24444444444444,86669.09465970505,156.77777777777777,85477.90481789953,157.82222222222222,84955.30000961616,155.93333333333334,82170.66419310373,154.88888888888889,85167.09527312717,156.13333333333335
14,86562.5126853114,152.55555555555554,86669.09465970505,154.13333333333333,85477.90481789953,159.2888888888889,84955.30000961616,154.9111111111111,82170.66419310373,157.4,85167.09527312717,155.65777777777777
15,86562.5126853114,155.4,85526.01772936537,158.0222222222222,85477.90481789953,160.64444444444445,84663.71011050069,157.0888888888889,82170.66419310373,157.0,84880.16190723614,157.63111111111112
16,86562.5126853114,152.0222222222222,85526.01772936537,157.2888888888889,85128.08532206499,154.7111111111111,84303.55462944183,158.84444444444443,82170.66419310373,150.7111111111111,84738.16691185746,154.71555555555557
17,86562.5126853114,153.8,85526.01772936537,152.73333333333332,85128.08532206499,157.8,82726.17792958145,154.93333333333334,82170.66419310373,152.62222222222223,84422.69157188539,154.3777777777778
18,86562.5126853114,157.73333333333332,85526.01772936537,154.6888888888889,85128.08532206499,154.13333333333333,82726.17792958145,158.04444444444445,82170.66419310373,154.9777777777778,84422.69157188539,155.91555555555556
19,86562.5126853114,158.33333333333334,85526.01772936537,150.88888888888889,85128.08532206499,155.2,82726.17792958145,154.2888888888889,82170.66419310373,150.3111111111111,84422.69157188539,153.80444444444444
20,86562.5126853114,153.9777777777778,85526.01772936537,148.66666666666666,85128.08532206499,154.2888888888889,82726.17792958145,153.04444444444445,82116.844705907,153.7111111111111,84411.92767444604,152.73777777777778
21,86562.5126853114,152.6888888888889,85526.01772936537,158.37777777777777,85128.08532206499,155.64444444444445,82726.17792958145,151.22222222222223,82116.844705907,156.44444444444446,84411.92767444604,154.87555555555556
22,86562.5126853114,152.48888888888888,85526.01772936537,155.55555555555554,85128.08532206499,157.3111111111111,82726.17792958145,155.33333333333334,82116.844705907,150.2,84411.92767444604,154.17777777777778
23,86082.40921758833,148.51111111111112,85526.01772936537,154.15555555555557,85128.08532206499,154.7111111111111,82726.17792958145,156.84444444444443,82116.844705907,147.57777777777778,84315.90698090142,152.35999999999999
24,86082.40921758833,148.7111111111111,85526.01772936537,151.0888888888889,85128.08532206499,159.17777777777778,82726.17792958145,147.64444444444445,81822.32972333886,154.53333333333333,84257.0039843878,152.23111111111112
25,86082.40921758833,152.26666666666668,85526.01772936537,155.33333333333334,84967.55476423909,154.22222222222223,82726.17792958145,153.22222222222223,81822.32972333886,144.8,84224.89787282262,151.9688888888889
26,86082.40921758833,152.55555555555554,85526.01772936537,149.46666666666667,84967.55476423909,151.88888888888889,82726.17792958145,154.33333333333334,81822.32972333886,145.62222222222223,84224.89787282262,150.77333333333337
27,84309.31779252658,154.04444444444445,85526.01772936537,149.37777777777777,84967.55476423909,150.84444444444443,82726.17792958145,155.75555555555556,81822.32972333886,145.0222222222222,83870.27958781028,151.0088888888889
28,84309.31779252658,148.82222222222222,85526.01772936537,147.55555555555554,84967.55476423909,152.24444444444444,82726.17792958145,150.66666666666666,81822.32972333886,151.84444444444443,83870.27958781028,150.22666666666663
29,84309.31779252658,153.66666666666666,85480.55861246698,152.64444444444445,84210.09274551112,151.35555555555555,82726.17792958145,146.3111111111111,81822.32972333886,146.86666666666667,83709.695360685,150.1688888888889
30,84309.31779252658,151.06666666666666,85480.55861246698,155.64444444444445,84210.09274551112,151.9777777777778,82726.17792958145,149.06666666666666,81822.32972333886,149.17777777777778,83709.695360685,151.38666666666666
31,84309.31779252658,147.17777777777778,85480.55861246698,152.35555555555555,84210.09274551112,150.37777777777777,82726.17792958145,148.33333333333334,81809.89783937205,147.0888888888889,83707.20898389163,149.06666666666666
32,84209.83407001723,153.88888888888889,85480.55861246698,148.48888888888888,84210.09274551112,151.35555555555555,82726.17792958145,147.6888888888889,80287.11603022851,144.2888888888889,83382.75587756105,149.14222222222222
33,82852.13417816444,143.7111111111111,85480.55861246698,153.0,84210.09274551112,150.35555555555555,82726.17792958145,151.44444444444446,80258.85718973537,148.0888888888889,83105.56413109189,149.32000000000002
34,82852.13417816444,145.3111111111111,85480.55861246698,150.3111111111111,84210.09274551112,148.8,82726.17792958145,148.13333333333333,80258.85718973537,153.48888888888888,83105.56413109189,149.2088888888889
35,82852.13417816444,147.04444444444445,85480.55861246698,150.0222222222222,84210.09274551112,147.2888888888889,82726.17792958145,156.4,80258.85718973537,150.15555555555557,83105.56413109189,150.18222222222224
36,82852.13417816444,153.51111111111112,85480.55861246698,149.2,84210.09274551112,153.48888888888888,82726.17792958145,148.86666666666667,80258.85718973537,147.44444444444446,83105.56413109189,150.5022222222222
37,82852.13417816444,148.57777777777778,85480.55861246698,148.93333333333334,84210.09274551112,145.7111111111111,82726.17792958145,149.77777777777777,80258.85718973537,144.73333333333332,83105.56413109189,147.54666666666668
38,82421.32250678382,149.35555555555555,85480.55861246698,152.9777777777778,84210.09274551112,147.51111111111112,82726.17792958145,142.86666666666667,80258.85718973537,152.73333333333332,83019.40179681576,149.0888888888889
39,82421.32250678382,143.57777777777778,85480.55861246698,148.0888888888889,84210.09274551112,147.33333333333334,82726.17792958145,142.53333333333333,80258.85718973537,136.26666666666668,83019.40179681576,143.56
40,82421.32250678382,148.42222222222222,85480.55861246698,143.2,84210.09274551112,146.48888888888888,82726.17792958145,153.6888888888889,80258.85718973537,137.35555555555555,83019.40179681576,145.8311111111111
41,82421.32250678382,150.55555555555554,85480.55861246698,150.04444444444445,84210.09274551112,153.46666666666667,82726.17792958145,147.17777777777778,80258.85718973537,145.06666666666666,83019.40179681576,149.26222222222222
42,82421.32250678382,140.77777777777777,85480.55861246698,154.75555555555556,84210.09274551112,144.53333333333333,82726.17792958145,149.64444444444445,80258.85718973537,141.73333333333332,83019.40179681576,146.28888888888886
43,82421.32250678382,146.62222222222223,85480.55861246698,148.9777777777778,84210.09274551112,152.9777777777778,82726.17792958145,144.53333333333333,80258.85718973537,147.15555555555557,83019.40179681576,148.05333333333334
44,82421.32250678382,145.24444444444444,85480.55861246698,142.37777777777777,84210.09274551112,147.06666666666666,82726.17792958145,148.13333333333333,80258.85718973537,138.04444444444445,83019.40179681576,144.17333333333335
45,82421.32250678382,146.62222222222223,85480.55861246698,144.3111111111111,84210.09274551112,147.8,82726.17792958145,149.62222222222223,80258.85718973537,137.48888888888888,83019.40179681576,145.1688888888889
46,82421.32250678382,141.37777777777777,85480.55861246698,137.64444444444445,84109.1686668125,149.55555555555554,82726.17792958145,143.93333333333334,80258.85718973537,137.35555555555555,82999.21698107602,141.97333333333336
47,82421.32250678382,147.46666666666667,85480.55861246698,139.4,84109.1686668125,144.6888888888889,81041.99629643695,145.44444444444446,80258.85718973537,131.42222222222222,82662.38065444713,141.68444444444444
48,82421.32250678382,147.77777777777777,85480.55861246698,153.15555555555557,84109.1686668125,145.24444444444444,81041.99629643695,143.6,80258.85718973537,138.77777777777777,82662.38065444713,145.71111111111114
49,82421.32250678382,138.35555555555555,84089.49921332755,150.73333333333332,84109.1686668125,145.46666666666667,81041.99629643695,144.17777777777778,80258.85718973537,143.33333333333334,82384.16877461923,144.41333333333336
50,82421.32250678382,144.37777777777777,84089.49921332755,145.22222222222223,84109.1686668125,146.53333333333333,81041.99629643695,144.82222222222222,80258.85718973537,129.17777777777778,82384.16877461923,142.02666666666667
51,82421.32250678382,140.15555555555557,83840.98171477264,151.6,84109.1686668125,146.4,81041.99629643695,144.93333333333334,80251.62503290876,135.75555555555556,82333.01884354293,143.7688888888889
52,82421.32250678382,148.42222222222222,83840.98171477264,145.9777777777778,84109.1686668125,144.51111111111112,81041.99629643695,137.88888888888889,80251.62503290876,131.6888888888889,82333.01884354293,141.69777777777776
53,82421.32250678382,146.57777777777778,83840.98171477264,144.77777777777777,84109.1686668125,144.04444444444445,81041.99629643695,146.0888888888889,80251.62503290876,134.93333333333334,82333.01884354293,143.28444444444443
54,82421.32250678382,141.53333333333333,83840.98171477264,144.75555555555556,84109.1686668125,150.35555555555555,81041.99629643695,142.62222222222223,80251.62503290876,128.3111111111111,82333.01884354293,141.51555555555555
55,82421.32250678382,142.93333333333334,83840.98171477264,148.0,83857.51188686695,148.86666666666667,81041.99629643695,136.06666666666666,79991.18063774735,124.37777777777778,82230.59860852154,140.04888888888888
56,82421.32250678382,138.75555555555556,83840.98171477264,129.04444444444445,83857.51188686695,141.9111111111111,81041.99629643695,143.64444444444445,79991.18063774735,133.6888888888889,82230.59860852154,137.4088888888889
57,82421.32250678382,141.0,83840.98171477264,141.8,83857.51188686695,146.2,81041.99629643695,134.82222222222222,79991.18063774735,132.86666666666667,82230.59860852154,139.33777777777777
58,82421.32250678382,137.8,83840.98171477264,140.6888888888889,83857.51188686695,144.0888888888889,81041.99629643695,148.55555555555554,79991.18063774735,117.31111111111112,82230.59860852154,137.68888888888893
59,82421.32250678382,142.93333333333334,83840.98171477264,144.13333333333333,83857.51188686695,146.4,81041.99629643695,149.62222222222223,79991.18063774735,138.64444444444445,82230.59860852154,144.34666666666666
60,82421.32250678382,136.2888888888889,83840.98171477264,140.04444444444445,83857.51188686695,147.3111111111111,81041.99629643695,150.9777777777778,79991.18063774735,130.37777777777777,82230.59860852154,141.0
61,82421.32250678382,142.35555555555555,83840.98171477264,142.53333333333333,83857.51188686695,144.6888888888889,81041.99629643695,140.93333333333334,79991.18063774735,144.33333333333334,82230.59860852154,142.9688888888889
62,82421.32250678382,139.9111111111111,83840.98171477264,146.37777777777777,83857.51188686695,143.33333333333334,81041.99629643695,144.42222222222222,79919.08961254817,138.62222222222223,82216.1804034817,142.53333333333336
63,82421.32250678382,133.13333333333333,83840.98171477264,138.04444444444445,83857.51188686695,148.62222222222223,81041.99629643695,144.82222222222222,79919.08961254817,127.4888888888889,82216.1804034817,138.42222222222225
64,82421.32250678382,144.9111111111111,83180.8031091836,140.44444444444446,83857.51188686695,148.3111111111111,81041.99629643695,133.17777777777778,79919.08961254817,126.15555555555555,82084.1446823639,138.6
65,82421.32250678382,148.95555555555555,83180.8031091836,133.55555555555554,83857.51188686695,140.8,81041.99629643695,146.84444444444443,79919.08961254817,138.82222222222222,82084.1446823639,141.79555555555555
66,82421.32250678382,132.3111111111111,83180.8031091836,144.57777777777778,83857.51188686695,142.44444444444446,81041.99629643695,135.11111111111111,79919.08961254817,132.17777777777778,82084.1446823639,137.32444444444445
67,82421.32250678382,149.04444444444445,83180.8031091836,145.0,83857.51188686695,147.9777777777778,81041.99629643695,139.3111111111111,79919.08961254817,126.15555555555555,82084.1446823639,141.4977777777778
68,82421.32250678382,136.15555555555557,83180.8031091836,144.0,83857.51188686695,142.57777777777778,81041.99629643695,141.88888888888889,79919.08961254817,120.17777777777778,82084.1446823639,136.96
69,82421.32250678382,138.9777777777778,83180.8031091836,125.77777777777777,83857.51188686695,136.7111111111111,81041.99629643695,142.15555555555557,79735.0527218123,127.57777777777778,82047.33730421672,134.24
70,82421.32250678382,134.2,83180.8031091836,136.44444444444446,83857.51188686695,138.15555555555557,81041.99629643695,130.93333333333334,79735.0527218123,139.35555555555555,82047.33730421672,135.8177777777778
71,82421.32250678382,136.77777777777777,83180.8031091836,131.04444444444445,83817.49432849888,141.04444444444445,81041.99629643695,143.2,79735.0527218123,126.57777777777778,82039.33379254311,135.7288888888889
72,82421.32250678382,134.51111111111112,83180.8031091836,126.66666666666667,83674.3917734502,140.57777777777778,81041.99629643695,137.0888888888889,78838.25974452536,131.15555555555557,81831.35468607598,134.0
73,82421.32250678382,137.4,83180.8031091836,134.0888888888889,83674.3917734502,143.17777777777778,81041.99629643695,139.51111111111112,78838.25974452536,121.08888888888889,81831.35468607598,135.05333333333334
74,82421.32250678382,135.55555555555554,83180.8031091836,138.57777777777778,83674.3917734502,138.13333333333333,81041.99629643695,134.37777777777777,78838.25974452536,127.11111111111111,81831.35468607598,134.7511111111111
75,81262.40599698406,136.46666666666667,81265.43172727477,142.13333333333333,83674.3917734502,142.53333333333333,81041.99629643695,129.24444444444444,78515.56665752333,139.77777777777777,81151.95849033385,138.0311111111111
76,81262.40599698406,131.26666666666668,81265.43172727477,141.06666666666666,83674.3917734502,139.15555555555557,81041.99629643695,133.9777777777778,78515.56665752333,124.0,81151.95849033385,133.89333333333335
77,81262.40599698406,125.35555555555555,81265.43172727477,132.4,83674.3917734502,144.13333333333333,81041.99629643695,130.93333333333334,78515.56665752333,119.44444444444444,81151.95849033385,130.45333333333335
78,81262.40599698406,133.9111111111111,81265.43172727477,135.66666666666666,83674.3917734502,139.93333333333334,81041.99629643695,141.8,78515.56665752333,123.0,81151.95849033385,134.86222222222221
79,81043.69224471418,132.11111111111111,81265.43172727477,136.57777777777778,83674.3917734502,139.0888888888889,81041.99629643695,133.86666666666667,78515.56665752333,125.53333333333333,81108.21573987989,133.43555555555554
80,81043.69224471418,133.44444444444446,81265.43172727477,140.55555555555554,83674.3917734502,142.8,80864.69183997257,128.37777777777777,78515.56665752333,124.44444444444444,81072.754848587,133.92444444444445
81,81043.69224471418,131.46666666666667,81265.43172727477,145.64444444444445,83674.3917734502,142.95555555555555,80864.69183997257,139.73333333333332,78515.56665752333,132.84444444444443,81072.754848587,138.52888888888887
82,80984.60706188265,134.51111111111112,81136.35115693997,127.62222222222222,83674.3917734502,138.33333333333334,80864.69183997257,128.93333333333334,78515.56665752333,132.82222222222222,81035.12169795374,132.44444444444446
83,80984.60706188265,132.06666666666666,81136.35115693997,142.42222222222222,83674.3917734502,142.26666666666668,80864.69183997257,124.68888888888888,78515.56665752333,121.6,81035.12169795374,132.60888888888888
84,80984.60706188265,135.0888888888889,81136.35115693997,143.48888888888888,83674.3917734502,141.53333333333333,80864.69183997257,131.88888888888889,78515.56665752333,126.02222222222223,81035.12169795374,135.60444444444445
85,80984.60706188265,137.46666666666667,81136.35115693997,139.9777777777778,83674.3917734502,134.73333333333332,80864.69183997257,137.06666666666666,78515.56665752333,139.57777777777778,81035.12169795374,137.76444444444445
86,80984.60706188265,123.97777777777777,80608.1986797011,128.0888888888889,83674.3917734502,138.04444444444445,80864.69183997257,133.0,78515.56665752333,115.86666666666666,80929.49120250597,127.79555555555555
87,80984.60706188265,132.8,79806.23017263137,132.37777777777777,83674.3917734502,144.82222222222222,80864.69183997257,135.82222222222222,78515.56665752333,131.06666666666666,80769.09750109202,135.3777777777778
88,80984.60706188265,126.91111111111111,79806.23017263137,124.4,83674.3917734502,138.0,80864.69183997257,127.77777777777777,78515.56665752333,125.08888888888889,80769.09750109202,128.43555555555557
89,80984.60706188265,129.44444444444446,79538.6155093046,128.0222222222222,83674.3917734502,139.2,80864.69183997257,137.37777777777777,78515.56665752333,118.42222222222222,80715.57456842667,130.49333333333334
90,80623.71324245696,127.4,79538.6155093046,145.86666666666667,83674.3917734502,131.64444444444445,80864.69183997257,132.04444444444445,77942.50473280456,135.9111111111111,80528.78341959778,134.57333333333332
91,80623.71324245696,125.31111111111112,79538.6155093046,139.64444444444445,83674.3917734502,137.17777777777778,80864.69183997257,125.31111111111112,77772.98146565807,108.75555555555556,80494.87876616848,127.24000000000001
92,80623.71324245696,130.3111111111111,79538.6155093046,135.04444444444445,83674.3917734502,132.62222222222223,80864.69183997257,131.04444444444445,77772.98146565807,119.53333333333333,80494.87876616848,129.7111111111111
93,80623.71324245696,132.26666666666668,79538.6155093046,131.86666666666667,83674.3917734502,132.88888888888889,80864.69183997257,135.26666666666668,77770.77779497042,127.26666666666667,80494.43803203096,131.9111111111111
94,80623.71324245696,125.6,79538.6155093046,134.46666666666667,83674.3917734502,138.17777777777778,80864.69183997257,125.31111111111112,77770.77779497042,123.17777777777778,80494.43803203096,129.34666666666666
95,80623.71324245696,130.95555555555555,79538.6155093046,132.75555555555556,83674.3917734502,132.53333333333333,80864.69183997257,127.73333333333333,77770.77779497042,115.55555555555556,80494.43803203096,127.90666666666667
96,80623.71324245696,113.82222222222222,79538.6155093046,142.57777777777778,83674.3917734502,140.35555555555555,80864.69183997257,117.8,77770.77779497042,124.91111111111111,80494.43803203096,127.89333333333335
97,80623.71324245696,128.4,79538.6155093046,128.51111111111112,83674.3917734502,148.13333333333333,80864.69183997257,140.15555555555557,77770.77779497042,128.2,80494.43803203096,134.68
98,80623.71324245696,122.26666666666667,79538.6155093046,136.8,83674.3917734502,130.93333333333334,80864.69183997257,120.8,77770.77779497042,125.28888888888889,80494.43803203096,127.2177777777778
99,80623.71324245696,131.06666666666666,79538.6155093046,129.86666666666667,83326.43838931347,129.82222222222222,80864.69183997257,133.84444444444443,77770.77779497042,130.17777777777778,80424.84735520362,130.95555555555558
100,80623.71324245696,125.86666666666666,79538.6155093046,137.53333333333333,83326.43838931347,133.0888888888889,80864.69183997257,138.6888888888889,77770.77779497042,107.75555555555556,80424.84735520362,128.58666666666667
101,80623.71324245696,131.7111111111111,79509.34274553844,121.46666666666667,83326.43838931347,133.2888888888889,80864.69183997257,110.33333333333333,77770.77779497042,111.95555555555555,80418.99280245038,121.75111111111111
102,80623.71324245696,129.73333333333332,79361.82873694062,134.46666666666667,83326.43838931347,136.93333333333334,80864.69183997257,122.8,77770.77779497042,117.97777777777777,80389.49000073082,128.3822222222222
103,80600.05073204193,127.97777777777777,79361.82873694062,130.9111111111111,83326.43838931347,136.4,80742.89934673594,124.84444444444445,77770.77779497042,128.82222222222222,80360.39900000047,129.7911111111111
104,80600.05073204193,124.68888888888888,79361.82873694062,128.6888888888889,83326.43838931347,134.06666666666666,80742.89934673594,131.11111111111111,77770.77779497042,119.4,80360.39900000047,127.5911111111111
105,80600.05073204193,126.46666666666667,79238.2658936741,140.13333333333333,83326.43838931347,124.35555555555555,80742.89934673594,128.77777777777777,77770.77779497042,127.97777777777777,80335.68643134719,129.54222222222222
106,80480.98093433112,121.06666666666666,78993.24995897047,120.04444444444445,83326.43838931347,134.0222222222222,80678.83004458291,119.86666666666666,77770.77779497042,113.71111111111111,80250.05542443368,121.74222222222222
107,80480.98093433112,129.35555555555555,78821.88324235615,130.24444444444444,83326.43838931347,129.37777777777777,80678.83004458291,136.88888888888889,77770.77779497042,128.55555555555554,80215.78208111081,130.88444444444445
108,80480.98093433112,117.17777777777778,78821.88324235615,136.77777777777777,83326.43838931347,130.6888888888889,80678.83004458291,131.9111111111111,77770.77779497042,115.22222222222223,80215.78208111081,126.35555555555557
109,80480.98093433112,119.02222222222223,78008.29815447859,123.02222222222223,83138.75875478872,137.11111111111111,79835.43023668841,130.2888888888889,77770.77779497042,123.64444444444445,79846.84917505147,126.61777777777779
110,80097.5483029058,125.13333333333334,78008.29815447859,130.75555555555556,83138.75875478872,138.2888888888889,79835.43023668841,136.75555555555556,77770.77779497042,104.64444444444445,79770.16264876639,127.11555555555556
111,80097.5483029058,126.5111111111111,77663.43259888973,137.6888888888889,83023.93113450115,144.24444444444444,79835.43023668841,121.66666666666667,77770.77779497042,113.53333333333333,79678.2240135911,128.7288888888889
112,80097.5483029058,123.44444444444444,77663.43259888973,129.3111111111111,83023.93113450115,128.75555555555556,79835.43023668841,110.53333333333333,77770.77779497042,109.71111111111111,79678.2240135911,120.3511111111111
113,80097.5483029058,128.3111111111111,76626.31975866776,134.6,83023.93113450115,125.97777777777777,79835.43023668841,121.5111111111111,77770.77779497042,121.2,79470.8014455467,126.32000000000001
114,80097.5483029058,108.11111111111111,76626.31975866776,115.06666666666666,83023.93113450115,131.53333333333333,79835.43023668841,127.35555555555555,77770.77779497042,121.73333333333333,79470.8014455467,120.75999999999999
115,80097.5483029058,121.02222222222223,76189.84311917654,130.48888888888888,83023.93113450115,132.66666666666666,79835.43023668841,131.4,77770.77779497042,112.22222222222223,79383.50611764847,125.55999999999999
116,80097.5483029058,120.44444444444444,76189.84311917654,119.5111111111111,83023.93113450115,130.9777777777778,79835.43023668841,114.77777777777777,77770.77779497042,115.86666666666666,79383.50611764847,120.31555555555556
117,80097.5483029058,110.66666666666667,76189.84311917654,119.2,83023.93113450115,135.0222222222222,79835.43023668841,120.28888888888889,77770.77779497042,108.28888888888889,79383.50611764847,118.69333333333334
118,80097.5483029058,126.55555555555556,74905.6702364687,127.02222222222223,83023.93113450115,138.86666666666667,79835.43023668841,137.77777777777777,77770.77779497042,127.86666666666666,79126.67154110689,131.61777777777777
119,80097.5483029058,118.95555555555555,74905.6702364687,128.13333333333333,83023.93113450115,138.48888888888888,79835.43023668841,123.37777777777778,77770.77779497042,118.31111111111112,79126.67154110689,125.45333333333333
120,80097.5483029058,104.17777777777778,74276.1587539435,137.0222222222222,83023.93113450115,122.6,79835.43023668841,120.86666666666666,77770.77779497042,122.35555555555555,79000.76924460186,121.40444444444442
121,80097.5483029058,108.44444444444444,74276.1587539435,118.73333333333333,83023.93113450115,134.04444444444445,79835.43023668841,120.2,77770.77779497042,113.8,79000.76924460186,119.04444444444444
122,80097.5483029058,100.86666666666666,74276.1587539435,109.64444444444445,83023.93113450115,133.33333333333334,79835.43023668841,122.93333333333334,77373.99498877906,114.71111111111111,78921.41268336358,116.29777777777777
123,80097.5483029058,102.93333333333334,74276.1587539435,131.77777777777777,83023.93113450115,144.2,79835.43023668841,135.48888888888888,77369.89503562542,111.66666666666667,78920.59269273285,125.21333333333332
124,79523.239132158,121.71111111111111,74276.1587539435,130.73333333333332,83023.93113450115,126.62222222222222,79835.43023668841,123.28888888888889,77268.26203855926,114.02222222222223,78785.40425917007,123.27555555555554
125,79523.239132158,107.4888888888889,74276.1587539435,128.24444444444444,83023.93113450115,124.22222222222223,79835.43023668841,117.6,77268.26203855926,121.04444444444445,78785.40425917007,119.72
126,79523.239132158,129.6,74276.1587539435,123.53333333333333,83023.93113450115,125.04444444444445,78991.82499948211,124.06666666666666,77268.26203855926,111.68888888888888,78616.6832117288,122.78666666666668
127,79523.239132158,109.0,74276.1587539435,132.11111111111111,83023.93113450115,136.66666666666666,78991.82499948211,116.93333333333334,77268.26203855926,113.82222222222222,78616.6832117288,121.70666666666666
128,79523.239132158,94.15555555555555,74276.1587539435,132.75555555555556,83023.93113450115,130.84444444444443,78991.82499948211,119.82222222222222,77218.98274696346,109.11111111111111,78606.82735340964,117.33777777777777
129,79523.239132158,123.0,74276.1587539435,114.66666666666667,83023.93113450115,129.6,78991.82499948211,117.26666666666667,77218.98274696346,120.08888888888889,78606.82735340964,120.92444444444443
130,79523.239132158,113.24444444444444,74276.1587539435,123.28888888888889,83023.93113450115,130.11111111111111,78991.82499948211,123.2,77077.00299825583,115.62222222222222,78578.43140366812,121.09333333333333
131,79523.239132158,116.93333333333334,74276.1587539435,124.88888888888889,83023.93113450115,124.4,78991.82499948211,125.26666666666667,77077.00299825583,113.11111111111111,78578.43140366812,120.92
132,79523.239132158,120.95555555555555,74154.3118510328,110.02222222222223,83020.79288592488,126.5111111111111,78991.82499948211,113.75555555555556,77077.00299825583,118.97777777777777,78553.43437337074,118.04444444444444
133,79523.239132158,110.28888888888889,74154.3118510328,117.93333333333334,83020.79288592488,132.37777777777777,78991.82499948211,121.93333333333334,77077.00299825583,121.75555555555556,78553.43437337074,120.85777777777778
134,79523.239132158,108.42222222222222,74154.3118510328,113.4,82893.57649567106,125.82222222222222,78991.82499948211,117.64444444444445,76591.64708750961,120.5111111111111,78430.91991317071,117.16
135,79523.239132158,117.97777777777777,74154.3118510328,115.93333333333334,82893.57649567106,118.4,78991.82499948211,124.37777777777778,76591.64708750961,117.24444444444444,78430.91991317071,118.78666666666668
136,79523.239132158,104.46666666666667,74154.3118510328,128.24444444444444,82893.57649567106,131.26666666666668,78991.82499948211,112.31111111111112,76591.64708750961,116.02222222222223,78430.91991317071,118.46222222222222
137,79523.239132158,109.13333333333334,74154.3118510328,132.13333333333333,82893.57649567106,125.86666666666666,78991.82499948211,119.22222222222223,76591.64708750961,108.37777777777778,78430.91991317071,118.94666666666667
138,79523.239132158,97.66666666666667,74154.3118510328,125.13333333333334,82893.57649567106,127.08888888888889,78991.82499948211,118.31111111111112,76591.64708750961,124.86666666666666,78430.91991317071,118.61333333333334
139,79523.239132158,129.04444444444445,74154.3118510328,122.68888888888888,82893.57649567106,126.5111111111111,78991.82499948211,112.95555555555555,76591.64708750961,104.28888888888889,78430.91991317071,119.0977777777778
140,79523.239132158,107.95555555555555,74154.3118510328,116.24444444444444,82893.57649567106,117.6,78991.82499948211,123.13333333333334,76097.69464104934,113.8,78332.12942387866,115.74666666666664
141,79523.239132158,115.11111111111111,74154.3118510328,118.68888888888888,82893.57649567106,139.35555555555555,78991.82499948211,120.4,76059.3975631943,119.04444444444445,78324.47000830765,122.52000000000001
142,79523.239132158,108.44444444444444,74154.3118510328,107.6,82893.57649567106,115.84444444444445,78991.82499948211,117.2,76059.3975631943,104.55555555555556,78324.47000830765,110.72888888888887
143,79523.239132158,110.97777777777777,74154.3118510328,131.57777777777778,82893.57649567106,122.66666666666667,78991.82499948211,116.17777777777778,76059.3975631943,103.86666666666666,78324.47000830765,117.05333333333333
144,79523.239132158,107.0,74154.3118510328,101.6,82535.12157598934,124.66666666666667,78455.27785419657,114.88888888888889,76059.3975631943,104.24444444444444,78145.4695953142,110.47999999999999
145,79092.6633946988,103.53333333333333,74154.3118510328,110.44444444444444,82535.12157598934,122.31111111111112,78455.27785419657,98.91111111111111,76059.3975631943,112.73333333333333,78059.35444782236,109.58666666666666
146,79092.6633946988,108.24444444444444,74154.3118510328,129.04444444444445,82535.12157598934,123.24444444444444,78455.27785419657,105.57777777777778,76059.3975631943,113.0,78059.35444782236,115.82222222222222
147,79092.6633946988,120.0,74154.3118510328,111.84444444444445,82535.12157598934,132.0,78455.27785419657,124.84444444444445,76059.3975631943,110.33333333333333,78059.35444782236,119.80444444444444
148,79092.6633946988,92.75555555555556,74154.3118510328,105.68888888888888,82535.12157598934,124.24444444444444,78455.27785419657,120.71111111111111,76059.3975631943,118.28888888888889,78059.35444782236,112.33777777777777
149,79092.6633946988,101.88888888888889,74154.3118510328,106.86666666666666,82535.12157598934,129.04444444444445,78455.27785419657,107.84444444444445,75946.9691674568,116.53333333333333,78036.86876867486,112.43555555555554
150,79060.97055892492,123.28888888888889,74154.3118510328,96.71111111111111,82535.12157598934,141.93333333333334,78455.27785419657,129.35555555555555,75801.65014553706,106.5111111111111,78001.46639713613,119.55999999999999
151,79060.97055892492,89.64444444444445,74154.3118510328,92.68888888888888,82535.12157598934,137.88888888888889,78455.27785419657,115.95555555555555,75801.65014553706,106.46666666666667,78001.46639713613,108.52888888888887
152,79060.97055892492,106.93333333333334,74154.3118510328,135.84444444444443,82535.12157598934,123.28888888888889,78267.93875836751,121.31111111111112,75801.65014553706,107.04444444444445,77963.99857797033,118.88444444444444
153,79060.97055892492,123.62222222222222,74154.3118510328,111.08888888888889,82535.12157598934,138.0,78267.93875836751,118.0,75801.65014553706,113.8,77963.99857797033,120.9022222222222
154,79060.97055892492,103.75555555555556,74154.3118510328,105.24444444444444,82535.12157598934,135.17777777777778,78267.93875836751,118.5111111111111,75801.65014553706,99.13333333333334,77963.99857797033,112.36444444444446
155,78587.78050548903,105.4888888888889,74154.3118510328,111.15555555555555,82535.12157598934,124.8,78267.93875836751,107.2,75801.65014553706,112.02222222222223,77869.36056728315,112.13333333333333
156,78587.78050548903,113.62222222222222,74154.3118510328,115.26666666666667,82535.12157598934,119.15555555555555,78267.93875836751,108.33333333333333,75801.65014553706,126.57777777777778,77869.36056728315,116.5911111111111
157,78587.78050548903,125.17777777777778,73696.17139425837,115.24444444444444,82535.12157598934,130.62222222222223,78267.93875836751,113.4,75801.65014553706,109.02222222222223,77777.73247592826,118.69333333333334
158,78476.41658575069,108.68888888888888,73696.17139425837,110.35555555555555,82535.12157598934,131.44444444444446,78267.93875836751,110.53333333333333,75801.65014553706,105.66666666666667,77755.45969198059,113.33777777777777
159,78476.41658575069,108.44444444444444,73696.17139425837,107.5111111111111,82535.12157598934,122.68888888888888,78267.93875836751,103.66666666666667,75801.65014553706,100.57777777777778,77755.45969198059,108.57777777777778
160,77972.34495625924,103.68888888888888,73426.99600706571,115.33333333333333,82535.12157598934,132.22222222222223,78267.93875836751,129.55555555555554,75210.64197329523,111.66666666666667,77482.60865419541,118.49333333333331
161,77972.34495625924,105.68888888888888,73426.99600706571,104.42222222222222,82535.12157598934,122.24444444444444,78267.93875836751,107.08888888888889,75210.64197329523,115.91111111111111,77482.60865419541,111.0711111111111
162,77972.34495625924,137.66666666666666,73426.99600706571,120.42222222222222,82411.87628358082,135.0888888888889,78267.93875836751,113.2,75210.64197329523,111.5111111111111,77457.9595957137,123.57777777777775
163,77972.34495625924,117.28888888888889,73426.99600706571,107.28888888888889,82411.87628358082,127.53333333333333,78267.93875836751,107.6,75210.64197329523,106.35555555555555,77457.9595957137,113.21333333333332
164,77972.34495625924,105.22222222222223,73127.65312846552,118.42222222222222,82411.87628358082,129.35555555555555,78267.93875836751,125.13333333333334,75210.64197329523,106.91111111111111,77398.09101999368,117.00888888888889
165,77972.34495625924,111.42222222222222,73127.65312846552,97.31111111111112,82411.87628358082,118.73333333333333,78267.93875836751,98.42222222222222,75210.64197329523,106.13333333333334,77398.09101999368,106.40444444444445
166,76869.7832705599,110.37777777777778,73075.23153003748,129.0222222222222,82411.87628358082,124.97777777777777,78267.93875836751,114.66666666666667,75003.32985192961,117.95555555555555,77125.63193889507,119.4
167,76869.7832705599,115.88888888888889,73075.23153003748,118.86666666666666,82411.87628358082,125.97777777777777,78267.93875836751,104.82222222222222,75003.32985192961,115.15555555555555,77125.63193889507,116.14222222222222
168,76869.7832705599,118.95555555555555,73025.51369465388,111.97777777777777,81943.1928122142,114.84444444444445,78267.93875836751,102.0,75003.32985192961,104.55555555555556,77021.95167754502,110.46666666666667
169,76869.7832705599,102.22222222222223,73025.51369465388,114.68888888888888,81943.1928122142,132.06666666666666,78267.93875836751,113.37777777777778,75003.32985192961,110.8,77021.95167754502,114.63111111111111
170,76869.7832705599,111.57777777777778,73025.51369465388,125.8,81943.1928122142,137.15555555555557,78267.93875836751,109.84444444444445,75003.32985192961,119.53333333333333,77021.95167754502,120.78222222222223
171,76869.7832705599,112.4888888888889,73025.51369465388,113.17777777777778,81943.1928122142,115.02222222222223,78267.93875836751,117.84444444444445,75003.32985192961,114.4,77021.95167754502,114.58666666666667
172,76869.7832705599,85.2,73025.51369465388,127.04444444444445,81943.1928122142,123.86666666666666,78267.93875836751,108.55555555555556,75003.32985192961,115.88888888888889,77021.95167754502,112.11111111111111
173,76869.7832705599,114.5111111111111,73025.51369465388,101.88888888888889,81943.1928122142,103.0,78267.93875836751,105.44444444444444,74241.37840110471,107.57777777777778,76869.56138738003,106.48444444444445
174,76869.7832705599,117.33333333333333,73025.51369465388,107.11111111111111,81943.1928122142,132.6888888888889,78267.93875836751,114.95555555555555,74241.37840110471,106.35555555555555,76869.56138738003,115.68888888888887
175,76869.7832705599,108.17777777777778,72850.55261018027,92.73333333333333,81943.1928122142,111.26666666666667,78267.93875836751,105.46666666666667,74241.37840110471,117.22222222222223,76834.56917048532,106.97333333333331
176,76869.7832705599,113.17777777777778,71919.97270351589,109.08888888888889,81320.61645368088,120.11111111111111,78267.93875836751,100.95555555555555,74241.37840110471,116.35555555555555,76523.93791744577,111.93777777777777
177,76869.7832705599,106.68888888888888,71919.97270351589,119.15555555555555,81320.61645368088,116.8,78267.93875836751,119.04444444444445,74241.37840110471,103.57777777777778,76523.93791744577,113.05333333333333
178,76869.7832705599,114.31111111111112,71919.97270351589,102.28888888888889,81226.41660894689,120.4888888888889,78267.93875836751,113.37777777777778,74241.37840110471,114.22222222222223,76505.09794849898,112.93777777777777
179,76869.7832705599,103.97777777777777,71919.97270351589,119.0,81226.41660894689,117.08888888888889,78267.93875836751,115.86666666666666,74241.37840110471,102.64444444444445,76505.09794849898,111.71555555555555
180,76869.7832705599,105.24444444444444,71651.68794437131,112.84444444444445,81226.41660894689,114.97777777777777,78267.93875836751,103.8,74241.37840110471,108.22222222222223,76451.44099667008,109.0177777777778
181,76869.7832705599,111.5111111111111,71651.68794437131,92.26666666666667,81226.41660894689,117.6,78267.93875836751,98.22222222222223,74241.37840110471,117.5111111111111,76451.44099667008,107.42222222222222
182,76869.7832705599,91.82222222222222,71651.68794437131,92.8,81226.41660894689,122.55555555555556,78267.93875836751,93.2,74138.35937777862,112.28888888888889,76430.83719200485,102.53333333333333
183,76318.20807735196,91.02222222222223,71436.52099822988,87.73333333333333,81226.41660894689,130.6888888888889,78267.93875836751,97.11111111111111,73415.05578067835,111.15555555555555,76132.82804471492,103.54222222222222
184,76318.20807735196,116.06666666666666,71436.52099822988,115.86666666666666,81226.41660894689,119.33333333333333,78267.93875836751,98.55555555555556,73415.05578067835,112.13333333333334,76132.82804471492,112.3911111111111
185,76318.20807735196,126.13333333333334,71436.52099822988,75.26666666666667,81226.41660894689,129.95555555555555,78053.32914296257,93.57777777777778,73303.72060975281,110.04444444444445,76067.63908744881,106.99555555555555
186,76302.12465568841,102.77777777777777,71436.52099822988,91.35555555555555,81226.41660894689,116.84444444444445,78053.32914296257,103.02222222222223,73303.72060975281,113.2,76064.42240311611,105.44000000000001
187,76302.12465568841,112.35555555555555,71436.52099822988,111.82222222222222,81226.41660894689,127.71111111111111,78053.32914296257,98.2,73303.72060975281,101.5111111111111,76064.42240311611,110.32000000000001
188,76298.82331863219,113.08888888888889,71436.52099822988,97.15555555555555,81226.41660894689,125.57777777777778,78053.32914296257,97.84444444444445,73303.72060975281,119.46666666666667,76063.76213570486,110.62666666666667
189,76298.82331863219,107.6,71436.52099822988,107.04444444444445,81226.41660894689,121.02222222222223,78053.32914296257,109.33333333333333,73303.72060975281,94.8,76063.76213570486,107.96
190,76298.82331863219,101.13333333333334,71267.51868929972,78.73333333333333,81226.41660894689,113.75555555555556,78053.32914296257,115.02222222222223,73303.72060975281,90.4888888888889,76029.96167391884,99.82666666666668
191,76298.82331863219,115.66666666666667,71029.93226372277,100.53333333333333,81226.41660894689,110.95555555555555,75954.66205160631,91.24444444444444,73303.72060975281,103.93333333333334,75562.7109705322,104.46666666666665
192,76117.59283191444,99.11111111111111,71029.93226372277,90.08888888888889,81226.41660894689,125.33333333333333,75954.66205160631,99.44444444444444,73303.72060975281,97.11111111111111,75526.46487318864,102.21777777777777
193,76117.59283191444,95.26666666666667,71029.93226372277,107.62222222222222,81226.41660894689,111.64444444444445,75954.66205160631,85.71111111111111,73303.72060975281,109.33333333333333,75526.46487318864,101.91555555555554
194,76117.59283191444,115.82222222222222,70801.86087891941,103.77777777777777,81226.41660894689,114.68888888888888,75954.66205160631,96.22222222222223,73303.72060975281,107.97777777777777,75480.85059622797,107.69777777777779
195,76117.59283191444,116.24444444444444,70801.86087891941,111.4,81226.41660894689,128.86666666666667,75954.66205160631,109.84444444444445,73303.72060975281,109.04444444444445,75480.85059622797,115.08
196,76117.59283191444,88.86666666666666,70801.86087891941,88.2,81226.41660894689,114.2,75954.66205160631,109.57777777777778,73303.72060975281,98.66666666666667,75480.85059622797,99.90222222222222
197,76117.59283191444,102.5111111111111,70801.86087891941,108.04444444444445,81226.41660894689,121.66666666666667,75954.66205160631,103.77777777777777,73021.81313160481,107.4,75424.46910059838,108.67999999999999
198,76117.59283191444,113.62222222222222,70801.86087891941,87.33333333333333,81226.41660894689,122.55555555555556,75944.74195785049,106.04444444444445,73021.81313160481,116.24444444444444,75422.4850818472,109.16
199,75152.67600741494,116.86666666666666,70801.86087891941,72.57777777777778,81226.41660894689,112.44444444444444,75944.74195785049,103.02222222222223,73021.81313160481,102.31111111111112,75229.50171694731,101.44444444444446
200,75152.67600741494,109.91111111111111,70801.86087891941,109.02222222222223,81226.41660894689,126.02222222222223,75944.74195785049,96.86666666666666,73021.81313160481,107.06666666666666,75229.50171694731,109.77777777777779
201,75152.67600741494,112.5111111111111,70801.86087891941,109.11111111111111,81226.41660894689,118.26666666666667,75944.74195785049,96.04444444444445,73021.81313160481,91.68888888888888,75229.50171694731,105.52444444444443
202,75152.67600741494,104.64444444444445,70801.86087891941,70.95555555555555,81226.41660894689,118.53333333333333,75944.74195785049,99.37777777777778,73021.81313160481,103.22222222222223,75229.50171694731,99.34666666666666
203,75149.4231190195,111.77777777777777,70801.86087891941,76.17777777777778,81226.41660894689,128.55555555555554,75786.60680231932,118.95555555555555,73021.81313160481,94.46666666666667,75197.22410816199,105.98666666666665
204,75149.4231190195,93.93333333333334,70588.9046053211,101.22222222222223,80083.89699143938,120.95555555555555,75786.60680231932,116.22222222222223,73021.81313160481,100.6,74926.12892994082,106.58666666666666
205,75149.4231190195,112.15555555555555,70059.93231179076,92.08888888888889,80083.89699143938,124.53333333333333,75786.60680231932,112.91111111111111,73021.81313160481,102.4888888888889,74820.33447123475,108.83555555555556
206,75149.4231190195,94.11111111111111,70059.93231179076,87.35555555555555,80083.89699143938,103.2,75786.60680231932,101.64444444444445,73021.81313160481,101.24444444444444,74820.33447123475,97.5111111111111
207,75149.4231190195,124.37777777777778,70059.93231179076,119.22222222222223,80083.89699143938,116.57777777777778,74586.3618462363,76.33333333333333,73021.81313160481,97.97777777777777,74580.28548001815,106.89777777777779
208,75149.4231190195,122.93333333333334,70059.93231179076,78.66666666666667,80083.89699143938,113.53333333333333,74584.89602502208,91.66666666666667,73021.81313160481,107.77777777777777,74579.99231577531,102.91555555555556
209,75149.4231190195,109.35555555555555,70059.93231179076,113.5111111111111,80083.89699143938,98.73333333333333,74584.89602502208,64.8,73021.81313160481,102.88888888888889,74579.99231577531,97.85777777777778
210,75149.4231190195,111.28888888888889,70059.93231179076,98.13333333333334,80083.89699143938,110.4,74584.89602502208,90.35555555555555,73021.81313160481,98.33333333333333,74579.99231577531,101.70222222222222
211,75149.4231190195,110.42222222222222,70059.93231179076,109.31111111111112,80083.89699143938,116.26666666666667,74584.89602502208,99.35555555555555,73021.81313160481,98.33333333333333,74579.99231577531,106.73777777777778
212,75149.4231190195,92.53333333333333,70059.93231179076,105.6,80083.89699143938,112.4,74174.65940816885,102.97777777777777,72876.88647233295,106.77777777777777,74468.95966055029,104.05777777777776
213,75149.4231190195,117.5111111111111,69644.64836246194,100.35555555555555,80083.89699143938,111.2,74174.65940816885,100.4888888888889,72876.88647233295,102.28888888888889,74385.90287068453,106.36888888888889
214,75149.4231190195,104.97777777777777,69644.64836246194,99.55555555555556,80083.89699143938,111.53333333333333,73968.27752439686,108.73333333333333,72876.88647233295,96.93333333333334,74344.62649393013,104.34666666666666
215,74623.45607041396,101.17777777777778,69644.64836246194,118.4,79710.32040028869,117.91111111111111,73968.27752439686,97.57777777777778,72876.88647233295,92.31111111111112,74164.71776597887,105.47555555555554
216,73933.92983349673,96.88888888888889,69644.64836246194,49.13333333333333,79710.32040028869,109.4888888888889,73968.27752439686,92.02222222222223,72876.88647233295,105.26666666666667,74026.81251859543,90.56
217,73933.92983349673,89.91111111111111,69644.64836246194,100.06666666666666,79710.32040028869,103.97777777777777,73968.27752439686,88.73333333333333,72876.88647233295,94.86666666666666,74026.81251859543,95.5111111111111
218,73933.92983349673,81.31111111111112,69644.64836246194,100.06666666666666,79278.19456311304,127.31111111111112,73968.27752439686,86.91111111111111,72876.88647233295,101.2,73940.3873511603,99.36
219,73933.92983349673,89.24444444444444,69004.50030250222,79.0,79278.19456311304,115.15555555555555,73776.94033742104,102.68888888888888,72876.88647233295,92.17777777777778,73774.09030177319,95.65333333333334
220,73933.92983349673,103.95555555555555,69004.50030250222,79.71111111111111,79278.19456311304,119.57777777777778,73776.94033742104,109.6,72876.88647233295,94.68888888888888,73774.09030177319,101.50666666666666
221,73200.42418191938,92.75555555555556,69004.50030250222,89.08888888888889,79278.19456311304,111.42222222222222,73776.94033742104,106.24444444444444,72411.51875557748,113.75555555555556,73534.31562810663,102.65333333333334
222,73200.42418191938,114.42222222222222,68937.9165974311,98.66666666666667,79114.3921749197,113.62222222222222,73776.94033742104,100.62222222222222,72411.51875557748,91.31111111111112,73488.23840945374,103.72888888888887
223,73200.42418191938,110.11111111111111,68937.9165974311,86.42222222222222,79114.3921749197,109.5111111111111,72957.78683369899,94.57777777777778,72411.51875557748,91.06666666666666,73324.40770870933,98.33777777777777
224,73200.42418191938,93.86666666666666,68839.923832847,99.15555555555555,79114.3921749197,121.26666666666667,72957.78683369899,117.53333333333333,72411.51875557748,91.84444444444445,73304.8091557925,104.73333333333332
225,73200.05450946435,119.26666666666667,68839.923832847,108.02222222222223,79114.3921749197,119.04444444444445,72957.78683369899,97.2,71948.40860759455,96.44444444444444,73212.11319170492,107.99555555555555
226,73200.05450946435,117.91111111111111,68839.923832847,97.26666666666667,79114.3921749197,107.26666666666667,72957.78683369899,100.57777777777778,71948.40860759455,103.06666666666666,73212.11319170492,105.2177777777778
227,73200.05450946435,108.68888888888888,68741.43500654656,104.57777777777778,79114.3921749197,108.95555555555555,72957.78683369899,103.0,71948.40860759455,102.4,73192.41542644483,105.52444444444443
228,73178.10415561957,103.35555555555555,68741.43500654656,86.2,79114.3921749197,107.06666666666666,72819.13064307776,81.97777777777777,71948.40860759455,89.55555555555556,73160.29411755163,93.6311111111111
229,73178.10415561957,101.6,68741.43500654656,103.02222222222223,79114.3921749197,105.5111111111111,72740.95792188366,83.04444444444445,71948.40860759455,94.68888888888888,73144.65957331282,97.57333333333334
230,73178.10415561957,107.06666666666666,68627.99877927812,95.6,79114.3921749197,122.26666666666667,72740.95792188366,115.06666666666666,71948.40860759455,80.62222222222222,73121.97232785913,104.12444444444445
231,73178.10415561957,102.66666666666667,68627.99877927812,97.26666666666667,79114.3921749197,102.62222222222222,72686.29479653719,107.97777777777777,71948.40860759455,102.75555555555556,73111.03970278983,102.65777777777778
232,73178.10415561957,106.44444444444444,68627.99877927812,84.84444444444445,79114.3921749197,117.68888888888888,72572.87134165931,85.42222222222222,71948.40860759455,88.33333333333333,73088.35501181424,96.54666666666665
233,73178.10415561957,97.77777777777777,68627.99877927812,98.57777777777778,79114.3921749197,99.68888888888888,72572.87134165931,92.06666666666666,71495.90616521679,98.35555555555555,72997.8545233387,97.29333333333332
234,72963.22036570267,111.22222222222223,68460.37260645769,78.02222222222223,79022.68597112244,122.08888888888889,72572.87134165931,99.64444444444445,71495.90616521679,108.17777777777778,72903.01129003179,103.83111111111111
235,72806.60527931154,93.22222222222223,68460.37260645769,85.8,79022.68597112244,114.95555555555555,72293.28006751796,108.24444444444444,71495.90616521679,99.46666666666667,72815.77001792527,100.33777777777777
236,72806.60527931154,98.86666666666666,68094.79285159086,86.97777777777777,79022.68597112244,111.4,71666.30126556921,101.17777777777778,71495.90616521679,96.37777777777778,72617.25830656216,98.96000000000001
237,72370.52806259219,117.46666666666667,68094.79285159086,91.06666666666666,79022.68597112244,115.77777777777777,71666.30126556921,84.31111111111112,71495.90616521679,98.57777777777778,72530.0428632183,101.44000000000001
238,72370.52806259219,111.64444444444445,68094.79285159086,93.66666666666667,79022.68597112244,114.06666666666666,71666.30126556921,94.4,71495.90616521679,103.08888888888889,72530.0428632183,103.37333333333333
239,72370.52806259219,98.53333333333333,68094.79285159086,84.91111111111111,79022.68597112244,110.02222222222223,70291.86015139,91.33333333333333,71495.90616521679,82.42222222222222,72255.15464038246,93.44444444444444
240,72370.52806259219,96.91111111111111,68094.79285159086,97.2,79022.68597112244,121.17777777777778,70291.86015139,118.97777777777777,70758.36458230969,91.62222222222222,72107.64632380103,105.17777777777778
241,72370.52806259219,106.77777777777777,68068.50322381263,86.84444444444445,79022.68597112244,113.55555555555556,70268.02385383795,113.88888888888889,70758.36458230969,93.4888888888889,72097.62113873498,102.91111111111111
242,72370.52806259219,111.55555555555556,67668.33531082458,79.4888888888889,79022.68597112244,122.88888888888889,70268.02385383795,95.68888888888888,70758.36458230969,96.8,72017.58755613737,101.28444444444445
243,72370.52806259219,95.2,67103.83898717402,74.64444444444445,79022.68597112244,119.42222222222222,70268.02385383795,92.93333333333334,70758.36458230969,95.22222222222223,71904.68829140725,95.48444444444445
244,72160.62391491854,93.77777777777777,67087.8323345659,85.53333333333333,78839.81542700315,128.4,70268.02385383795,88.26666666666667,70758.36458230969,97.44444444444444,71822.93202252703,98.68444444444444
245,72160.62391491854,106.22222222222223,67087.8323345659,103.46666666666667,78839.81542700315,112.5111111111111,70268.02385383795,105.17777777777778,70758.36458230969,104.22222222222223,71822.93202252703,106.31999999999998
246,72160.62391491854,97.75555555555556,67087.8323345659,91.5111111111111,78839.81542700315,106.15555555555555,70268.02385383795,85.64444444444445,70758.36458230969,83.91111111111111,71822.93202252703,92.99555555555555
247,72160.62391491854,108.93333333333334,66733.76810968317,97.93333333333334,78092.53298600584,112.91111111111111,70268.02385383795,101.88888888888889,70758.36458230969,80.17777777777778,71602.66268935103,100.36888888888889
248,72160.62391491854,102.75555555555556,66477.57912068588,79.24444444444444,78092.53298600584,104.04444444444445,70268.02385383795,106.4,70758.36458230969,95.53333333333333,71551.42489155158,97.59555555555555
249,72160.62391491854,86.88888888888889,66477.57912068588,109.68888888888888,78092.53298600584,119.22222222222223,70268.02385383795,110.82222222222222,70758.36458230969,100.08888888888889,71551.42489155158,105.34222222222222
250,72160.62391491854,113.71111111111111,66432.84819580946,121.88888888888889,78092.53298600584,103.55555555555556,70268.02385383795,78.31111111111112,70758.36458230969,85.57777777777778,71542.4787065763,100.6088888888889
251,72160.62391491854,110.55555555555556,66432.84819580946,61.46666666666667,78092.53298600584,101.42222222222222,70150.44217398524,100.24444444444444,70758.36458230969,86.86666666666666,71518.96237060576,92.11111111111111
252,71569.81861680251,98.4888888888889,66432.84819580946,57.666666666666664,78092.53298600584,109.86666666666666,70150.44217398524,87.68888888888888,70663.82190657355,91.2,71381.89277583532,88.98222222222222
253,71502.11937091185,90.22222222222223,66432.84819580946,98.15555555555555,78092.53298600584,113.75555555555556,70084.14671697225,95.6,70663.82190657355,89.57777777777778,71355.09383525458,97.46222222222222
254,71502.11937091185,113.88888888888889,65486.89204960596,95.44444444444444,78092.53298600584,107.28888888888889,70084.14671697225,92.97777777777777,70501.07790573871,79.2,71133.35380584691,97.75999999999999
255,71502.11937091185,115.31111111111112,65486.89204960596,58.13333333333333,77674.51681901465,96.57777777777778,69644.37701533397,90.64444444444445,70491.46406822761,104.37777777777778,70959.87386461881,93.00888888888889
256,71502.11937091185,102.13333333333334,65486.89204960596,99.04444444444445,77674.51681901465,102.4,69644.37701533397,93.24444444444444,70491.46406822761,98.46666666666667,70959.87386461881,99.05777777777777
257,71027.87102959961,116.17777777777778,65374.86269292144,83.86666666666666,77381.68096149949,117.86666666666666,69528.11454248012,110.4,70400.27071154727,86.95555555555555,70742.5599876096,103.05333333333333
258,70978.30011170078,119.73333333333333,65374.86269292144,103.75555555555556,77381.68096149949,112.68888888888888,69335.59510967496,96.02222222222223,70311.57918190335,76.42222222222222,70676.40361154,101.72444444444444
259,70978.30011170078,120.0,65374.86269292144,78.86666666666666,77293.84883348069,108.53333333333333,69335.59510967496,92.0,70311.57918190335,75.08888888888889,70658.83718593624,94.89777777777778
260,70978.30011170078,107.88888888888889,65143.90883430017,54.2,77268.9211061564,121.02222222222223,69297.19904015768,95.6,70311.57918190335,85.97777777777777,70599.98165484368,92.93777777777777
261,70958.36656743688,103.06666666666666,65143.90883430017,76.15555555555555,77268.9211061564,118.4888888888889,69297.19904015768,99.2,70311.57918190335,74.8,70595.99494599088,94.34222222222222
262,70958.36656743688,109.5111111111111,65029.65295244911,86.57777777777778,76551.17227043629,112.53333333333333,69297.19904015768,102.33333333333333,70311.57918190335,95.06666666666666,70429.59400247666,101.20444444444445
263,70958.36656743688,102.95555555555555,64718.77941070377,96.97777777777777,76551.17227043629,126.06666666666666,69297.19904015768,102.62222222222222,70311.57918190335,89.11111111111111,70367.41929412758,103.54666666666667
264,70958.36656743688,104.2,64655.94403416068,77.75555555555556,76551.17227043629,110.35555555555555,69083.30123621962,85.26666666666667,70311.57918190335,89.71111111111111,70312.07265803135,93.45777777777778
265,70606.58390881069,107.91111111111111,64655.94403416068,98.0,76551.17227043629,106.93333333333334,69083.30123621962,100.75555555555556,70311.57918190335,75.71111111111111,70241.71612630613,97.86222222222223
266,70181.5480625014,102.46666666666667,64210.40375427581,72.28888888888889,76551.17227043629,102.22222222222223,68801.8846554593,93.95555555555555,70311.57918190335,72.71111111111111,70011.31758491523,88.72888888888887
267,70093.81457422378,109.11111111111111,64210.40375427581,64.44444444444444,76551.17227043629,119.13333333333334,68801.8846554593,100.13333333333334,70311.57918190335,102.84444444444445,69993.77088725971,99.13333333333333
268,69840.92106224157,105.42222222222222,64152.068093871276,82.35555555555555,76551.17227043629,114.73333333333333,68801.8846554593,92.37777777777778,70311.57918190335,95.11111111111111,69931.52505278235,98.0
269,69667.8027049664,96.24444444444444,63882.189184489216,111.4,76551.17227043629,122.46666666666667,68801.8846554593,107.8,69795.06199669812,84.04444444444445,69739.62216240987,104.3911111111111
270,69667.8027049664,105.02222222222223,63882.189184489216,102.0,76225.0989952332,104.33333333333333,68801.8846554593,99.93333333333334,69795.06199669812,81.4888888888889,69674.40750736925,98.55555555555556
271,69667.8027049664,98.77777777777777,63882.189184489216,88.5111111111111,76225.0989952332,92.88888888888889,68801.8846554593,101.4888888888889,69795.06199669812,76.4,69674.40750736925,91.61333333333334
272,69667.8027049664,119.17777777777778,63882.189184489216,101.88888888888889,76225.0989952332,107.91111111111111,68528.86842791634,98.42222222222222,69795.06199669812,62.91111111111111,69619.80426186067,98.06222222222222
273,69667.8027049664,116.71111111111111,63680.210934621355,94.35555555555555,76225.0989952332,115.57777777777778,67942.58410075158,100.62222222222222,69086.4269881366,78.35555555555555,69320.42474474183,101.12444444444444
274,69667.8027049664,91.57777777777778,63495.14894188517,64.15555555555555,76225.0989952332,121.88888888888889,67942.58410075158,105.97777777777777,69086.4269881366,80.62222222222222,69283.41234619459,92.84444444444445
275,69667.8027049664,97.35555555555555,62641.65063617416,84.0,76007.11742098822,107.93333333333334,67942.58410075158,92.93333333333334,69086.4269881366,72.77777777777777,69069.1163702034,91.0
276,69667.8027049664,110.17777777777778,62220.70459647987,62.888888888888886,76007.11742098822,119.24444444444444,67133.33552236442,59.4,69086.4269881366,77.77777777777777,68823.0774465871,85.89777777777778
277,69531.51265168583,93.02222222222223,62220.70459647987,74.4,76007.11742098822,99.37777777777778,67127.5012687461,104.77777777777777,68949.02432005135,76.15555555555555,68767.17205159027,89.54666666666667
278,69531.51265168583,119.06666666666666,61946.948068043625,59.333333333333336,76007.11742098822,107.28888888888889,67127.5012687461,104.8,68949.02432005135,85.62222222222222,68712.42074590303,95.22222222222221
279,69122.84393859611,92.86666666666666,61792.69651457059,104.55555555555556,75990.26058309055,116.22222222222223,67127.5012687461,76.97777777777777,68580.79941239649,87.15555555555555,68522.82034347997,95.55555555555556
280,68746.113263515,102.22222222222223,61792.69651457059,95.68888888888888,75219.55918688954,114.84444444444445,67127.5012687461,101.06666666666666,68580.79941239649,76.88888888888889,68293.33392922355,98.14222222222222
281,68746.113263515,99.42222222222222,61792.69651457059,83.93333333333334,74467.41177492717,115.22222222222223,67127.5012687461,93.62222222222222,68580.79941239649,54.955555555555556,68142.90444683106,89.43111111111111
282,68557.49539581676,111.75555555555556,61549.496910325746,77.35555555555555,74467.41177492717,99.17777777777778,67103.77379159858,104.5111111111111,68580.79941239649,90.57777777777778,68051.79545701295,96.67555555555556
283,68557.49539581676,83.84444444444445,61549.496910325746,82.55555555555556,74467.41177492717,116.15555555555555,67103.77379159858,70.42222222222222,68580.79941239649,86.93333333333334,68051.79545701295,87.98222222222222
284,68529.56806420123,98.0,61549.496910325746,65.13333333333334,74467.41177492717,116.57777777777778,67103.77379159858,102.6,68580.79941239649,70.46666666666667,68046.20999068985,90.55555555555557
285,68529.56806420123,96.73333333333333,61549.496910325746,87.6,74467.41177492717,125.04444444444445,67103.77379159858,89.64444444444445,68580.79941239649,78.53333333333333,68046.20999068985,95.5111111111111
286,68491.66568174298,89.4,61538.79368850486,63.51111111111111,74427.6149478456,118.0,67103.77379159858,104.24444444444444,68580.79941239649,82.37777777777778,68028.5295044177,91.50666666666667
287,68491.66568174298,106.84444444444445,61538.79368850486,87.15555555555555,73749.3043390906,122.4888888888889,66991.15648379052,107.06666666666666,68580.79941239649,74.0,67870.3439211051,99.5111111111111
288,68491.66568174298,93.68888888888888,61538.79368850486,53.355555555555554,73749.3043390906,122.57777777777778,66991.15648379052,78.06666666666666,68580.79941239649,71.26666666666667,67870.3439211051,83.7911111111111
289,68491.66568174298,125.13333333333334,61538.79368850486,51.06666666666667,73667.27657003977,102.82222222222222,66752.39363523983,53.4,68580.79941239649,71.57777777777778,67806.1857975848,80.8
290,67693.61318821182,102.24444444444444,60657.46227198191,55.044444444444444,72836.88496129151,114.37777777777778,66752.39363523983,97.37777777777778,68057.05042923463,94.42222222222222,67199.48089719194,92.69333333333334
291,67244.18027635006,97.33333333333333,60250.91758975327,63.71111111111111,72836.88496129151,108.4,66752.39363523983,68.44444444444444,67692.91716231409,104.62222222222222,66955.45872498974,88.50222222222223
292,67093.75636846638,110.82222222222222,60240.214367932385,89.11111111111111,72836.88496129151,105.33333333333333,66752.39363523983,76.91111111111111,67692.91716231409,66.17777777777778,66923.23329904882,89.6711111111111
293,67093.75636846638,96.88888888888889,60240.214367932385,96.46666666666667,72836.02823405624,123.68888888888888,66350.9037333008,92.06666666666666,67692.91716231409,95.33333333333333,66842.763973214,100.88888888888889
294,67093.75636846638,94.33333333333333,60240.214367932385,41.53333333333333,72764.17205632126,115.46666666666667,66161.74179763747,57.82222222222222,67692.91716231409,93.88888888888889,66790.56035053432,80.6088888888889
295,66762.73121712515,98.5111111111111,60124.41954918861,80.35555555555555,72764.17205632126,112.0,66161.74179763747,82.71111111111111,67657.51747639726,74.97777777777777,66694.11641933395,89.71111111111111
296,66356.0057354255,105.71111111111111,60014.50439982201,54.44444444444444,72537.64916817777,106.02222222222223,66128.7699484433,107.46666666666667,67657.51747639726,72.24444444444444,66538.88934565317,89.17777777777778
297,66356.0057354255,115.93333333333334,60014.50439982201,67.4,72537.64916817777,118.02222222222223,66128.7699484433,57.022222222222226,67371.69912172614,97.84444444444445,66481.72567471894,91.24444444444444
298,66356.0057354255,113.24444444444444,59848.08245281777,60.31111111111111,72315.4953483746,109.35555555555555,65812.86638022566,84.22222222222223,67371.69912172614,57.266666666666666,66340.82980771395,84.88
299,66235.56300612095,108.86666666666666,59129.197036833095,70.84444444444445,72315.4953483746,110.5111111111111,65812.86638022566,91.55555555555556,67371.69912172614,104.44444444444444,66172.9641786561,97.24444444444444
300,66235.56300612095,119.86666666666666,59129.197036833095,100.66666666666667,72315.4953483746,105.0,65752.92011953134,94.6,66960.97308417149,88.86666666666666,66078.82971900629,101.8
301,65082.207202379584,128.51111111111112,58701.52062553778,79.8,72315.4953483746,123.31111111111112,65534.10060972089,89.75555555555556,66960.97308417149,78.4888888888889,65718.85937403687,99.97333333333334
302,65058.704508274815,93.91111111111111,58701.52062553778,72.6,72315.4953483746,128.3111111111111,65395.451147063824,87.55555555555556,66960.97308417149,82.73333333333333,65686.4289426845,93.02222222222221
303,65058.704508274815,94.24444444444444,58701.52062553778,124.13333333333334,72315.4953483746,118.33333333333333,65395.451147063824,74.02222222222223,66960.97308417149,82.35555555555555,65686.4289426845,98.61777777777777
304,65058.704508274815,99.8,58531.27194986523,75.37777777777778,72315.4953483746,104.33333333333333,65225.637946467556,88.53333333333333,66758.22706326657,84.82222222222222,65577.86736324975,90.57333333333334
305,65058.704508274815,102.82222222222222,58531.27194986523,87.31111111111112,72315.4953483746,77.4,65172.24617758123,55.111111111111114,66758.22706326657,87.97777777777777,65567.1890094725,82.12444444444444
306,65058.704508274815,89.08888888888889,58531.27194986523,55.46666666666667,71536.68726314473,111.15555555555555,65172.24617758123,73.84444444444445,66758.22706326657,56.0,65411.427392426514,77.11111111111111
307,65058.704508274815,126.91111111111111,58212.992021071586,74.42222222222222,71536.68726314473,117.44444444444444,64330.07254701228,98.6,66758.22706326657,58.6,65179.33668055399,95.19555555555556
308,64799.25351153957,107.97777777777777,58105.47039657196,96.31111111111112,71536.68726314473,111.0,64330.07254701228,105.64444444444445,66758.22706326657,90.75555555555556,65105.94215630703,102.33777777777777
309,64799.25351153957,96.71111111111111,58105.47039657196,75.84444444444445,71216.02258157883,94.97777777777777,64239.71994375306,89.73333333333333,66758.22706326657,75.57777777777778,65023.73869934201,86.56888888888889
310,64799.25351153957,104.2,58105.47039657196,78.33333333333333,71154.06956387055,91.31111111111112,64216.0266430109,98.13333333333334,66289.54109170749,65.82222222222222,64912.8722413401,87.55999999999999
311,64799.25351153957,92.28888888888889,58105.47039657196,102.8,71059.0747374411,114.4,64216.0266430109,103.4,66109.1670441675,84.31111111111112,64857.798466546206,99.44000000000001
312,64799.25351153957,103.31111111111112,58039.877927979185,76.04444444444445,70961.22388280238,93.02222222222223,64216.0266430109,92.06666666666666,66109.1670441675,69.31111111111112,64825.10980189991,86.75111111111111
313,64799.25351153957,111.2,58039.877927979185,61.422222222222224,70815.07505184443,110.04444444444445,63859.47703498504,107.77777777777777,65976.81190469263,81.57777777777778,64698.09908620817,94.40444444444445
314,64310.47282586073,91.66666666666667,57785.295106614525,38.91111111111111,70815.07505184443,130.11111111111111,63801.55338216613,98.82222222222222,65976.81190469263,94.8,64537.841654235686,90.86222222222221
315,64310.47282586073,99.93333333333334,57347.44375018121,82.46666666666667,69897.97862738601,103.44444444444444,63573.68577786581,85.26666666666667,65733.77722125532,70.6,64172.67164050981,88.34222222222222
316,64043.45413656336,77.6,57344.40562199981,80.91111111111111,69897.97862738601,97.84444444444445,63573.68577786581,89.17777777777778,65229.10765620904,82.35555555555555,64017.72636400481,85.57777777777777
317,64043.45413656336,99.42222222222222,57344.40562199981,81.5111111111111,69897.97862738601,113.77777777777777,62953.18667824266,106.11111111111111,65104.8758317122,36.15555555555556,63868.78017918081,87.39555555555555
318,64043.45413656336,100.35555555555555,57344.40562199981,68.88888888888889,69897.97862738601,111.6,62953.18667824266,85.08888888888889,65104.8758317122,57.111111111111114,63868.78017918081,84.6088888888889
319,63749.02423009349,58.44444444444444,56899.573003405516,60.53333333333333,69897.97862738601,124.44444444444444,62953.18667824266,109.95555555555555,65040.81457057398,57.53333333333333,63708.11542194034,82.18222222222221
320,63415.77143575754,105.71111111111111,56899.573003405516,63.044444444444444,69840.79414632752,114.2,62868.35767618481,108.2,65040.81457057398,71.42222222222222,63613.06216644987,92.51555555555555
321,63415.77143575754,100.73333333333333,56770.89949525085,87.55555555555556,69840.79414632752,118.8,62868.35767618481,92.84444444444445,65027.76092427233,58.577777777777776,63584.716735558606,91.70222222222222
322,63415.77143575754,109.06666666666666,56770.89949525085,52.977777777777774,69840.79414632752,110.68888888888888,62868.35767618481,81.73333333333333,64986.38944934703,94.31111111111112,63576.44244057355,89.75555555555556
323,62720.338318108275,114.13333333333334,56628.29793610277,49.44444444444444,69775.6795281525,100.4,62255.34960833814,105.84444444444445,64817.909856151666,61.06666666666667,63239.51504937067,86.17777777777778
324,62624.03875610972,118.37777777777778,56628.29793610277,57.111111111111114,69775.6795281525,114.08888888888889,61771.74619927947,91.97777777777777,64817.909856151666,102.4888888888889,63123.53445515923,96.80888888888889
325,62624.03875610972,91.4,56628.29793610277,71.55555555555556,69775.6795281525,111.28888888888889,61524.99704649735,76.02222222222223,64532.74964237264,93.35555555555555,63017.152581847,88.72444444444446
326,62393.694864755795,101.26666666666667,56472.41247595616,93.62222222222222,69642.16154995713,122.15555555555555,61524.99704649735,115.35555555555555,64439.21084786395,56.0,62894.495357006075,97.67999999999999
327,62393.694864755795,92.71111111111111,56472.41247595616,87.8,69642.16154995713,113.44444444444444,61524.99704649735,95.04444444444445,63938.56932512672,75.2,62794.367052458634,92.84
328,62393.694864755795,104.75555555555556,56381.32553762775,57.37777777777778,69540.55602011213,109.26666666666667,61164.02831304544,90.86666666666666,63938.56932512672,76.11111111111111,62683.634812133576,87.67555555555555
329,62203.23770220453,102.6,56245.05971541402,87.62222222222222,69540.55602011213,102.77777777777777,61090.36332667367,98.8,63067.130485592395,72.24444444444444,62429.26944999936,92.8088888888889
330,62203.23770220453,111.31111111111112,56245.05971541402,73.17777777777778,69540.55602011213,91.42222222222222,60442.23538858782,73.71111111111111,63046.661342158724,64.5111111111111,62295.55003369545,82.82666666666667
331,62203.23770220453,109.95555555555555,56133.78481140715,85.66666666666667,69540.55602011213,120.86666666666666,60442.23538858782,92.46666666666667,63046.661342158724,57.68888888888889,62273.295052894064,93.32888888888888
332,62203.23770220453,100.4,56133.78481140715,65.37777777777778,69540.55602011213,72.11111111111111,60442.23538858782,81.42222222222222,62864.7801277853,62.53333333333333,62236.918810019386,76.36888888888889
333,62203.23770220453,104.95555555555555,56133.78481140715,79.4,69540.55602011213,110.75555555555556,59828.8861502783,75.02222222222223,62421.78090469148,67.06666666666666,62025.64911773872,87.44
334,62203.23770220453,94.26666666666667,56133.78481140715,91.93333333333334,69481.91125361183,92.71111111111111,59828.8861502783,59.6,62421.78090469148,65.64444444444445,62013.92016443865,80.83111111111111
335,62203.23770220453,103.11111111111111,55916.35160195056,46.22222222222222,69481.91125361183,117.82222222222222,59828.8861502783,80.33333333333333,62110.76840926767,52.955555555555556,61908.231023462584,80.08888888888889
336,62070.66807226079,114.15555555555555,55916.35160195056,56.422222222222224,69481.91125361183,103.33333333333333,59828.8861502783,93.06666666666666,62110.76840926767,66.82222222222222,61881.71709747383,86.75999999999999
337,62070.66807226079,95.73333333333333,55728.44748978464,71.35555555555555,69481.91125361183,108.6,59218.248849461066,70.37777777777778,61319.02384114465,69.06666666666666,61563.6599012526,83.02666666666667
338,61745.018278720745,104.06666666666666,55651.494233028076,98.02222222222223,68802.22814582507,91.88888888888889,59218.248849461066,72.28888888888889,61319.02384114465,49.51111111111111,61347.20266963592,83.15555555555555
339,61533.76437661392,99.53333333333333,55651.494233028076,47.15555555555556,68802.22814582507,106.46666666666667,59202.07391353898,108.6,61319.02384114465,77.6,61301.716902030144,87.87111111111112
340,61533.76437661392,102.75555555555556,55651.494233028076,88.15555555555555,67773.38660021934,103.35555555555555,59202.07391353898,71.82222222222222,61319.02384114465,92.82222222222222,61095.94859290899,91.7822222222222
341,61533.76437661392,114.4888888888889,55324.28299568288,46.13333333333333,67773.38660021934,119.82222222222222,59189.5941285732,99.57777777777778,61218.270858920165,65.57777777777778,61007.85979200191,89.12
342,61457.10094339335,81.35555555555555,55176.052049708625,41.2,67773.38660021934,98.84444444444445,59189.5941285732,110.66666666666667,61138.66217349104,58.8,60946.95917907711,78.17333333333333
343,61457.10094339335,105.4888888888889,55126.98366195395,71.4,67773.38660021934,102.37777777777778,59189.5941285732,78.91111111111111,61138.66217349104,78.06666666666666,60937.145501526174,87.2488888888889
344,61125.77113909886,92.02222222222223,55126.98366195395,96.75555555555556,67612.657688435,103.91111111111111,59189.5941285732,107.68888888888888,60736.93512789059,95.06666666666666,60758.38834919032,99.08888888888887
345,60403.63691882019,106.24444444444444,55126.98366195395,58.77777777777778,67421.19087636277,97.22222222222223,59189.5941285732,71.68888888888888,60736.93512789059,66.24444444444444,60575.66814272015,80.03555555555553
346,60403.63691882019,111.97777777777777,55126.98366195395,71.91111111111111,67421.19087636277,78.31111111111112,58749.736635263456,72.66666666666667,60702.738215524376,71.2,60480.857261584955,81.21333333333334
347,60403.63691882019,112.95555555555555,54797.91304112336,74.04444444444445,67308.36448693217,111.57777777777778,58749.736635263456,56.888888888888886,60689.829567417364,49.91111111111111,60389.896129911314,81.07555555555555
348,60227.84868288039,111.02222222222223,54761.395615215704,72.82222222222222,67308.36448693217,112.26666666666667,58749.736635263456,28.288888888888888,60566.789035044545,89.93333333333334,60322.82689106725,82.86666666666666
349,60227.84868288039,117.11111111111111,54477.26393949119,30.31111111111111,67308.36448693217,99.31111111111112,58749.736635263456,100.37777777777778,60459.05476623571,81.02222222222223,60244.45370216059,85.62666666666668
350,60227.84868288039,108.13333333333334,54477.26393949119,54.888888888888886,66715.38972755028,62.13333333333333,58749.736635263456,105.26666666666667,60459.05476623571,63.44444444444444,60125.858750284206,78.77333333333334
351,60130.07805407149,108.04444444444445,54477.26393949119,51.13333333333333,66715.38972755028,103.33333333333333,58749.736635263456,60.0,60021.928222685754,64.44444444444444,60018.87931581243,77.39111111111112
352,60130.07805407149,95.93333333333334,54477.26393949119,72.62222222222222,66715.38972755028,98.44444444444444,58709.968697876684,63.6,59655.4946058282,59.91111111111111,59937.63900496357,78.10222222222222
353,60023.9479343338,90.4,54477.26393949119,81.6,66715.38972755028,114.15555555555555,58204.19148129459,52.13333333333333,59655.4946058282,98.4,59815.25753769961,87.33777777777777
354,60023.9479343338,103.04444444444445,54359.806236490076,85.93333333333334,66715.38972755028,103.53333333333333,58066.85165060715,89.95555555555555,59578.11164517391,56.111111111111114,59748.821438831044,87.71555555555555
355,60023.9479343338,112.84444444444445,53904.37186879532,74.77777777777777,66334.73286934348,108.35555555555555,58066.85165060715,60.48888888888889,59504.27863832435,72.35555555555555,59566.836592280815,85.76444444444444
356,60023.9479343338,109.15555555555555,53860.16441797599,67.04444444444445,66334.73286934348,110.02222222222223,57981.749570458196,80.11111111111111,59365.62271845047,84.35555555555555,59513.24350211238,90.13777777777779
357,60023.9479343338,108.95555555555555,53824.39401443274,84.68888888888888,66334.73286934348,106.53333333333333,57783.58175667255,71.77777777777777,59017.248685321785,63.06666666666667,59396.78105202088,87.00444444444445
358,59977.248138931966,91.13333333333334,53604.69172979383,76.02222222222223,65761.64656993694,106.15555555555555,57783.58175667255,73.77777777777777,58547.99120611879,66.46666666666667,59135.031880290815,82.71111111111111
359,59977.248138931966,112.37777777777778,53202.403609457375,37.28888888888889,65672.43346591794,107.35555555555555,57783.58175667255,102.11111111111111,58331.220708749366,58.022222222222226,58993.37753594584,83.43111111111111
360,59977.248138931966,77.93333333333334,53202.403609457375,51.55555555555556,65672.43346591794,86.42222222222222,57569.571964962575,91.95555555555555,58331.220708749366,71.6,58950.57557760385,75.89333333333335
361,59977.248138931966,106.82222222222222,52886.54568904934,62.82222222222222,65672.43346591794,102.5111111111111,57569.571964962575,67.62222222222222,57709.971462503774,64.71111111111111,58763.15414427312,80.89777777777778
362,59977.248138931966,120.84444444444445,52732.19837955537,90.91111111111111,65672.43346591794,103.86666666666666,57569.571964962575,50.46666666666667,57303.53473653169,50.13333333333333,58650.99733717991,83.24444444444444
363,59977.248138931966,126.17777777777778,52732.19837955537,68.77777777777777,65482.02401447631,109.97777777777777,57477.56681274739,93.28888888888889,57004.18636599604,82.82222222222222,58534.64474234141,96.2088888888889
364,59611.07810984071,94.66666666666667,52732.19837955537,82.35555555555555,65482.02401447631,105.75555555555556,57432.9007168684,72.4888888888889,56991.67371361353,65.64444444444445,58449.97498687087,84.18222222222224
365,59611.07810984071,113.91111111111111,52573.509500536995,84.24444444444444,65482.02401447631,108.71111111111111,57432.9007168684,55.333333333333336,56991.67371361353,80.04444444444445,58418.237211067186,88.44888888888889
366,59611.07810984071,112.5111111111111,52573.509500536995,69.31111111111112,65482.02401447631,110.97777777777777,57208.11591003946,78.84444444444445,56778.629022815396,63.4,58330.67131154177,87.00888888888889
367,59338.55858861947,105.66666666666667,52573.509500536995,37.8,65290.16396047442,90.62222222222222,57208.11591003946,60.977777777777774,56572.33929931542,58.75555555555555,58196.53745179715,70.76444444444444
368,58976.476097011364,113.17777777777778,52573.509500536995,13.155555555555555,65106.283648168916,123.28888888888889,56780.02719834125,59.68888888888889,56042.98947149851,60.977777777777774,57895.85718311141,74.05777777777777
369,58976.476097011364,94.0,52573.509500536995,26.644444444444446,65106.283648168916,104.06666666666666,56780.02719834125,74.44444444444444,56042.98947149851,65.8,57895.85718311141,72.99111111111111
370,58948.7523406999,87.37777777777778,52573.509500536995,89.97777777777777,64905.02910452361,117.4,56780.02719834125,101.57777777777778,55798.459775036215,61.44444444444444,57801.155583827596,91.55555555555557
371,58700.21033625473,108.31111111111112,52573.509500536995,22.444444444444443,64905.02910452361,123.91111111111111,56780.02719834125,87.26666666666667,55798.459775036215,33.044444444444444,57751.44718293856,74.99555555555555
372,58548.360440267345,113.17777777777778,52573.509500536995,78.33333333333333,64856.63482741667,108.02222222222223,56702.685960567695,86.88888888888889,55084.87199431826,92.35555555555555,57553.21254462139,95.75555555555556
373,58548.360440267345,106.4,52573.509500536995,65.04444444444445,64856.63482741667,112.53333333333333,55818.30596398354,80.46666666666667,55084.87199431826,62.888888888888886,57376.336545304555,85.46666666666667
374,58548.360440267345,95.8,52573.509500536995,61.4,64856.63482741667,108.6,55818.30596398354,81.4888888888889,55084.87199431826,60.77777777777778,57376.336545304555,81.61333333333332
375,58162.26886922222,99.75555555555556,52218.76062153005,37.46666666666667,64621.19203476414,106.73333333333333,55689.76423537135,112.66666666666667,55064.30795817915,72.26666666666667,57151.25874381338,85.77777777777779
376,58162.26886922222,111.86666666666666,52218.76062153005,17.177777777777777,64524.94158552889,102.13333333333334,55670.87931452938,74.95555555555555,54742.20514718466,38.733333333333334,57063.81110759904,68.97333333333333
377,57951.969614295675,99.73333333333333,52218.76062153005,103.6,64193.3704384225,97.06666666666666,55662.21158239139,99.31111111111112,54679.718720556055,77.11111111111111,56941.20619543914,95.36444444444444
378,57951.969614295675,109.13333333333334,52050.34090559206,51.22222222222222,64193.3704384225,96.64444444444445,55662.21158239139,58.4,54471.972575216205,60.355555555555554,56865.973023183564,75.1511111111111
379,57951.969614295675,77.4888888888889,51544.03224297417,55.4,63970.64967620748,126.4,55662.21158239139,56.08888888888889,54328.777183086495,41.17777777777778,56691.52805979104,71.3111111111111
380,57589.417225955716,103.91111111111111,50792.90889591606,81.75555555555556,63911.44422268425,86.5111111111111,55662.21158239139,113.11111111111111,54328.777183086495,97.93333333333334,56456.951822006784,96.64444444444445
381,57589.417225955716,88.15555555555555,50792.90889591606,43.77777777777778,63911.44422268425,67.88888888888889,55237.213038244416,96.33333333333333,54328.777183086495,85.82222222222222,56371.95211317738,76.39555555555555
382,57589.417225955716,91.13333333333334,50773.77454910558,86.57777777777778,63911.44422268425,86.02222222222223,55237.213038244416,91.77777777777777,54231.08064386773,59.28888888888889,56348.58593597154,82.96000000000001
383,57589.417225955716,81.11111111111111,50773.77454910558,84.93333333333334,63911.44422268425,93.15555555555555,55237.213038244416,71.35555555555555,54231.08064386773,76.26666666666667,56348.58593597154,81.36444444444444
384,57203.198423675516,88.17777777777778,50773.77454910558,66.08888888888889,63911.44422268425,93.86666666666666,55002.857845698905,61.666666666666664,54231.08064386773,83.88888888888889,56224.471137006396,78.73777777777778
385,57203.198423675516,117.17777777777778,50773.77454910558,51.355555555555554,63651.40083412553,105.75555555555556,54511.69614850204,93.24444444444444,54231.08064386773,79.97777777777777,56074.23011985528,89.50222222222222
386,57203.198423675516,103.53333333333333,50773.77454910558,75.28888888888889,63651.40083412553,49.955555555555556,53996.210036761244,71.55555555555556,54231.08064386773,47.022222222222226,55971.13289750712,69.47111111111111
387,57203.198423675516,104.5111111111111,50773.77454910558,72.84444444444445,63651.40083412553,109.06666666666666,53908.71591797697,67.64444444444445,54231.08064386773,67.15555555555555,55953.63407375027,84.24444444444444
388,57024.500274602186,123.15555555555555,50773.77454910558,79.5111111111111,63651.40083412553,115.06666666666666,53869.77137876663,69.75555555555556,54153.09102026373,82.06666666666666,55894.50761137273,93.91111111111113
389,56731.2848772232,109.15555555555555,50718.737370254545,60.31111111111111,63386.25020096542,101.31111111111112,53869.77137876663,90.42222222222222,53793.58134704496,72.82222222222222,55699.92503485095,86.80444444444444
390,56646.89352236309,106.04444444444445,50718.737370254545,27.77777777777778,63386.25020096542,117.57777777777778,53869.77137876663,91.86666666666666,53576.321455981495,79.2,55639.59478566623,84.49333333333333
391,56422.72683866778,101.91111111111111,50718.737370254545,67.93333333333334,63386.25020096542,115.24444444444444,53869.77137876663,100.53333333333333,53576.321455981495,56.91111111111111,55594.76144892718,88.50666666666665
392,56422.72683866778,85.53333333333333,50639.13723552954,68.02222222222223,63051.395527533794,113.42222222222222,53869.77137876663,61.422222222222224,53576.321455981495,51.08888888888889,55511.87048729585,75.89777777777778
393,56422.72683866778,115.6,50464.67377575254,75.37777777777778,62784.31360274317,91.4888888888889,53770.27987212702,85.08888888888889,53509.74223050117,67.5111111111111,55390.34726395834,87.01333333333334
394,56422.72683866778,111.75555555555556,49847.82383844632,56.68888888888889,62784.31360274317,117.35555555555555,53672.40040741975,84.46666666666667,53265.471002126666,67.68888888888888,55198.54713788074,87.5911111111111
395,56422.72683866778,116.77777777777777,49847.82383844632,55.28888888888889,62765.304751607146,92.95555555555555,53481.909140247626,97.55555555555556,53215.14722923342,72.13333333333334,55146.582359640466,86.94222222222223
396,56422.72683866778,121.42222222222222,49793.879168978616,50.333333333333336,62765.304751607146,101.8,53481.909140247626,92.5111111111111,53215.14722923342,81.4888888888889,55135.79342574692,89.5111111111111
397,56422.72683866778,124.93333333333334,49793.879168978616,62.31111111111111,62765.304751607146,107.55555555555556,53320.50783806281,80.31111111111112,53041.84494625807,76.44444444444444,55068.85270871488,90.31111111111112
398,56422.72683866778,95.86666666666666,49746.08446951272,80.15555555555555,62765.304751607146,107.4,53068.23238205409,95.6,52842.69684823909,81.31111111111112,54969.00905801616,92.06666666666668
399,56422.72683866778,110.37777777777778,49744.84651799111,60.422222222222224,62765.304751607146,68.02222222222223,52877.67010113688,88.53333333333333,52720.632576878634,76.75555555555556,54906.23615725631,80.82222222222224
400,56422.72683866778,121.82222222222222,49744.84651799111,67.6,62765.304751607146,102.68888888888888,52877.67010113688,91.62222222222222,52529.94580048281,98.73333333333333,54868.09880197714,96.49333333333333
401,56373.167644936715,121.26666666666667,49744.84651799111,61.577777777777776,62765.304751607146,101.66666666666667,52877.67010113688,101.62222222222222,52529.94580048281,84.71111111111111,54858.18696323093,94.16888888888889
402,56356.313435711265,106.95555555555555,49744.84651799111,49.577777777777776,62765.304751607146,63.53333333333333,52877.67010113688,58.46666666666667,52529.94580048281,85.75555555555556,54854.81612138584,72.85777777777778
403,56208.97173972484,86.37777777777778,49744.84651799111,49.48888888888889,62684.57197651692,98.71111111111111,52877.67010113688,70.8,51791.541625376165,47.17777777777778,54661.520392149185,70.5111111111111
404,56055.81346533444,123.66666666666667,49654.56287560225,80.46666666666667,62608.443406522914,67.6,52877.67010113688,94.15555555555555,51791.541625376165,78.6,54597.60629479453,88.89777777777779
405,56055.81346533444,111.8,49605.89672367686,39.577777777777776,62548.261871304574,104.33333333333333,52830.32681510256,74.04444444444445,51702.55166985185,73.55555555555556,54548.57010905405,80.66222222222223
406,56055.81346533444,111.31111111111112,49605.89672367686,95.82222222222222,61450.053769384365,117.22222222222223,52681.54312514011,93.97777777777777,51702.55166985185,71.97777777777777,54299.17175067752,98.06222222222222
407,56055.81346533444,112.75555555555556,49605.89672367686,59.68888888888889,61450.053769384365,71.26666666666667,52528.90108104883,56.31111111111111,51576.82365075182,97.8,54243.49773803926,79.56444444444445
408,56033.16032627716,108.06666666666666,49605.89672367686,47.666666666666664,61263.06524979488,106.08888888888889,52528.90108104883,68.93333333333334,51285.58888966553,66.28888888888889,54143.32245409265,79.40888888888888
409,56033.16032627716,128.0222222222222,49436.43014405677,44.22222222222222,61263.06524979488,112.37777777777778,52528.90108104883,82.86666666666666,51285.58888966553,47.77777777777778,54109.429138168634,83.05333333333333
410,56033.16032627716,101.22222222222223,49330.73546460172,30.0,61210.40448291399,95.57777777777778,52528.90108104883,47.51111111111111,51280.42577229115,77.08888888888889,54076.72542542657,70.28
411,55986.97951650344,95.77777777777777,49294.43609104342,61.93333333333333,60377.7395255006,86.53333333333333,52298.445420537864,59.71111111111111,51280.42577229115,64.4888888888889,53847.6052651753,73.68888888888888
412,55986.97951650344,124.71111111111111,49106.95094697316,38.91111111111111,60377.7395255006,114.64444444444445,52135.551092838934,73.02222222222223,51280.42577229115,54.15555555555556,53777.52937082145,81.08888888888889
413,55986.97951650344,93.0,48974.03469342278,45.31111111111111,60229.94579854874,125.17777777777778,52014.42029968011,48.111111111111114,51264.472492892244,37.044444444444444,53693.97056020946,69.72888888888889
414,55986.97951650344,92.5111111111111,48632.32451051542,66.15555555555555,60193.13489186908,107.31111111111112,51883.27402143338,96.97777777777777,51264.472492892244,99.88888888888889,53592.03708664271,92.56888888888889
415,55949.31408774104,95.75555555555556,48557.5408384738,55.8,60121.14444164554,98.46666666666667,51883.27402143338,78.31111111111112,51183.854112085566,73.5111111111111,53539.02550027587,80.36888888888889
416,55827.17060597859,112.26666666666667,48457.64781606036,41.77777777777778,59991.961479865655,85.02222222222223,51785.63959288934,96.15555555555555,50818.578760699485,48.62222222222222,53376.199651098694,76.76888888888888
417,55827.17060597859,96.04444444444445,48457.64781606036,80.2,59991.961479865655,105.44444444444444,51785.63959288934,63.28888888888889,50818.578760699485,96.53333333333333,53376.199651098694,88.30222222222224
418,55827.17060597859,112.84444444444445,48323.65217824278,59.266666666666666,59991.961479865655,98.84444444444445,51785.63959288934,95.93333333333334,50818.578760699485,101.33333333333333,53349.40052353517,93.64444444444445
419,55786.19697434911,120.46666666666667,48237.247966802075,95.35555555555555,59991.961479865655,88.8,51785.63959288934,99.02222222222223,50818.578760699485,70.44444444444444,53323.92495492114,94.81777777777778
420,55775.215707249474,109.75555555555556,48237.247966802075,52.666666666666664,59991.961479865655,75.86666666666666,51785.63959288934,75.64444444444445,50818.578760699485,104.77777777777777,53321.7287015012,83.74222222222222
421,55775.215707249474,77.53333333333333,48237.247966802075,52.266666666666666,59434.356104271385,115.73333333333333,51785.63959288934,83.75555555555556,50818.578760699485,95.28888888888889,53210.207626382355,84.91555555555556
422,55775.215707249474,75.28888888888889,48202.98599482185,58.44444444444444,59434.356104271385,55.93333333333333,51633.66304931342,111.88888888888889,50777.87441785028,45.37777777777778,53164.819054701285,69.38666666666667
423,55515.05879455682,105.8,48202.98599482185,54.75555555555555,59434.356104271385,95.82222222222222,51529.88896922158,86.8,50672.529887307566,66.57777777777778,53070.963950035846,81.9511111111111
424,55515.05879455682,94.42222222222222,48182.33770281482,22.644444444444446,59127.50324792829,106.97777777777777,51136.162528922774,79.95555555555555,50672.529887307566,61.8,52926.71843230606,73.16
425,55515.05879455682,88.68888888888888,48182.33770281482,11.266666666666667,58818.09165851775,120.37777777777778,50934.77945061428,59.51111111111111,50672.529887307566,81.26666666666667,52824.559498762246,72.22222222222221
426,55252.20575366521,78.68888888888888,47899.92977567429,28.2,58310.504681171726,87.5111111111111,50895.11081250333,80.04444444444445,50597.35911218486,33.93333333333333,52591.02202703988,61.67555555555556
427,54979.26724748343,91.24444444444444,47899.390490063444,60.022222222222226,58310.504681171726,95.5111111111111,50895.11081250333,67.04444444444445,50597.35911218486,110.46666666666667,52536.326468681356,84.85777777777778
428,54979.26724748343,112.53333333333333,47899.390490063444,73.53333333333333,58310.504681171726,118.0,50895.11081250333,108.46666666666667,50589.65380701613,76.93333333333334,52534.78540764761,97.89333333333333
429,54979.26724748343,95.04444444444445,47677.72973507844,90.71111111111111,58266.805429110565,121.0,50817.76585201287,87.66666666666667,50502.53124102795,60.71111111111111,52448.81990094265,91.02666666666667
430,54436.230457177786,113.31111111111112,47677.72973507844,36.0,58266.805429110565,134.6,50780.19067908561,84.42222222222222,50285.6921939076,63.91111111111111,52289.329698872,86.44888888888889
431,54436.230457177786,107.77777777777777,47677.72973507844,84.31111111111112,58266.805429110565,117.71111111111111,50780.19067908561,50.888888888888886,50285.6921939076,73.84444444444445,52289.329698872,86.90666666666667
432,54180.13305913409,107.31111111111112,47677.72973507844,50.955555555555556,58266.805429110565,85.53333333333333,50491.36215613115,81.77777777777777,50276.05550344513,47.044444444444444,52178.417176579875,74.52444444444444
433,53933.50757903919,94.42222222222222,47558.84707487051,43.71111111111111,58266.805429110565,77.31111111111112,50491.36215613115,88.2,50276.05550344513,82.24444444444444,52105.31554851931,77.17777777777778
434,53933.50757903919,85.22222222222223,47558.84707487051,55.955555555555556,58266.805429110565,75.97777777777777,50440.89692108737,68.73333333333333,50249.047364625294,97.31111111111112,52089.82087374659,76.64000000000001
435,53933.50757903919,96.06666666666666,47558.84707487051,57.13333333333333,58266.805429110565,102.4,50440.89692108737,84.4888888888889,50209.30861028371,68.5111111111111,52081.87312287827,81.72
436,53933.50757903919,103.77777777777777,47558.84707487051,54.666666666666664,58006.54339161414,98.44444444444444,50440.89692108737,111.35555555555555,50008.88649489988,63.48888888888889,51989.73629230222,86.34666666666666
437,53933.50757903919,91.55555555555556,47091.9863761627,39.266666666666666,57897.75998517557,91.91111111111111,50440.89692108737,82.88888888888889,50008.88649489988,77.44444444444444,51874.607471272946,76.61333333333334
438,53933.50757903919,90.8,47085.36880304608,72.42222222222222,57561.15229167946,90.73333333333333,50440.89692108737,76.42222222222222,50008.88649489988,68.82222222222222,51805.9624179504,79.84
439,53933.50757903919,116.75555555555556,47085.36880304608,63.28888888888889,57347.29627675352,103.91111111111111,50400.61066186157,68.97777777777777,49963.85270856182,75.68888888888888,51746.127205852434,85.72444444444444
440,53933.50757903919,108.66666666666667,47085.36880304608,99.91111111111111,57347.29627675352,115.0,50400.61066186157,68.15555555555555,49963.85270856182,62.955555555555556,51746.127205852434,90.93777777777778
441,53815.17947929704,95.86666666666666,46944.67863974794,29.488888888888887,57323.21065399839,139.26666666666668,50400.61066186157,95.75555555555556,49963.85270856182,67.91111111111111,51689.50642869335,85.6577777777778
442,53815.17947929704,116.33333333333333,46944.67863974794,41.68888888888889,57323.21065399839,102.62222222222222,50400.61066186157,68.28888888888889,49814.082687684124,79.53333333333333,51659.55242451782,81.69333333333334
443,53815.17947929704,104.08888888888889,46944.67863974794,86.71111111111111,57323.21065399839,93.37777777777778,50400.61066186157,94.5111111111111,49814.082687684124,52.266666666666666,51659.55242451782,86.19111111111111
444,53671.87037272876,65.35555555555555,46944.67863974794,58.977777777777774,57132.30768730658,90.04444444444445,50400.61066186157,75.75555555555556,49814.082687684124,70.68888888888888,51592.7100098658,72.16444444444444
445,53671.87037272876,117.75555555555556,46944.67863974794,61.77777777777778,57132.30768730658,120.97777777777777,50378.45863842645,27.022222222222222,49814.082687684124,78.06666666666666,51588.279605178766,81.12
446,53671.87037272876,121.46666666666667,46944.67863974794,72.31111111111112,57132.30768730658,98.26666666666667,50378.45863842645,84.04444444444445,49814.082687684124,72.57777777777778,51588.279605178766,89.73333333333332
447,53671.87037272876,126.24444444444444,46944.67863974794,32.62222222222222,57132.30768730658,103.75555555555556,50337.3606412359,41.68888888888889,49814.082687684124,103.71111111111111,51580.060005740655,81.60444444444445
448,53671.87037272876,95.8,46944.67863974794,27.666666666666668,57132.30768730658,85.93333333333334,50317.78164469019,77.42222222222222,49814.082687684124,73.93333333333334,51576.14420643152,72.1511111111111
449,53671.87037272876,113.57777777777778,46937.556311711385,70.86666666666666,57132.30768730658,103.11111111111111,50317.78164469019,62.31111111111111,49814.082687684124,50.666666666666664,51574.71974082421,80.10666666666667
450,53671.87037272876,94.02222222222223,46937.556311711385,52.955555555555556,56968.74951189042,101.8,50317.78164469019,104.53333333333333,49814.082687684124,60.044444444444444,51542.008105740984,82.67111111111112
451,53671.87037272876,106.82222222222222,46914.0703196864,69.46666666666667,56968.74951189042,114.0,50317.78164469019,74.24444444444444,49611.49770525242,71.44444444444444,51496.79391084964,87.19555555555556
452,53356.01168404669,117.66666666666667,46914.0703196864,68.73333333333333,56968.74951189042,123.77777777777777,50209.3752274109,81.17777777777778,49611.49770525242,63.08888888888889,51411.94088965736,90.8888888888889
453,53356.01168404669,124.64444444444445,46914.0703196864,78.15555555555555,56490.45538999592,116.08888888888889,50192.0761330938,61.044444444444444,49611.49770525242,64.68888888888888,51312.82224641504,88.92444444444445
454,53335.50887924991,78.44444444444444,46914.0703196864,63.13333333333333,56334.57611845355,104.97777777777777,50192.0761330938,69.66666666666667,49567.602678907,35.666666666666664,51268.766825878134,70.37777777777778
455,53335.50887924991,121.11111111111111,46914.0703196864,79.95555555555555,56301.7438210984,78.62222222222222,50136.75497624723,64.44444444444444,49494.7164771056,57.022222222222226,51236.55889467751,80.23111111111112
456,53335.50887924991,68.24444444444444,46864.86622566299,61.91111111111111,56276.15210102546,71.0,50136.75497624723,95.73333333333333,49164.12845409184,54.91111111111111,51155.482127255484,70.36
457,53335.50887924991,112.88888888888889,46607.159301934575,90.57777777777778,56276.15210102546,96.64444444444445,50136.75497624723,79.88888888888889,49164.12845409184,84.57777777777778,51103.9407425098,92.91555555555556
458,53335.50887924991,81.02222222222223,46606.17906790314,51.577777777777776,56276.15210102546,122.46666666666667,50136.75497624723,104.91111111111111,49164.12845409184,58.28888888888889,51103.74469570351,83.65333333333334
459,53335.50887924991,113.66666666666667,46579.660551928086,36.28888888888889,56276.15210102546,99.73333333333333,50136.75497624723,92.93333333333334,49164.12845409184,54.46666666666667,51098.440992508506,79.41777777777779
460,53335.50887924991,57.86666666666667,46579.660551928086,74.04444444444445,56276.15210102546,116.02222222222223,50136.75497624723,92.4,49164.12845409184,46.644444444444446,51098.440992508506,77.39555555555556
461,53158.96462555082,122.37777777777778,46561.802812593945,78.24444444444444,56276.15210102546,87.91111111111111,50136.75497624723,73.4,49164.12845409184,89.33333333333333,51059.56059390186,90.25333333333332
462,53068.345965253735,113.82222222222222,46470.61314347382,43.51111111111111,56276.15210102546,90.6,50136.75497624723,75.64444444444445,49164.12845409184,51.91111111111111,51023.19892801841,75.09777777777778
463,53068.345965253735,104.26666666666667,46470.61314347382,59.0,56276.15210102546,70.28888888888889,50136.75497624723,87.46666666666667,49050.40441242151,68.08888888888889,51000.45411968435,77.82222222222222
464,53068.345965253735,119.42222222222222,46470.61314347382,57.77777777777778,56276.15210102546,97.77777777777777,50136.75497624723,79.84444444444445,49050.40441242151,31.044444444444444,51000.45411968435,77.17333333333332
465,53068.345965253735,95.31111111111112,46451.69036016341,75.11111111111111,56264.520858357675,64.04444444444445,50134.25198339636,95.33333333333333,49050.40441242151,35.71111111111111,50993.84271591854,73.10222222222222
466,53068.345965253735,95.93333333333334,46451.69036016341,28.755555555555556,56239.190268981976,98.31111111111112,50134.25198339636,26.155555555555555,48806.77447619411,86.82222222222222,50940.050610797916,67.19555555555556
467,53068.345965253735,96.04444444444445,46451.69036016341,43.4,56239.190268981976,97.53333333333333,50134.25198339636,78.26666666666667,48806.77447619411,66.57777777777778,50940.050610797916,76.36444444444444
468,52895.68527498903,100.28888888888889,46304.04143473605,62.2,56149.38883328389,119.04444444444445,50134.25198339636,82.75555555555556,48806.77447619411,66.55555555555556,50858.028400519885,86.16888888888889
469,52895.68527498903,88.13333333333334,46304.04143473605,52.333333333333336,56149.38883328389,113.04444444444445,49680.13529421881,68.44444444444444,47887.28746098677,47.71111111111111,50583.30765964291,73.93333333333334
470,52895.68527498903,73.68888888888888,46304.04143473605,82.4,55872.13527112175,56.31111111111111,49680.13529421881,83.15555555555555,47887.28746098677,62.08888888888889,50527.85694721048,71.52888888888889
471,52895.68527498903,94.17777777777778,46304.04143473605,71.06666666666666,55872.13527112175,92.84444444444445,49680.13529421881,73.24444444444444,47887.28746098677,11.222222222222221,50527.85694721048,68.51111111111112
472,52842.88976268553,108.75555555555556,46171.81613365577,64.15555555555555,55723.40139513024,123.06666666666666,49680.13529421881,37.6,47867.14283094101,82.62222222222222,50457.07708332627,83.24
473,52819.45952533983,92.8,45984.62994685981,40.71111111111111,55723.40139513024,69.82222222222222,49680.13529421881,86.11111111111111,47672.63734232036,70.06666666666666,50376.05270077381,71.90222222222222
474,52747.68765527394,102.68888888888888,45984.62994685981,80.88888888888889,55711.77015246246,110.17777777777778,49680.13529421881,78.95555555555555,47672.63734232036,75.57777777777778,50359.372078227076,89.65777777777778
475,52616.987312512865,55.733333333333334,45870.071389450786,109.73333333333333,55694.707147559384,93.66666666666667,49376.07463142082,48.044444444444444,47582.257600947734,46.48888888888889,50228.01961637832,70.73333333333332
476,52562.77391866218,89.86666666666666,45654.584597189714,84.17777777777778,55633.72994470365,87.57777777777778,49376.07463142082,62.644444444444446,47582.257600947734,50.666666666666664,50161.88413858482,74.98666666666666
477,52562.77391866218,118.28888888888889,45644.93517929587,38.93333333333333,55633.72994470365,98.82222222222222,49376.07463142082,86.53333333333333,47582.257600947734,65.28888888888889,50159.95425500606,81.57333333333334
478,52458.191938546326,101.86666666666666,45644.93517929587,97.06666666666666,55633.72994470365,120.64444444444445,49376.07463142082,84.82222222222222,47582.257600947734,99.04444444444445,50139.03785898288,100.6888888888889
479,51724.91749739765,106.91111111111111,45644.93517929587,56.84444444444444,55633.72994470365,84.22222222222223,49376.07463142082,67.2,47582.257600947734,58.48888888888889,49992.38297075315,74.73333333333333
480,51724.91749739765,113.37777777777778,45402.470112002185,46.0,55517.740985109696,126.68888888888888,49249.983807462326,86.35555555555555,47582.257600947734,61.24444444444445,49895.47400058391,86.73333333333333
481,51724.91749739765,109.68888888888888,45253.021167802355,86.33333333333333,55376.031407455375,94.62222222222222,49249.983807462326,41.46666666666667,47351.794538365684,44.266666666666666,49791.14968369667,75.27555555555554
482,51634.31988529336,78.0,45253.021167802355,35.06666666666667,55376.031407455375,97.35555555555555,49249.983807462326,52.48888888888889,47177.934750857756,44.977777777777774,49738.25820377424,61.57777777777777
483,51634.31988529336,121.55555555555556,45253.021167802355,16.066666666666666,55376.031407455375,78.42222222222222,49249.983807462326,70.02222222222223,47176.864126173736,62.46666666666667,49738.044078837425,69.70666666666666
484,51634.31988529336,111.17777777777778,45253.021167802355,51.53333333333333,55376.031407455375,109.8,49242.22753747499,56.55555555555556,47176.864126173736,46.4,49736.49282483997,75.09333333333333
485,51634.31988529336,92.17777777777778,45253.021167802355,57.422222222222224,55030.7940315667,113.37777777777778,48954.886837542756,61.53333333333333,47176.864126173736,68.88888888888889,49609.97720967578,78.67999999999999
486,51634.31988529336,94.2,45253.021167802355,72.42222222222222,54788.778502772104,85.71111111111111,48954.886837542756,85.82222222222222,47160.19861052977,56.666666666666664,49558.24100078807,78.96444444444445
487,51634.31988529336,116.28888888888889,45253.021167802355,78.97777777777777,54788.778502772104,120.33333333333333,48954.886837542756,61.68888888888889,47160.19861052977,83.73333333333333,49558.24100078807,92.20444444444443
488,51634.31988529336,110.62222222222222,45250.827782498614,96.6,54788.778502772104,106.37777777777778,48954.886837542756,68.6,47143.68545596045,46.46666666666667,49554.49969281346,85.73333333333335
489,51614.09806696356,96.4888888888889,45183.06311251261,71.77777777777777,54237.76641556014,103.93333333333334,48954.886837542756,24.466666666666665,47143.68545596045,55.2,49426.6999777079,70.37333333333332
490,51614.09806696356,80.95555555555555,45120.40152864074,66.62222222222222,54237.76641556014,119.68888888888888,48954.886837542756,88.57777777777778,47092.59216639406,74.06666666666666,49403.94900302025,85.98222222222222
491,51614.09806696356,98.66666666666667,45120.40152864074,52.955555555555556,53905.49981257574,86.6,48905.08988853756,67.28888888888889,47092.59216639406,67.57777777777778,49327.53629262233,74.61777777777777
492,51579.039301552235,85.24444444444444,45120.40152864074,47.111111111111114,53737.51065931715,111.55555555555556,48905.08988853756,87.06666666666666,47092.59216639406,93.31111111111112,49286.92670888835,84.85777777777778
493,51552.99314124577,98.42222222222222,45120.40152864074,55.266666666666666,53737.51065931715,110.5111111111111,48812.49240289003,63.333333333333336,46989.984045353216,96.77777777777777,49242.67635548938,84.86222222222221
494,51552.99314124577,88.4,45120.40152864074,63.06666666666667,53737.51065931715,111.2,48812.49240289003,42.82222222222222,46989.984045353216,43.91111111111111,49242.67635548938,69.88000000000001
495,51523.765422258504,63.62222222222222,44960.95519092228,94.73333333333333,53737.51065931715,72.42222222222222,48740.19325588488,87.24444444444444,46944.510890784564,65.82222222222222,49181.38708383347,76.76888888888888
496,51523.765422258504,118.46666666666667,44960.95519092228,69.77777777777777,53737.51065931715,90.06666666666666,48740.19325588488,44.977777777777774,46879.23462869414,86.24444444444444,49168.33183141538,81.90666666666667
497,51316.05527630915,109.04444444444445,44960.95519092228,89.6,53737.51065931715,77.86666666666666,48540.08463672922,75.17777777777778,46879.23462869414,56.888888888888886,49086.76807839439,81.71555555555555
498,51316.05527630915,109.17777777777778,44849.98958795969,85.4888888888889,53737.51065931715,83.82222222222222,48540.08463672922,35.55555555555556,46651.963195735676,60.84444444444444,49019.12067121018,74.97777777777779
499,51270.42208067167,91.24444444444444,44849.98958795969,22.91111111111111,53737.51065931715,100.88888888888889,48474.61728419157,98.64444444444445,46651.963195735676,82.06666666666666,48996.90056157515,79.1511111111111
500,51270.42208067167,86.4,44578.291037548086,48.48888888888889,53737.51065931715,97.04444444444445,48474.61728419157,90.6,46412.891216861746,83.13333333333334,48894.74645571804,81.13333333333333
