generation,fitness_run_1,diversity_run_1,fitness_run_2,diversity_run_2,fitness_run_3,diversity_run_3,fitness_run_4,diversity_run_4,fitness_run_5,diversity_run_5,fitness_average,diversity_average
1,3367.257721057862,98.95862068965518,3418.6756429081224,99.03908045977012,3299.7696924914653,98.96781609195402,3366.4702226901845,98.9287356321839,3284.7519523061815,99.00229885057472,3347.3850462907626,98.9793103448276
2,2969.174023131742,98.7080459770115,3062.6381594066547,98.87816091954024,3143.77697687183,98.93103448275862,3050.156123351005,98.89655172413794,2966.0096806313254,98.91954022988506,3038.3509926785114,98.86666666666666
3,2864.637590649076,98.8896551724138,2827.3849821252375,98.68275862068965,2776.2891499967573,98.8735632183908,2927.4675947164073,98.97241379310344,2875.316161822402,98.89655172413794,2854.2190958619763,98.86298850574713
4,2414.2928037967486,98.8919540229885,2590.10322896348,98.8367816091954,2761.4227191175582,98.93563218390804,2670.6924400376424,98.60459770114943,2558.965601710118,98.82298850574712,2599.0953587251097,98.8183908045977
5,2414.2928037967486,98.84827586206896,2477.239595771225,98.93103448275862,2370.045518666937,98.8367816091954,2229.050361540289,98.82298850574712,2359.4681779957564,98.8735632183908,2370.019291554191,98.86252873563218
6,2252.069552258309,98.91724137931034,2266.91639085297,98.80919540229885,2346.183248906939,98.91724137931034,2229.050361540289,98.77241379310345,2150.441378544728,98.62298850574713,2248.932186420647,98.80781609195402
7,2172.7285650222807,98.59540229885057,2027.4260578375136,98.82068965517242,2236.362063065792,98.51954022988505,2229.050361540289,98.62758620689655,2150.441378544728,98.57241379310345,2163.2016852021206,98.62712643678162
8,2039.0330356195159,98.80919540229885,2027.4260578375136,98.71494252873563,2072.1422116671924,98.82298850574712,2149.444824607218,98.74712643678161,2092.7382996094166,98.62528735632183,2076.1568858681712,98.74390804597701
9,1966.2973476104723,98.64367816091954,1922.8799939723701,98.49195402298851,2072.1422116671924,98.82068965517242,1934.380205404764,98.64137931034483,1882.459693687164,98.7632183908046,1955.6318904683926,98.67218390804598
10,1949.9031774939142,98.57241379310345,1922.8799939723701,98.77701149425287,1810.967464885254,98.74942528735632,1934.380205404764,98.54252873563219,1882.459693687164,98.09885057471264,1900.118107088693,98.54804597701148
11,1816.0166996423375,98.40689655172413,1817.578849595763,98.41149425287357,1810.967464885254,98.68275862068965,1875.3227156298694,98.63908045977011,1882.459693687164,98.6896551724138,1840.4690846880774,98.56597701149425
12,1809.7987398284413,98.21379310344828,1687.8201773086487,98.66436781609195,1761.089169983244,98.51724137931035,1781.1505072258635,98.44827586206897,1882.459693687164,98.7080459770115,1784.463657606672,98.51034482758621
13,1686.3689113705002,98.54712643678161,1574.520764245947,98.71724137931035,1671.0904211787931,97.93103448275862,1781.1505072258635,98.50344827586207,1763.1319505415265,98.53793103448275,1695.252510912526,98.44735632183908
14,1686.3689113705002,98.24827586206897,1574.520764245947,98.68045977011494,1671.0904211787931,98.02988505747126,1781.1505072258635,98.64597701149425,1671.152502980627,98.58390804597701,1676.8566214003463,98.4377011494253
15,1686.3689113705002,98.43908045977011,1571.553138745824,98.57471264367815,1629.6334776085853,98.17931034482758,1676.0145282784188,98.37011494252873,1671.152502980627,98.53333333333333,1646.944511796791,98.4193103448276
16,1496.565467979977,98.26896551724138,1571.553138745824,98.65057471264367,1629.6334776085853,97.40229885057471,1676.0145282784188,98.47126436781609,1671.152502980627,97.94942528735632,1608.9838231186864,98.14850574712644
17,1496.565467979977,98.02758620689656,1571.553138745824,98.39770114942529,1629.6334776085853,97.82298850574712,1612.4015827897144,98.55632183908045,1622.3882381474975,97.52643678160919,1586.5083810543197,98.06620689655172
18,1496.565467979977,97.93103448275862,1571.553138745824,98.17701149425288,1629.6334776085853,97.86666666666666,1572.7265256515602,98.3632183908046,1622.3882381474975,98.28965517241379,1578.5733696266889,98.12551724137931
19,1454.7501167023947,97.58390804597701,1571.553138745824,98.4367816091954,1629.6334776085853,96.77471264367816,1553.6580027995428,98.51034482758621,1622.3882381474975,97.86206896551724,1566.3965948007688,97.83356321839081
20,1454.7501167023947,97.71264367816092,1571.553138745824,98.28275862068965,1570.142506013698,95.92183908045978,1540.7749468867764,98.18850574712644,1602.642720154496,97.7080459770115,1547.9726857006378,97.56275862068965
21,1454.7501167023947,97.30574712643678,1571.553138745824,98.62298850574713,1465.009774383208,95.05977011494252,1521.0594592546508,98.39080459770115,1597.8303993909644,97.21609195402299,1522.0405776954085,97.31908045977012
22,1454.7501167023947,97.04137931034482,1571.553138745824,98.19770114942528,1465.009774383208,92.04367816091954,1521.0594592546508,98.29655172413793,1575.133108898077,96.61149425287357,1517.501119596831,96.43816091954022
23,1404.7110173780443,96.90344827586208,1541.9035433068725,98.39770114942529,1406.278807673206,94.63218390804597,1521.0594592546508,98.23218390804598,1536.7429393417465,97.28965517241379,1482.1391533909039,97.09103448275863
24,1361.0465963442348,96.57011494252873,1541.9035433068725,98.33563218390805,1406.278807673206,93.78390804597701,1521.0594592546508,98.01609195402298,1536.7429393417465,96.97241379310344,1473.406269184142,96.73563218390805
25,1361.0465963442348,96.41379310344827,1531.8247045700339,98.40919540229885,1406.278807673206,91.41609195402299,1414.2630998085592,97.64827586206897,1475.9081640078412,97.24597701149425,1437.864274480775,96.22666666666666
26,1361.0465963442348,96.59540229885057,1464.4493686338121,97.70574712643678,1399.108976550221,90.9103448275862,1370.310750699409,96.45517241379311,1432.403113667408,95.94252873563218,1405.4637611790172,95.52183908045977
27,1361.0465963442348,96.14022988505747,1464.4493686338121,97.72873563218391,1322.0094124899936,88.91264367816092,1370.310750699409,97.57471264367815,1396.9253296897941,96.2367816091954,1382.9482915714486,95.31862068965518
28,1361.0465963442348,96.55632183908045,1464.4493686338121,97.92413793103448,1261.8421595370046,89.78390804597701,1370.310750699409,96.25977011494253,1396.9253296897941,95.48275862068965,1370.9148409808508,95.20137931034482
29,1361.0465963442348,95.25747126436782,1464.4493686338121,97.71034482758621,1261.8421595370046,90.22298850574713,1370.310750699409,96.30114942528736,1396.9253296897941,95.55632183908045,1370.9148409808508,95.0096551724138
30,1361.0465963442348,96.8735632183908,1378.7088844990362,96.82068965517242,1261.8421595370046,88.33103448275862,1370.310750699409,97.0183908045977,1349.6615127481487,96.60689655172413,1344.3139807655666,95.13011494252873
31,1339.5569654846029,96.45977011494253,1378.7088844990362,97.42528735632185,1261.8421595370046,85.30804597701149,1345.3746102799814,96.37011494252873,1349.6615127481487,95.70344827586207,1335.0288265097547,94.25333333333333
32,1217.46795257294,96.2,1378.7088844990362,95.26666666666667,1261.8421595370046,86.60689655172413,1345.3746102799814,96.40919540229885,1349.6615127481487,97.29885057471265,1310.6110239274221,94.35632183908046
33,1217.46795257294,95.1471264367816,1378.7088844990362,96.50344827586207,1227.697201173338,83.9264367816092,1321.875037124337,96.59540229885057,1349.6615127481487,96.47356321839081,1299.08211762356,93.72919540229884
34,1217.46795257294,91.58620689655173,1324.1000823790266,95.82528735632184,1227.697201173338,83.16091954022988,1321.875037124337,95.7977011494253,1349.6615127481487,96.50574712643679,1288.160357199558,92.57517241379311
35,1217.46795257294,91.47816091954023,1324.1000823790266,96.19310344827586,1227.697201173338,84.6367816091954,1321.875037124337,95.1471264367816,1285.1568700904625,96.65517241379311,1275.259428668021,92.82206896551725
36,1217.46795257294,88.26666666666667,1318.8167775624659,95.98850574712644,1221.9653544702242,82.53333333333333,1259.6913022287126,96.33103448275862,1259.5329188565836,96.73103448275862,1255.4948611381853,91.97011494252874
37,1217.46795257294,89.17011494252874,1318.8167775624659,95.30344827586207,1208.3500504413914,85.80919540229885,1259.6913022287126,94.1264367816092,1259.5329188565836,96.75172413793103,1252.7718003324187,92.23218390804598
38,1217.46795257294,89.02758620689656,1318.8167775624659,95.13793103448276,1208.3500504413914,81.68045977011494,1219.760856293758,92.80689655172414,1248.8754244297256,95.93103448275862,1242.654212260056,90.9167816091954
39,1217.46795257294,86.36091954022989,1318.8167775624659,94.44367816091955,1208.3500504413914,83.51954022988505,1219.760856293758,95.23218390804598,1248.8754244297256,96.51034482758621,1242.654212260056,91.21333333333332
40,1217.46795257294,86.61609195402299,1318.8167775624659,94.35632183908046,1175.8416975507373,83.1264367816092,1219.760856293758,94.82988505747126,1248.8754244297256,96.40229885057471,1236.1525416819252,91.06620689655172
41,1217.46795257294,85.76781609195402,1306.3625872297223,93.64137931034483,1175.8416975507373,81.95402298850574,1219.760856293758,93.95862068965518,1248.8754244297256,95.18850574712644,1233.6617036153766,90.10206896551725
42,1216.8748438511132,82.24367816091954,1305.9691408363396,94.4183908045977,1134.4463940460048,78.67356321839081,1219.760856293758,92.57471264367815,1248.8754244297256,95.68735632183908,1225.185331891388,88.71954022988504
43,1216.8748438511132,81.56781609195403,1305.9691408363396,94.27816091954023,1134.4463940460048,76.38390804597701,1219.760856293758,93.18850574712644,1248.8754244297256,96.57241379310345,1225.185331891388,88.39816091954023
44,1120.178485857864,82.00919540229886,1305.9691408363396,95.02068965517242,1134.4463940460048,74.8,1180.8047865032113,91.57931034482759,1248.8754244297256,95.93793103448276,1198.054846334629,87.86942528735634
45,1120.178485857864,82.36551724137931,1278.749355742054,94.03218390804598,1134.4463940460048,75.15402298850574,1180.8047865032113,91.86896551724138,1248.8754244297256,96.62298850574713,1192.6108893157718,88.0087356321839
46,1120.178485857864,84.47356321839081,1232.1356138317362,92.72873563218391,1134.4463940460048,81.42068965517241,1180.8047865032113,91.0367816091954,1248.8754244297256,96.20459770114942,1183.2881409337083,89.17287356321837
47,1120.178485857864,82.91954022988506,1232.1356138317362,91.84367816091954,1134.4463940460048,81.17931034482758,1180.8047865032113,84.82528735632184,1248.8754244297256,96.47126436781609,1183.2881409337083,87.44781609195402
48,1120.178485857864,80.96781609195402,1232.1356138317362,89.97241379310344,1134.4463940460048,83.7080459770115,1180.8047865032113,87.59540229885057,1248.8754244297256,95.48735632183909,1183.2881409337083,87.54620689655174
49,1120.178485857864,84.17931034482758,1232.1356138317362,90.39540229885057,1134.4463940460048,78.49655172413793,1180.8047865032113,89.74942528735632,1248.8754244297256,95.86896551724138,1183.2881409337083,87.73793103448274
50,1120.178485857864,86.30804597701149,1232.1356138317362,90.05287356321838,1134.4463940460048,82.00459770114942,1180.8047865032113,88.62298850574713,1248.8754244297256,95.11724137931034,1183.2881409337083,88.42114942528735
51,1120.178485857864,86.0896551724138,1232.1356138317362,91.00689655172414,1134.4463940460048,84.30574712643678,1180.8047865032113,87.87816091954024,1248.8754244297256,93.0367816091954,1183.2881409337083,88.46344827586208
52,1120.178485857864,86.52873563218391,1232.1356138317362,90.30344827586207,1134.4463940460048,87.22988505747126,1180.8047865032113,85.17011494252874,1246.0441214999582,91.63218390804597,1182.721880347755,88.1728735632184
53,1120.178485857864,85.94712643678162,1215.3277518992898,93.6,1134.4463940460048,88.51954022988505,1180.8047865032113,86.13333333333334,1185.7288591090771,89.90114942528736,1167.2972554830894,88.82022988505747
54,1120.178485857864,83.86206896551724,1146.6873782680884,91.49195402298851,1134.4463940460048,84.27126436781609,1180.8047865032113,86.11954022988506,1185.7288591090771,91.86206896551724,1153.5691807568492,87.52137931034481
55,1120.178485857864,82.49195402298851,1146.6873782680884,87.86896551724138,1134.4463940460048,85.18620689655172,1180.8047865032113,85.14252873563218,1185.7288591090771,91.76781609195402,1153.5691807568492,86.49149425287355
56,1120.178485857864,84.40919540229885,1146.6873782680884,89.45517241379311,1134.4463940460048,86.45057471264367,1180.8047865032113,84.93793103448276,1185.7288591090771,92.69195402298851,1153.5691807568492,87.58896551724138
57,1120.178485857864,75.57011494252873,1146.6873782680884,87.89425287356322,1134.4463940460048,85.69655172413793,1180.8047865032113,84.11494252873563,1185.7288591090771,90.04137931034482,1153.5691807568492,84.66344827586207
58,1120.178485857864,76.19540229885058,1146.6873782680884,83.57011494252873,1134.4463940460048,89.27126436781609,1180.5784835601335,84.14252873563218,1185.7288591090771,90.65287356321839,1153.5239201682336,84.7664367816092
59,1120.178485857864,74.72873563218391,1128.5410084904875,86.2183908045977,1134.4463940460048,87.183908045977,1180.5784835601335,80.06206896551724,1159.9142022489996,85.15862068965517,1144.7317148406978,82.6703448275862
60,1120.178485857864,76.35402298850575,1128.5410084904875,83.68505747126437,1134.4463940460048,85.46666666666667,1180.5784835601335,78.0551724137931,1159.9142022489996,88.08505747126436,1144.7317148406978,82.32919540229884
61,1099.8036263349886,79.84597701149426,1128.5410084904875,82.96551724137932,1134.4463940460048,85.04827586206896,1180.5784835601335,78.87586206896552,1151.1736447957423,86.9287356321839,1138.9086314454714,82.73287356321839
62,1092.4982636733732,80.97701149425288,1121.7310938779265,84.45517241379311,1134.4463940460048,83.0735632183908,1163.5695597162044,78.4,1151.1736447957423,85.62298850574713,1132.6837912218502,82.50574712643679
63,1092.4982636733732,78.46666666666667,1121.7310938779265,82.76091954022988,1134.4463940460048,83.71034482758621,1163.5695597162044,82.5632183908046,1151.1736447957423,88.69885057471264,1132.6837912218502,83.24
64,1092.4982636733732,84.25747126436782,1066.3952832188827,75.91954022988506,1134.4463940460048,90.72183908045977,1163.5695597162044,74.39080459770115,1120.690988385566,84.82068965517242,1115.520097808006,82.02206896551725
65,1092.4982636733732,80.43218390804597,1066.3952832188827,75.62988505747127,1134.4463940460048,87.39540229885057,1137.1304876558388,73.0,1109.0286132607057,80.9080459770115,1107.8998083709612,79.47310344827586
66,1092.4982636733732,80.24827586206897,1066.3952832188827,62.864367816091956,1134.4463940460048,90.16091954022988,1134.5514653614287,77.47356321839081,1109.0286132607057,75.77471264367816,1107.3840039120792,77.30436781609197
67,1035.6277538682373,79.41149425287357,1066.3952832188827,75.82988505747126,1134.4463940460048,91.17241379310344,1107.3691839387325,74.72183908045977,1109.0286132607057,77.30804597701149,1090.5734456665127,79.68873563218389
68,1021.4267301152423,77.35862068965517,1066.3952832188827,76.78390804597701,1134.4463940460048,91.86666666666666,1046.2125955653914,76.34942528735633,1109.0286132607057,79.24137931034483,1075.5019232412455,80.32000000000001
69,1021.4267301152423,80.51724137931035,1066.3952832188827,76.05747126436782,1134.4463940460048,88.2367816091954,968.5047880763884,71.99080459770114,1109.0286132607057,72.01379310344828,1059.9603617434448,77.7632183908046
70,1021.4267301152423,78.71724137931035,1066.3952832188827,72.50114942528735,1134.4463940460048,88.45517241379311,968.5047880763884,69.79310344827586,1109.0286132607057,88.15402298850574,1059.9603617434448,79.52413793103449
71,1021.4267301152423,71.85747126436782,1066.3952832188827,77.3103448275862,1134.4463940460048,87.35402298850575,968.5047880763884,71.10344827586206,1109.0286132607057,86.0896551724138,1059.9603617434448,78.74298850574712
72,1021.4267301152423,80.48505747126437,1066.3952832188827,77.15862068965517,1134.4463940460048,86.43218390804597,968.5047880763884,71.16781609195402,1109.0286132607057,78.78620689655172,1059.9603617434448,78.80597701149426
73,1021.4267301152423,71.74022988505747,1066.3952832188827,67.97011494252874,1134.4463940460048,86.40229885057471,968.5047880763884,70.77241379310345,1109.0286132607057,87.62068965517241,1059.9603617434448,76.90114942528734
74,1021.4267301152423,69.94712643678162,1037.2024059301655,67.3287356321839,1134.4463940460048,83.05287356321838,968.5047880763884,59.51034482758621,1109.0286132607057,82.40919540229885,1054.1217862857015,72.4496551724138
75,1021.4267301152423,64.59310344827587,1037.2024059301655,84.73333333333333,1134.4463940460048,85.76551724137931,968.5047880763884,63.43448275862069,1109.0286132607057,80.00459770114942,1054.1217862857015,75.70620689655172
76,1021.4267301152423,78.40459770114943,1037.2024059301655,75.48735632183909,1134.4463940460048,86.06436781609196,968.5047880763884,68.10114942528736,1109.0286132607057,83.57701149425287,1054.1217862857015,78.32689655172413
77,1021.4267301152423,75.13793103448276,1037.2024059301655,78.2551724137931,1093.9847199852884,86.00229885057472,968.5047880763884,60.17701149425287,1109.0286132607057,80.2,1046.0294514735583,75.95448275862068
78,1021.4267301152423,70.50804597701149,1037.2024059301655,71.62298850574713,1093.9847199852884,86.73563218390805,968.5047880763884,64.34712643678161,1109.0286132607057,79.19770114942528,1046.0294514735583,74.48229885057472
79,1021.4267301152423,74.37241379310345,1037.2024059301655,75.80689655172414,1093.9847199852884,88.81149425287356,968.5047880763884,44.714942528735634,1109.0286132607057,82.22528735632184,1046.0294514735583,73.18620689655172
80,1021.4267301152423,73.90114942528736,1037.2024059301655,69.84597701149426,1093.9847199852884,87.24827586206897,968.5047880763884,47.855172413793106,1109.0286132607057,78.66436781609195,1046.0294514735583,71.50298850574714
81,1021.4267301152423,80.74252873563218,1023.1700663689256,42.9816091954023,1093.9847199852884,88.71954022988506,968.5047880763884,53.36091954022989,1109.0286132607057,81.01379310344828,1043.22298356131,69.36367816091953
82,1021.4267301152423,79.1816091954023,1022.9957963175721,50.62988505747126,1093.9847199852884,89.85747126436782,968.5047880763884,52.88505747126437,1109.0286132607057,81.79540229885058,1043.1881295510393,70.86988505747127
83,1021.4267301152423,80.41609195402299,1022.9957963175721,59.0367816091954,1093.9847199852884,87.63908045977011,968.5047880763884,59.289655172413795,1109.0286132607057,79.9264367816092,1043.1881295510393,73.2616091954023
84,1021.4267301152423,84.58850574712643,1022.9957963175721,52.845977011494256,1093.9847199852884,86.75862068965517,968.5047880763884,58.44827586206897,1109.0286132607057,80.08735632183908,1043.1881295510393,72.54574712643678
85,1021.4267301152423,81.52183908045977,1021.8010495289332,57.229885057471265,1093.9847199852884,80.03448275862068,968.5047880763884,65.4,1109.0286132607057,81.09885057471264,1042.9491801933116,73.05701149425288
86,1021.4267301152423,80.02068965517242,1021.8010495289332,50.06206896551724,1093.9847199852884,81.8919540229885,968.5047880763884,53.351724137931036,1109.0286132607057,76.95402298850574,1042.9491801933116,68.456091954023
87,1021.4267301152423,80.83218390804598,1021.8010495289332,46.172413793103445,1093.9847199852884,79.99080459770114,968.5047880763884,57.657471264367814,1062.3406144588855,79.69885057471264,1033.6115804329474,68.8703448275862
88,1021.4267301152423,76.06896551724138,1021.8010495289332,50.05747126436781,1093.9847199852884,83.96091954022988,968.5047880763884,52.16551724137931,1062.3406144588855,78.0183908045977,1033.6115804329474,68.05425287356321
89,1021.4267301152423,78.37471264367817,1021.8010495289332,57.47586206896552,1093.9847199852884,81.0367816091954,968.5047880763884,53.44367816091954,1058.680134523543,77.05287356321838,1032.879484445879,69.4767816091954
90,1021.4267301152423,68.45057471264367,1021.8010495289332,58.9080459770115,1093.9847199852884,80.11494252873563,968.5047880763884,55.50114942528736,1058.680134523543,80.22068965517241,1032.879484445879,68.6390804597701
91,1021.4267301152423,72.92183908045978,1021.8010495289332,57.94712643678161,1093.9847199852884,81.29655172413793,968.5047880763884,55.11954022988506,1058.680134523543,76.49195402298851,1032.879484445879,68.75540229885057
92,1021.4267301152423,76.22758620689655,1021.8010495289332,62.708045977011494,1093.9847199852884,83.68045977011494,968.5047880763884,51.179310344827584,1058.680134523543,73.9264367816092,1032.879484445879,69.54436781609195
93,1021.4267301152423,77.33333333333333,1021.8010495289332,65.96781609195402,1093.9847199852884,82.39080459770115,968.5047880763884,48.747126436781606,1058.680134523543,79.00689655172414,1032.879484445879,70.68919540229885
94,1021.4267301152423,74.62068965517241,1019.3730093228983,62.793103448275865,1050.1951196522784,78.43448275862069,968.5047880763884,69.24827586206897,1037.0521838141403,80.3632183908046,1019.3103661961895,73.09195402298852
95,1021.4267301152423,68.86666666666666,1019.3730093228983,69.94942528735632,1050.1951196522784,75.42528735632185,968.5047880763884,58.49425287356322,1037.0521838141403,76.0183908045977,1019.3103661961895,69.75080459770115
96,1021.4267301152423,69.97011494252874,1019.3730093228983,69.82988505747126,1050.1951196522784,77.27586206896552,968.5047880763884,58.26896551724138,1037.0521838141403,77.47586206896551,1019.3103661961895,70.56413793103448
97,1021.4267301152423,67.51264367816091,1007.8575552754645,71.53793103448275,1050.1951196522784,79.15632183908046,968.5047880763884,46.57011494252873,1037.0521838141403,74.94712643678162,1017.0072753867029,67.9448275862069
98,1021.4267301152423,68.27126436781609,1007.8575552754645,72.9632183908046,1050.1951196522784,79.57931034482759,968.5047880763884,49.5816091954023,1037.0521838141403,76.44137931034483,1017.0072753867029,69.36735632183908
99,1021.4267301152423,65.48275862068965,1007.8575552754645,73.0919540229885,1050.1951196522784,84.55172413793103,968.5047880763884,59.770114942528735,1037.0521838141403,71.94942528735632,1017.0072753867029,70.96919540229885
100,1021.4267301152423,75.74712643678161,1007.8575552754645,79.08735632183908,1050.1951196522784,84.49425287356321,968.5047880763884,51.793103448275865,1037.0521838141403,70.62068965517241,1017.0072753867029,72.34850574712644
101,1021.4267301152423,72.91264367816092,1007.8575552754645,74.44827586206897,1050.1951196522784,85.9816091954023,968.5047880763884,54.54712643678161,1037.0521838141403,72.63908045977011,1017.0072753867029,72.10574712643678
102,1021.4267301152423,78.8,1007.8575552754645,64.53103448275863,1050.1951196522784,83.54252873563219,968.5047880763884,59.751724137931035,1037.0521838141403,69.48505747126437,1017.0072753867029,71.22206896551725
103,1021.4267301152423,74.28275862068965,1007.8575552754645,64.82068965517242,1050.1951196522784,81.50114942528735,968.5047880763884,59.94252873563219,1037.0521838141403,71.88275862068966,1017.0072753867029,70.48597701149427
104,1021.4267301152423,78.68505747126437,1007.8575552754645,47.89655172413793,1050.1951196522784,78.2735632183908,968.5047880763884,64.37471264367817,1037.0521838141403,70.36091954022989,1017.0072753867029,67.91816091954023
105,1021.4267301152423,82.4,1007.8575552754645,39.55862068965517,1050.1951196522784,82.34712643678161,968.5047880763884,56.86206896551724,1037.0521838141403,68.58620689655173,1017.0072753867029,65.95080459770115
106,1021.4267301152423,81.94022988505748,1007.8575552754645,50.92183908045977,1050.1951196522784,80.01379310344828,968.5047880763884,61.39770114942529,1037.0521838141403,66.11954022988506,1017.0072753867029,68.07862068965517
107,1021.4267301152423,77.87816091954024,1007.8575552754645,49.889655172413796,1050.1951196522784,84.62528735632183,968.5047880763884,55.206896551724135,1037.0521838141403,69.48505747126437,1017.0072753867029,67.41701149425288
108,1021.4267301152423,77.06436781609196,1007.8575552754645,43.53793103448276,1050.1951196522784,84.69195402298851,968.5047880763884,64.51034482758621,1037.0521838141403,70.0896551724138,1017.0072753867029,67.97885057471265
109,1021.4267301152423,79.8919540229885,1007.8575552754645,32.91954022988506,1050.1951196522784,80.62298850574713,968.5047880763884,56.40919540229885,1037.0521838141403,67.14942528735632,1017.0072753867029,63.398620689655175
110,1021.4267301152423,83.77241379310345,1007.8575552754645,50.280459770114945,1050.1951196522784,73.1080459770115,968.5047880763884,63.09425287356322,1037.0521838141403,73.7264367816092,1017.0072753867029,68.79632183908046
111,1021.4267301152423,78.71494252873563,1007.8575552754645,46.5816091954023,1050.1951196522784,72.41149425287357,968.5047880763884,60.38620689655173,1037.0521838141403,70.88275862068966,1017.0072753867029,65.79540229885058
112,1021.4267301152423,77.88275862068966,1007.8575552754645,49.271264367816094,1050.1951196522784,57.52873563218391,968.5047880763884,58.01609195402299,1037.0521838141403,65.65747126436781,1017.0072753867029,61.67126436781609
113,1021.4267301152423,82.67356321839081,1007.8575552754645,31.00689655172414,1050.1951196522784,58.99080459770115,968.5047880763884,54.255172413793105,1037.0521838141403,44.813793103448276,1017.0072753867029,54.348045977011495
114,1021.4267301152423,76.87586206896552,1007.8575552754645,39.710344827586205,1050.1951196522784,70.8183908045977,968.5047880763884,58.57011494252873,1037.0521838141403,51.188505747126435,1017.0072753867029,59.432643678160915
115,1021.4267301152423,78.86206896551724,1007.8575552754645,32.666666666666664,1050.1951196522784,57.170114942528734,968.5047880763884,55.144827586206894,1037.0521838141403,59.84367816091954,1017.0072753867029,56.73747126436781
116,1021.4267301152423,83.64367816091954,1007.8575552754645,36.7816091954023,1050.1951196522784,58.179310344827584,968.5047880763884,49.252873563218394,1016.8787954839463,41.7816091954023,1012.9725977206641,53.92781609195403
117,1021.4267301152423,81.20919540229885,1007.8575552754645,43.04827586206896,1050.1951196522784,60.377011494252876,968.5047880763884,58.03218390804598,1016.8787954839463,38.35632183908046,1012.9725977206641,56.20459770114943
118,1021.4267301152423,83.12413793103448,1007.8575552754645,28.63448275862069,1050.1951196522784,61.46206896551724,968.5047880763884,54.54712643678161,1016.8787954839463,35.36551724137931,1012.9725977206641,52.626666666666665
119,1021.4267301152423,81.79540229885058,1007.8575552754645,31.72873563218391,1050.1951196522784,58.648275862068964,968.5047880763884,64.14022988505747,1016.8787954839463,37.92413793103448,1012.9725977206641,54.84735632183909
120,1021.4267301152423,74.81379310344828,1007.8575552754645,29.65977011494253,1050.1951196522784,59.6551724137931,968.5047880763884,74.45977011494253,1016.8787954839463,34.48275862068966,1012.9725977206641,54.614252873563224
121,1021.4267301152423,75.50804597701149,1007.8575552754645,29.67816091954023,1050.1951196522784,65.13563218390804,968.5047880763884,64.62758620689655,1016.8787954839463,52.3632183908046,1012.9725977206641,57.462528735632176
122,1021.4267301152423,81.13333333333334,1007.8575552754645,22.604597701149427,1050.1951196522784,60.691954022988504,968.5047880763884,69.45747126436781,1016.8787954839463,42.296551724137935,1012.9725977206641,55.236781609195404
123,1021.4267301152423,79.74942528735632,1007.8575552754645,14.616091954022988,1050.1951196522784,68.34252873563219,968.5047880763884,67.02528735632184,1016.8787954839463,47.01379310344828,1012.9725977206641,55.349425287356325
124,1005.3971373146696,84.38850574712643,1007.8575552754645,19.91264367816092,1050.1951196522784,69.82528735632184,968.5047880763884,69.32183908045977,1016.8787954839463,51.87126436781609,1009.7666791605495,59.06390804597701
125,1005.3971373146696,88.81149425287356,1007.8575552754645,26.285057471264366,1050.1951196522784,65.89655172413794,968.5047880763884,73.16091954022988,1016.8787954839463,55.59080459770115,1009.7666791605495,61.948965517241376
126,1005.3971373146696,83.1103448275862,1007.8575552754645,22.25287356321839,1050.1951196522784,69.89885057471264,968.5047880763884,61.4183908045977,1016.8787954839463,48.99310344827586,1009.7666791605495,57.13471264367816
127,1005.3971373146696,79.97241379310344,1007.8575552754645,18.298850574712645,1050.1951196522784,67.43908045977011,968.5047880763884,69.13333333333334,1016.8787954839463,37.51724137931034,1009.7666791605495,54.47218390804598
128,1005.3971373146696,82.20919540229885,1007.8575552754645,28.887356321839082,1050.1951196522784,67.39080459770115,968.5047880763884,75.39310344827587,1016.8787954839463,38.95172413793104,1009.7666791605495,58.5664367816092
129,1005.3971373146696,79.47586206896551,1007.8575552754645,21.901149425287358,1050.1951196522784,58.94942528735632,968.5047880763884,65.7264367816092,1016.8787954839463,29.570114942528736,1009.7666791605495,51.124597701149426
130,1005.3971373146696,74.1287356321839,1007.8575552754645,27.98390804597701,1050.1951196522784,57.15632183908046,968.5047880763884,69.78850574712644,1016.8787954839463,29.80919540229885,1009.7666791605495,51.77333333333333
131,1005.3971373146696,65.1816091954023,1007.8575552754645,23.58390804597701,1050.1951196522784,65.60919540229885,968.5047880763884,78.14022988505747,1016.8787954839463,35.34712643678161,1009.7666791605495,53.57241379310344
132,1005.3971373146696,67.49655172413793,1007.8575552754645,30.080459770114942,1050.1951196522784,51.252873563218394,968.5047880763884,68.84597701149426,1016.8787954839463,31.7816091954023,1009.7666791605495,49.891494252873564
133,1005.3971373146696,68.04597701149426,1007.8575552754645,28.862068965517242,1050.1951196522784,66.37931034482759,968.5047880763884,73.8919540229885,1016.8787954839463,17.347126436781608,1009.7666791605495,50.905287356321836
134,1005.3971373146696,73.26896551724138,1007.8575552754645,13.370114942528735,1050.1951196522784,60.765517241379314,968.5047880763884,55.63448275862069,1016.8787954839463,15.213793103448277,1009.7666791605495,43.65057471264368
135,1005.3971373146696,73.4183908045977,1007.8575552754645,14.675862068965516,1050.1951196522784,46.154022988505744,968.5047880763884,36.9264367816092,1016.8787954839463,30.836781609195402,1009.7666791605495,40.40229885057472
136,1005.3971373146696,71.76091954022988,1007.8575552754645,29.213793103448275,1050.1951196522784,57.99310344827586,968.5047880763884,34.685057471264365,1016.8787954839463,43.227586206896554,1009.7666791605495,47.37609195402298
137,1005.3971373146696,68.89655172413794,1007.8575552754645,20.418390804597703,1050.1951196522784,47.95172413793104,968.5047880763884,31.02758620689655,1016.8787954839463,34.05747126436781,1009.7666791605495,40.47034482758621
138,1005.3971373146696,72.05977011494252,1007.8575552754645,32.99310344827586,1050.1951196522784,55.232183908045975,968.5047880763884,30.875862068965517,1016.8787954839463,35.43908045977012,1009.7666791605495,45.32
139,1005.3971373146696,70.90574712643678,1007.8575552754645,30.919540229885058,1050.1951196522784,54.86206896551724,968.5047880763884,40.55172413793103,1016.8787954839463,19.45057471264368,1009.7666791605495,43.33793103448276
140,1005.3971373146696,68.77011494252874,1007.8575552754645,36.09425287356322,1050.1951196522784,58.765517241379314,968.5047880763884,32.229885057471265,1016.8787954839463,30.20919540229885,1009.7666791605495,45.21379310344828
141,1005.3971373146696,67.26206896551724,1007.8575552754645,31.06206896551724,1050.1951196522784,51.232183908045975,968.5047880763884,26.850574712643677,1016.8787954839463,29.30344827586207,1009.7666791605495,41.14206896551724
142,1005.3971373146696,68.67586206896551,1007.8575552754645,24.25287356321839,1050.1951196522784,54.774712643678164,968.5047880763884,55.8183908045977,1016.8787954839463,24.22528735632184,1009.7666791605495,45.54942528735632
143,1005.3971373146696,71.56551724137931,1007.8575552754645,19.324137931034482,1050.1951196522784,54.351724137931036,968.5047880763884,44.804597701149426,1016.8787954839463,46.04597701149425,1009.7666791605495,47.218390804597696
144,1005.3971373146696,71.37931034482759,1007.8575552754645,17.34022988505747,1050.1951196522784,63.795402298850576,968.5047880763884,55.719540229885055,1016.8787954839463,35.820689655172416,1009.7666791605495,48.81103448275862
145,1005.3971373146696,62.89425287356322,1007.8575552754645,31.839080459770116,1050.1951196522784,69.53793103448275,968.5047880763884,44.845977011494256,1016.8787954839463,30.048275862068966,1009.7666791605495,47.833103448275864
146,1005.3971373146696,63.90114942528736,1007.8575552754645,41.97471264367816,1050.1951196522784,67.57011494252873,968.5047880763884,45.50344827586207,1016.8787954839463,31.69655172413793,1009.7666791605495,50.12919540229885
147,1005.3971373146696,71.80919540229885,1007.8575552754645,24.186206896551724,1050.1951196522784,75.98390804597702,968.5047880763884,55.685057471264365,1016.8787954839463,26.089655172413792,1009.7666791605495,50.75080459770115
148,1005.3971373146696,58.4551724137931,1007.8575552754645,40.0,1050.1951196522784,76.85747126436782,968.5047880763884,35.56551724137931,1016.8787954839463,21.933333333333334,1009.7666791605495,46.56229885057471
149,1005.3971373146696,68.21149425287356,1007.8575552754645,39.52643678160919,1050.1951196522784,76.51034482758621,968.5047880763884,47.864367816091956,1016.8787954839463,33.47586206896552,1009.7666791605495,53.11770114942529
150,1005.3971373146696,72.46666666666667,1007.8575552754645,31.767816091954025,1050.1951196522784,80.37931034482759,968.5047880763884,44.195402298850574,1016.8787954839463,28.275862068965516,1009.7666791605495,51.41701149425287
151,1005.3971373146696,72.51954022988505,1007.8575552754645,44.34712643678161,1050.1951196522784,71.91494252873564,968.5047880763884,43.51494252873563,1016.8787954839463,52.0367816091954,1009.7666791605495,56.866666666666674
152,1005.3971373146696,58.266666666666666,1007.8575552754645,36.48735632183908,1050.1951196522784,72.1448275862069,968.5047880763884,37.89885057471265,1016.8787954839463,49.50114942528736,1009.7666791605495,50.85977011494253
153,1005.3971373146696,50.737931034482756,1007.8575552754645,38.301149425287356,1050.1951196522784,70.03218390804598,968.5047880763884,49.91724137931035,1016.8787954839463,30.20919540229885,1009.7666791605495,47.83954022988506
154,1005.3971373146696,50.367816091954026,1007.8575552754645,39.16551724137931,1050.1951196522784,66.02068965517242,968.5047880763884,57.95172413793104,1016.8787954839463,37.39770114942529,1009.7666791605495,50.18068965517242
155,1005.3971373146696,62.06666666666667,1007.8575552754645,36.632183908045974,1050.1951196522784,69.68045977011494,968.5047880763884,57.285057471264366,1016.8787954839463,25.232183908045975,1009.7666791605495,50.179310344827584
156,1005.3971373146696,54.675862068965515,1007.8575552754645,55.86896551724138,1050.1951196522784,72.53563218390805,968.5047880763884,64.00229885057472,1016.8787954839463,36.59770114942529,1009.7666791605495,56.736091954022996
157,1005.3971373146696,55.06666666666667,1007.8575552754645,47.47586206896552,1050.1951196522784,75.40459770114943,968.5047880763884,48.87586206896552,1016.8787954839463,24.724137931034484,1009.7666791605495,50.30942528735632
158,1005.3971373146696,58.59540229885057,1007.8575552754645,58.33563218390805,1050.1951196522784,76.31264367816092,968.5047880763884,38.09655172413793,1016.8787954839463,29.508045977011495,1009.7666791605495,52.1696551724138
159,1005.3971373146696,45.59540229885057,1007.8575552754645,62.88505747126437,1050.1951196522784,72.24367816091954,968.5047880763884,41.59310344827586,1016.8787954839463,32.91264367816092,1009.7666791605495,51.04597701149425
160,1005.3971373146696,53.35632183908046,971.0753212280646,77.4367816091954,1050.1951196522784,71.02988505747126,968.5047880763884,45.802298850574715,1016.8787954839463,30.652873563218392,1002.4102323510695,55.655632183908054
161,1005.3971373146696,47.64597701149425,971.0753212280646,74.00229885057472,1050.1951196522784,69.10574712643678,968.5047880763884,58.38390804597701,1016.8787954839463,33.45287356321839,1002.4102323510695,56.51816091954024
162,1005.3971373146696,47.79080459770115,971.0753212280646,75.56551724137931,1050.1951196522784,57.97931034482759,968.5047880763884,38.45287356321839,1016.8787954839463,39.90574712643678,1002.4102323510695,51.93885057471264
163,1005.3971373146696,49.740229885057474,971.0753212280646,78.51264367816091,1050.1951196522784,62.691954022988504,968.5047880763884,49.55862068965517,1016.8787954839463,35.772413793103446,1002.4102323510695,55.255172413793105
164,1005.3971373146696,40.52643678160919,971.0753212280646,65.75402298850575,1050.1951196522784,53.783908045977014,968.5047880763884,32.90344827586207,1016.8787954839463,36.88275862068966,1002.4102323510695,45.97011494252874
165,1005.3971373146696,31.894252873563218,971.0753212280646,47.54942528735632,1050.1951196522784,64.7080459770115,968.5047880763884,42.46436781609195,1016.8787954839463,38.20919540229885,1002.4102323510695,44.965057471264366
166,1005.3971373146696,27.986206896551725,971.0753212280646,49.97701149425287,1050.1951196522784,60.188505747126435,968.5047880763884,29.526436781609195,1016.8787954839463,40.61609195402299,1002.4102323510695,41.658850574712645
167,1005.3971373146696,23.68505747126437,971.0753212280646,55.83448275862069,1050.1951196522784,63.91034482758621,968.5047880763884,28.08735632183908,1016.8787954839463,43.673563218390804,1002.4102323510695,43.03816091954023
168,1005.3971373146696,27.381609195402298,971.0753212280646,60.09885057471264,1050.1951196522784,60.367816091954026,968.5047880763884,29.310344827586206,1016.8787954839463,54.144827586206894,1002.4102323510695,46.26068965517242
169,1005.3971373146696,27.489655172413794,971.0753212280646,32.324137931034485,1050.1951196522784,63.44137931034483,968.5047880763884,28.47586206896552,1016.8787954839463,58.06436781609195,1002.4102323510695,41.959080459770114
170,1005.3971373146696,30.66896551724138,971.0753212280646,54.301149425287356,1050.1951196522784,63.48735632183908,968.5047880763884,32.39080459770115,1016.8787954839463,46.3448275862069,1002.4102323510695,45.438620689655174
171,1005.3971373146696,26.763218390804596,971.0753212280646,49.02528735632184,1050.1951196522784,58.2183908045977,968.5047880763884,13.570114942528736,981.4893862370955,51.31264367816092,995.3323505016994,39.77793103448276
172,1005.3971373146696,36.85287356321839,971.0753212280646,55.88275862068966,1050.1951196522784,57.641379310344824,968.5047880763884,10.117241379310345,981.4893862370955,55.13103448275862,995.3323505016994,43.12505747126437
173,1005.3971373146696,37.813793103448276,971.0753212280646,48.24367816091954,1050.1951196522784,50.51954022988506,968.5047880763884,19.2183908045977,981.4893862370955,51.41609195402299,995.3323505016994,41.442298850574716
174,1005.3971373146696,35.53563218390805,971.0753212280646,46.94942528735632,1050.1951196522784,55.16781609195402,968.5047880763884,34.839080459770116,981.4893862370955,40.324137931034485,995.3323505016994,42.56321839080461
175,1005.3971373146696,36.90574712643678,971.0753212280646,48.44137931034483,1050.1951196522784,64.58620689655173,968.5047880763884,16.24367816091954,980.4253284375951,27.797701149425286,995.1195389417993,38.79494252873563
176,1005.3971373146696,37.75632183908046,971.0753212280646,44.09885057471264,1050.1951196522784,57.51264367816092,968.5047880763884,19.779310344827586,980.4253284375951,34.98620689655172,995.1195389417993,38.82666666666667
177,1005.3971373146696,37.34022988505747,971.0753212280646,43.11494252873563,1050.1951196522784,72.87586206896552,968.5047880763884,19.42528735632184,973.6695550766735,27.32183908045977,993.7683842696149,40.01563218390804
178,1005.3971373146696,22.648275862068967,971.0753212280646,53.714942528735634,1050.1951196522784,64.01149425287356,968.5047880763884,35.42298850574713,973.6695550766735,26.56551724137931,993.7683842696149,40.47264367816092
179,1005.3971373146696,27.80919540229885,971.0753212280646,53.58850574712644,1050.1951196522784,70.01609195402298,968.5047880763884,41.9816091954023,973.6695550766735,19.52413793103448,993.7683842696149,42.58390804597701
180,1005.3971373146696,26.372413793103448,971.0753212280646,54.32183908045977,1050.1951196522784,63.19080459770115,968.5047880763884,49.110344827586204,961.0267047897529,22.151724137931033,991.2398142122308,43.02942528735632
181,1005.3971373146696,38.49425287356322,971.0753212280646,43.49655172413793,1050.1951196522784,69.37931034482759,968.5047880763884,47.45287356321839,961.0267047897529,32.37931034482759,991.2398142122308,46.240459770114946
182,1005.3971373146696,51.42988505747127,971.0753212280646,50.92183908045977,1050.1951196522784,70.93103448275862,968.5047880763884,43.62758620689655,961.0267047897529,23.05287356321839,991.2398142122308,47.99264367816092
183,1005.3971373146696,46.186206896551724,971.0753212280646,54.31954022988506,1050.1951196522784,69.45977011494253,968.5047880763884,55.10574712643678,961.0267047897529,38.273563218390805,991.2398142122308,52.668965517241375
184,1005.3971373146696,40.08045977011494,971.0753212280646,58.170114942528734,1050.1951196522784,64.82298850574712,968.5047880763884,51.57931034482758,961.0267047897529,30.726436781609195,991.2398142122308,49.07586206896551
185,1005.3971373146696,34.35402298850575,971.0753212280646,72.68505747126437,1050.1951196522784,60.60689655172414,968.5047880763884,52.95172413793104,961.0267047897529,39.11494252873563,991.2398142122308,51.94252873563219
186,1005.3971373146696,47.50574712643678,971.0753212280646,64.48505747126437,1050.1951196522784,62.44597701149425,968.5047880763884,51.87586206896552,961.0267047897529,34.01149425287356,991.2398142122308,52.0648275862069
187,1005.3971373146696,40.08735632183908,971.0753212280646,74.67586206896551,1050.1951196522784,78.5632183908046,968.5047880763884,61.73103448275862,961.0267047897529,35.69655172413793,991.2398142122308,58.15080459770114
188,1005.3971373146696,28.627586206896552,971.0753212280646,70.81149425287356,1050.1951196522784,68.31724137931035,968.5047880763884,51.52413793103448,961.0267047897529,57.12643678160919,991.2398142122308,55.281379310344825
189,1005.3971373146696,37.774712643678164,971.0753212280646,69.46666666666667,1050.1951196522784,67.93333333333334,968.5047880763884,50.51954022988506,961.0267047897529,34.51494252873563,991.2398142122308,52.04183908045977
190,1005.3971373146696,30.54942528735632,971.0753212280646,70.58620689655173,1050.1951196522784,65.87586206896552,968.5047880763884,51.80689655172414,961.0267047897529,30.53103448275862,991.2398142122308,49.869885057471265
191,1005.3971373146696,55.19310344827586,971.0753212280646,67.62988505747127,1047.9566512718457,69.33103448275862,968.5047880763884,56.92183908045977,961.0267047897529,44.12413793103448,990.7921205361442,58.64
192,1005.3971373146696,45.257471264367815,971.0753212280646,66.28735632183908,1047.9566512718457,68.50574712643679,968.5047880763884,56.50574712643678,961.0267047897529,39.49195402298851,990.7921205361442,55.2096551724138
193,1005.3971373146696,42.47586206896552,971.0753212280646,71.82758620689656,1047.9566512718457,63.36091954022989,968.5047880763884,42.820689655172416,961.0267047897529,32.19310344827586,990.7921205361442,50.53563218390805
194,1005.3971373146696,55.163218390804595,971.0753212280646,64.0735632183908,1045.2547017910065,69.94252873563218,968.5047880763884,42.61379310344827,961.0267047897529,34.749425287356324,990.2517306399765,53.30850574712643
195,1005.3971373146696,57.15632183908046,971.0753212280646,79.3103448275862,1045.2547017910065,68.22758620689655,968.5047880763884,39.64367816091954,961.0267047897529,33.67816091954023,990.2517306399765,55.60321839080459
196,1005.3971373146696,52.05057471264368,971.0753212280646,80.35632183908046,1045.2547017910065,68.0183908045977,968.5047880763884,39.39080459770115,961.0267047897529,41.98620689655172,990.2517306399765,56.36045977011495
197,1005.3971373146696,51.60459770114942,971.0753212280646,84.97701149425288,1045.2547017910065,76.91264367816092,968.5047880763884,41.135632183908044,961.0267047897529,35.87126436781609,990.2517306399765,58.100229885057466
198,1005.3971373146696,63.45057471264368,971.0753212280646,83.86206896551724,1045.2547017910065,71.39310344827587,968.5047880763884,38.788505747126436,961.0267047897529,27.666666666666668,990.2517306399765,57.03218390804599
199,1005.3971373146696,59.37011494252874,971.0753212280646,86.90574712643678,1045.2547017910065,72.9264367816092,968.5047880763884,32.57471264367816,961.0267047897529,33.08275862068965,990.2517306399765,56.971954022988506
200,1005.3971373146696,54.13103448275862,971.0753212280646,84.84597701149426,1025.6594570310874,73.06666666666666,968.5047880763884,36.666666666666664,961.0267047897529,29.498850574712645,986.3326816879928,55.641839080459775
201,1005.3971373146696,41.30344827586207,971.0753212280646,84.99770114942528,1025.6594570310874,72.79080459770115,968.5047880763884,29.064367816091956,961.0267047897529,24.850574712643677,986.3326816879928,50.601379310344825
202,1005.3971373146696,52.2,971.0753212280646,86.65747126436781,1014.2293861953415,68.6183908045977,968.5047880763884,43.797701149425286,961.0267047897529,25.418390804597703,984.0466675208436,55.3383908045977
203,1005.3971373146696,61.48275862068966,971.0753212280646,86.11724137931034,1014.2293861953415,68.86206896551724,968.5047880763884,22.151724137931033,961.0267047897529,28.760919540229885,984.0466675208436,53.47494252873563
204,1005.3971373146696,63.308045977011496,971.0753212280646,86.27816091954023,1014.2293861953415,71.49425287356321,968.5047880763884,44.97701149425287,961.0267047897529,28.71264367816092,984.0466675208436,58.95402298850574
205,1005.3971373146696,55.28735632183908,971.0753212280646,88.86896551724138,1014.2293861953415,64.97701149425288,968.5047880763884,35.60459770114942,961.0267047897529,28.310344827586206,984.0466675208436,54.609655172413795
206,1005.3971373146696,56.92873563218391,971.0753212280646,87.95862068965518,1014.2293861953415,70.24597701149425,968.5047880763884,48.889655172413796,961.0267047897529,15.533333333333333,984.0466675208436,55.91126436781609
207,1005.3971373146696,64.5632183908046,971.0753212280646,85.34022988505747,1014.2293861953415,72.67586206896551,968.5047880763884,41.275862068965516,961.0267047897529,18.848275862068967,984.0466675208436,56.540689655172415
208,1005.3971373146696,59.93333333333333,971.0753212280646,85.51034482758621,1014.2293861953415,72.73793103448276,968.5047880763884,39.255172413793105,961.0267047897529,15.666666666666666,984.0466675208436,54.62068965517242
209,1005.3971373146696,64.87586206896552,971.0753212280646,87.0919540229885,1014.2293861953415,76.71954022988506,968.5047880763884,43.06896551724138,961.0267047897529,14.726436781609195,984.0466675208436,57.29655172413794
210,1005.3971373146696,67.61379310344827,971.0753212280646,88.10114942528736,1014.2293861953415,76.33563218390805,968.5047880763884,46.9448275862069,961.0267047897529,28.47816091954023,984.0466675208436,61.49471264367817
211,1005.3971373146696,63.97701149425287,971.0753212280646,84.66896551724138,1014.2293861953415,79.5816091954023,968.5047880763884,49.51264367816092,961.0267047897529,16.406896551724138,984.0466675208436,58.82942528735632
212,1005.3971373146696,64.1448275862069,971.0753212280646,81.84597701149426,1014.2293861953415,76.77241379310345,968.5047880763884,49.93333333333333,961.0267047897529,17.829885057471266,984.0466675208436,58.10528735632183
213,1005.3971373146696,66.1816091954023,971.0753212280646,78.74942528735632,1014.2293861953415,78.50804597701149,968.5047880763884,53.763218390804596,961.0267047897529,21.510344827586206,984.0466675208436,59.74252873563218
214,1005.3971373146696,70.60459770114943,971.0753212280646,79.6896551724138,1014.2293861953415,76.17011494252874,968.5047880763884,46.38390804597701,961.0267047897529,24.71954022988506,984.0466675208436,59.513563218390814
215,1005.3971373146696,65.8,971.0753212280646,76.42758620689655,1014.2293861953415,78.72873563218391,968.5047880763884,47.87126436781609,961.0267047897529,27.613793103448277,984.0466675208436,59.28827586206897
216,1005.3971373146696,65.08045977011494,971.0753212280646,70.69655172413793,1014.2293861953415,73.8344827586207,968.5047880763884,56.733333333333334,961.0267047897529,21.602298850574712,984.0466675208436,57.58942528735632
217,1005.3971373146696,64.99310344827586,971.0753212280646,69.68735632183908,1014.2293861953415,76.03218390804598,968.5047880763884,36.85057471264368,961.0267047897529,24.34022988505747,984.0466675208436,54.38068965517241
218,1005.3971373146696,55.733333333333334,971.0753212280646,67.07586206896552,1014.2293861953415,71.67356321839081,968.5047880763884,46.88045977011494,961.0267047897529,30.717241379310344,984.0466675208436,54.41609195402299
219,1005.3971373146696,64.24137931034483,971.0753212280646,74.48045977011495,1014.2293861953415,66.78390804597701,968.5047880763884,49.11724137931034,961.0267047897529,31.77241379310345,984.0466675208436,57.279080459770114
220,1005.3971373146696,46.377011494252876,971.0753212280646,77.8344827586207,1014.2293861953415,71.2,968.5047880763884,51.13103448275862,961.0267047897529,32.16551724137931,984.0466675208436,55.741609195402305
221,1005.3971373146696,62.93333333333333,971.0753212280646,73.81149425287356,1014.2293861953415,74.8735632183908,968.5047880763884,32.754022988505746,961.0267047897529,41.88735632183908,984.0466675208436,57.2519540229885
222,1005.3971373146696,51.9264367816092,971.0753212280646,76.34252873563219,1014.2293861953415,72.4367816091954,968.5047880763884,38.43218390804598,961.0267047897529,51.37011494252874,984.0466675208436,58.1016091954023
223,1005.3971373146696,49.66896551724138,971.0753212280646,74.42298850574713,1014.2293861953415,69.6367816091954,968.5047880763884,33.66206896551724,961.0267047897529,39.42068965517242,984.0466675208436,53.36229885057471
224,1005.3971373146696,66.01149425287356,971.0753212280646,77.8712643678161,1014.2293861953415,71.61609195402299,968.5047880763884,20.544827586206896,961.0267047897529,36.855172413793106,984.0466675208436,54.57977011494254
225,1005.3971373146696,62.657471264367814,971.0753212280646,73.27586206896552,1014.2293861953415,68.13563218390804,968.5047880763884,44.42758620689655,961.0267047897529,39.56551724137931,984.0466675208436,57.61241379310345
226,1005.3971373146696,55.206896551724135,971.0753212280646,71.65517241379311,1014.2293861953415,69.0183908045977,968.5047880763884,24.19770114942529,961.0267047897529,32.14712643678161,984.0466675208436,50.44505747126437
227,1005.3971373146696,66.33333333333333,971.0753212280646,70.28735632183908,1014.2293861953415,67.15172413793104,968.5047880763884,27.05287356321839,961.0267047897529,26.92873563218391,984.0466675208436,51.55080459770115
228,1005.3971373146696,59.02758620689655,971.0753212280646,71.43908045977011,1014.2293861953415,67.58620689655173,968.5047880763884,32.55402298850575,961.0267047897529,32.14252873563218,984.0466675208436,52.54988505747126
229,1005.3971373146696,62.03448275862069,971.0753212280646,62.63908045977011,1014.2293861953415,67.2551724137931,968.5047880763884,40.99540229885057,961.0267047897529,21.510344827586206,984.0466675208436,50.886896551724135
230,1005.3971373146696,62.85287356321839,971.0753212280646,66.20459770114942,1014.2293861953415,65.70574712643678,968.5047880763884,29.25057471264368,961.0267047897529,27.27126436781609,984.0466675208436,50.257011494252865
231,1005.3971373146696,61.259770114942526,971.0753212280646,66.97931034482758,1014.2293861953415,70.75632183908046,968.5047880763884,30.15632183908046,961.0267047897529,19.944827586206898,984.0466675208436,49.81931034482758
232,1005.3971373146696,66.61379310344827,971.0753212280646,62.48275862068966,1014.2293861953415,71.7977011494253,968.5047880763884,34.333333333333336,961.0267047897529,22.326436781609196,984.0466675208436,51.51080459770115
233,1005.3971373146696,67.7264367816092,971.0753212280646,51.70574712643678,1014.2293861953415,70.8896551724138,968.5047880763884,33.62068965517241,961.0267047897529,31.39080459770115,984.0466675208436,51.06666666666666
234,1005.3971373146696,63.38620689655173,971.0753212280646,38.234482758620686,1014.2293861953415,72.1080459770115,968.5047880763884,42.09655172413793,961.0267047897529,31.63448275862069,984.0466675208436,49.49195402298851
235,1005.3971373146696,63.225287356321836,971.0753212280646,41.99770114942529,1014.2293861953415,70.86436781609196,968.5047880763884,39.16781609195402,961.0267047897529,36.82298850574713,984.0466675208436,50.415632183908045
236,1005.3971373146696,65.75172413793103,971.0753212280646,52.41609195402299,1014.2293861953415,71.01379310344828,968.5047880763884,45.5448275862069,961.0267047897529,40.58850574712644,984.0466675208436,55.06298850574713
237,1005.3971373146696,72.25977011494253,971.0753212280646,64.21379310344828,1014.2293861953415,74.38850574712643,968.5047880763884,51.16781609195402,961.0267047897529,33.18390804597701,984.0466675208436,59.04275862068965
238,1005.3971373146696,67.49425287356321,971.0753212280646,56.724137931034484,1014.2293861953415,73.1471264367816,968.5047880763884,56.91264367816092,961.0267047897529,48.01149425287356,984.0466675208436,60.45793103448276
239,1005.3971373146696,66.91494252873564,971.0753212280646,54.186206896551724,1014.2293861953415,76.30574712643678,968.5047880763884,62.622988505747124,961.0267047897529,39.38850574712644,984.0466675208436,59.883678160919544
240,1005.3971373146696,71.47356321839081,971.0753212280646,51.49885057471264,1014.2293861953415,81.24827586206897,968.5047880763884,62.770114942528735,961.0267047897529,41.797701149425286,984.0466675208436,61.75770114942528
241,1005.3971373146696,67.19080459770115,971.0753212280646,51.83448275862069,1014.2293861953415,71.84597701149426,968.5047880763884,64.60229885057471,961.0267047897529,49.51954022988506,984.0466675208436,60.99862068965517
242,1005.3971373146696,65.97701149425288,971.0753212280646,64.88735632183908,1014.2293861953415,76.97701149425288,968.5047880763884,57.85747126436782,961.0267047897529,35.62988505747126,984.0466675208436,60.26574712643678
243,1005.3971373146696,47.59310344827586,971.0753212280646,63.59080459770115,1014.2293861953415,73.85977011494253,968.5047880763884,49.64597701149425,961.0267047897529,43.39080459770115,984.0466675208436,55.61609195402299
244,1005.3971373146696,49.51954022988506,971.0753212280646,53.804597701149426,1014.2293861953415,73.65287356321839,968.5047880763884,52.9448275862069,961.0267047897529,39.367816091954026,984.0466675208436,53.85793103448276
245,1005.3971373146696,59.19310344827586,971.0753212280646,59.24367816091954,1014.2293861953415,71.43908045977011,968.5047880763884,47.6367816091954,961.0267047897529,32.02528735632184,984.0466675208436,53.90758620689655
246,1005.3971373146696,69.26206896551724,971.0753212280646,63.774712643678164,1014.2293861953415,70.38390804597701,968.5047880763884,56.86896551724138,961.0267047897529,43.40919540229885,984.0466675208436,60.739770114942516
247,1005.3971373146696,57.00689655172414,971.0753212280646,62.33563218390805,1014.2293861953415,68.85977011494253,968.5047880763884,53.225287356321836,961.0267047897529,44.87356321839081,984.0466675208436,57.26022988505747
248,1005.3971373146696,65.1632183908046,971.0753212280646,64.3632183908046,1014.2293861953415,73.17701149425288,968.5047880763884,65.48275862068965,961.0267047897529,52.46896551724138,984.0466675208436,64.13103448275862
249,1005.3971373146696,48.51954022988506,971.0753212280646,67.49885057471265,1014.2293861953415,69.00229885057472,968.5047880763884,48.301149425287356,961.0267047897529,64.84367816091954,984.0466675208436,59.63310344827586
250,1005.3971373146696,61.767816091954025,971.0753212280646,67.03908045977012,1014.2293861953415,69.06206896551724,968.5047880763884,52.65287356321839,961.0267047897529,65.41609195402299,984.0466675208436,63.18758620689656
251,1005.3971373146696,50.889655172413796,971.0753212280646,71.82068965517242,1014.2293861953415,70.25287356321839,968.5047880763884,55.717241379310344,961.0267047897529,63.49425287356322,984.0466675208436,62.43494252873563
252,1005.3971373146696,43.747126436781606,971.0753212280646,73.40229885057471,1014.2293861953415,65.83218390804598,968.5047880763884,44.98850574712644,961.0267047897529,61.37011494252874,984.0466675208436,57.86804597701149
253,1005.3971373146696,55.08045977011494,971.0753212280646,73.10574712643678,1014.2293861953415,70.50114942528735,968.5047880763884,48.262068965517244,961.0267047897529,61.7816091954023,984.0466675208436,61.74620689655171
254,1005.3971373146696,41.26896551724138,971.0753212280646,73.72413793103448,1014.2293861953415,70.77931034482759,968.5047880763884,59.728735632183906,961.0267047897529,65.8551724137931,984.0466675208436,62.271264367816094
255,1005.3971373146696,40.54942528735632,971.0753212280646,72.02528735632184,1014.2293861953415,70.82988505747126,968.5047880763884,52.241379310344826,961.0267047897529,54.163218390804595,984.0466675208436,57.961839080459775
256,1005.3971373146696,44.239080459770115,971.0753212280646,71.02988505747126,1014.2293861953415,63.717241379310344,968.5047880763884,59.89425287356322,961.0267047897529,62.52183908045977,984.0466675208436,60.280459770114945
257,1005.3971373146696,51.291954022988506,971.0753212280646,69.68505747126437,1014.2293861953415,75.52413793103449,968.5047880763884,51.91954022988506,961.0267047897529,56.289655172413795,984.0466675208436,60.94206896551724
258,1005.3971373146696,55.85287356321839,971.0753212280646,73.40229885057471,1014.2293861953415,82.35862068965517,968.5047880763884,52.229885057471265,961.0267047897529,69.41609195402299,984.0466675208436,66.6519540229885
259,1005.3971373146696,61.259770114942526,971.0753212280646,68.51954022988505,1014.2293861953415,80.42298850574713,968.5047880763884,50.298850574712645,961.0267047897529,73.42298850574713,984.0466675208436,66.7848275862069
260,1005.3971373146696,65.23218390804598,971.0753212280646,66.28275862068965,1014.2293861953415,76.63908045977011,968.5047880763884,59.264367816091955,961.0267047897529,73.41609195402299,984.0466675208436,68.16689655172414
261,1005.3971373146696,64.42758620689655,971.0753212280646,66.89885057471264,1014.2293861953415,83.59540229885057,968.5047880763884,56.55402298850575,961.0267047897529,74.99310344827586,984.0466675208436,69.29379310344828
262,1005.3971373146696,56.86206896551724,971.0753212280646,68.14942528735632,1014.2293861953415,84.34022988505747,968.5047880763884,56.179310344827584,961.0267047897529,77.82528735632184,984.0466675208436,68.6712643678161
263,1005.3971373146696,56.00689655172414,971.0753212280646,65.56551724137931,1014.2293861953415,82.55632183908045,968.5047880763884,54.10344827586207,961.0267047897529,83.17011494252874,984.0466675208436,68.28045977011496
264,1005.3971373146696,45.10114942528735,971.0753212280646,61.97701149425287,1014.2293861953415,84.62528735632183,968.5047880763884,61.75632183908046,961.0267047897529,85.0919540229885,984.0466675208436,67.7103448275862
265,1005.3971373146696,66.79540229885058,971.0753212280646,68.2551724137931,1014.2293861953415,78.33793103448276,968.5047880763884,49.4183908045977,961.0267047897529,78.75402298850575,984.0466675208436,68.31218390804598
266,1005.3971373146696,69.69425287356322,971.0753212280646,65.61149425287357,1014.2293861953415,74.42068965517241,968.5047880763884,56.42298850574713,961.0267047897529,82.40919540229885,984.0466675208436,69.71172413793104
267,1005.3971373146696,69.88735632183908,971.0753212280646,68.74712643678161,1014.2293861953415,73.52643678160919,968.5047880763884,55.358620689655176,961.0267047897529,80.82988505747126,984.0466675208436,69.66988505747126
268,1005.3971373146696,75.47586206896551,971.0753212280646,62.11954022988506,1014.2293861953415,76.19080459770115,968.5047880763884,39.6183908045977,961.0267047897529,88.29885057471265,984.0466675208436,68.34068965517241
269,1005.3971373146696,68.67586206896551,971.0753212280646,63.50114942528736,1014.2293861953415,77.7264367816092,968.5047880763884,63.94022988505747,961.0267047897529,84.51954022988505,984.0466675208436,71.67264367816092
270,1005.3971373146696,70.79310344827586,971.0753212280646,66.31264367816092,1014.2293861953415,78.8528735632184,968.5047880763884,54.777011494252875,961.0267047897529,86.0183908045977,984.0466675208436,71.35080459770114
271,1005.3971373146696,61.39540229885058,971.0753212280646,70.55862068965517,1014.2293861953415,82.43908045977011,968.5047880763884,50.170114942528734,961.0267047897529,87.03448275862068,984.0466675208436,70.31954022988506
272,1005.3971373146696,74.2,971.0753212280646,74.39310344827587,1014.2293861953415,81.87816091954024,968.5047880763884,57.324137931034485,961.0267047897529,87.27126436781609,984.0466675208436,75.01333333333335
273,1005.3971373146696,74.78850574712644,971.0753212280646,69.17471264367816,1014.2293861953415,80.83908045977012,968.5047880763884,66.53103448275863,961.0267047897529,88.02068965517242,984.0466675208436,75.87080459770115
274,1005.3971373146696,73.95862068965518,971.0753212280646,68.38390804597701,1014.2293861953415,78.64137931034483,968.5047880763884,58.90574712643678,961.0267047897529,87.79310344827586,984.0466675208436,73.53655172413792
275,1005.3971373146696,69.80919540229885,971.0753212280646,70.99540229885058,1014.2293861953415,80.0551724137931,968.5047880763884,55.708045977011494,961.0267047897529,88.01609195402298,984.0466675208436,72.9167816091954
276,1005.3971373146696,68.31494252873563,971.0753212280646,72.53333333333333,1014.2293861953415,78.28275862068965,968.5047880763884,55.34022988505747,961.0267047897529,87.17701149425288,984.0466675208436,72.3296551724138
277,1005.3971373146696,69.00459770114942,971.0753212280646,73.64827586206897,1014.2293861953415,73.57471264367815,968.5047880763884,55.83218390804598,961.0267047897529,87.67586206896551,984.0466675208436,71.9471264367816
278,1005.3971373146696,74.31724137931035,971.0753212280646,74.24367816091954,1014.2293861953415,73.25287356321839,968.5047880763884,62.2,961.0267047897529,87.06206896551724,984.0466675208436,74.21517241379311
279,1005.3971373146696,76.62758620689655,971.0753212280646,76.08045977011494,1014.2293861953415,76.89425287356322,968.5047880763884,62.820689655172416,961.0267047897529,86.82988505747126,984.0466675208436,75.85057471264368
280,1005.3971373146696,77.22758620689655,971.0753212280646,73.97471264367816,1014.2293861953415,65.76551724137931,968.5047880763884,67.88735632183908,961.0267047897529,86.93103448275862,984.0466675208436,74.35724137931035
281,1005.3971373146696,76.31494252873563,971.0753212280646,70.08505747126436,1014.2293861953415,64.20919540229885,968.5047880763884,70.9103448275862,961.0267047897529,87.11954022988506,984.0466675208436,73.72781609195401
282,1005.3971373146696,82.81149425287356,971.0753212280646,72.51494252873563,1014.2293861953415,71.8712643678161,968.5047880763884,75.39310344827587,961.0267047897529,86.47816091954023,984.0466675208436,77.81379310344826
283,1005.3971373146696,73.73103448275862,971.0753212280646,70.10574712643678,1014.2293861953415,72.74252873563218,968.5047880763884,70.9103448275862,961.0267047897529,85.34942528735633,984.0466675208436,74.56781609195401
284,1005.3971373146696,74.03908045977012,971.0753212280646,76.02988505747126,1014.2293861953415,65.02298850574712,968.5047880763884,71.72183908045977,961.0267047897529,85.83908045977012,984.0466675208436,74.53057471264368
285,1005.3971373146696,76.52873563218391,971.0753212280646,73.7080459770115,1014.2293861953415,72.55172413793103,968.5047880763884,69.85747126436782,961.0267047897529,82.79540229885058,984.0466675208436,75.08827586206897
286,1005.3971373146696,81.61149425287357,971.0753212280646,74.27816091954023,1014.2293861953415,56.9080459770115,968.5047880763884,68.9816091954023,961.0267047897529,81.89885057471264,984.0466675208436,72.73563218390805
287,1005.3971373146696,73.48965517241379,971.0753212280646,74.55862068965517,1014.2293861953415,61.0551724137931,968.5047880763884,69.07816091954022,961.0267047897529,81.00229885057472,984.0466675208436,71.83678160919541
288,1005.3971373146696,69.7448275862069,971.0753212280646,75.69655172413793,1014.2293861953415,64.34482758620689,968.5047880763884,74.31264367816092,961.0267047897529,82.92413793103448,984.0466675208436,73.40459770114941
289,1005.3971373146696,74.91724137931034,971.0753212280646,78.65747126436781,1014.2293861953415,61.06666666666667,968.5047880763884,71.11954022988506,961.0267047897529,79.48275862068965,984.0466675208436,73.0487356321839
290,1005.2894715191976,74.65747126436781,971.0753212280646,82.65057471264367,1014.2293861953415,60.38620689655173,968.5047880763884,59.04597701149425,961.0267047897529,77.50574712643679,984.025134361749,70.84919540229886
291,1005.2894715191976,75.17241379310344,971.0753212280646,82.38850574712643,1014.2293861953415,49.11264367816092,968.5047880763884,68.30114942528736,961.0267047897529,78.1816091954023,984.025134361749,70.63126436781609
292,1005.2894715191976,67.49425287356321,971.0753212280646,84.38850574712643,1014.2293861953415,55.69655172413793,968.5047880763884,62.14712643678161,961.0267047897529,80.26896551724138,984.025134361749,69.99908045977011
293,1005.2894715191976,75.20459770114942,971.0753212280646,83.816091954023,1014.2293861953415,54.282758620689656,968.5047880763884,56.632183908045974,961.0267047897529,81.63218390804597,984.025134361749,70.31356321839081
294,1005.2894715191976,71.44367816091955,971.0753212280646,78.95402298850574,1014.2293861953415,58.06666666666667,968.5047880763884,51.91494252873563,961.0267047897529,79.79310344827586,984.025134361749,68.0344827586207
295,1005.2894715191976,69.70344827586207,971.0753212280646,76.19770114942528,1014.2293861953415,65.47126436781609,968.5047880763884,57.54022988505747,961.0267047897529,80.39770114942529,984.025134361749,69.86206896551725
296,1005.2894715191976,74.0712643678161,971.0753212280646,82.17931034482758,1014.2293861953415,62.57011494252873,968.5047880763884,47.84367816091954,961.0267047897529,80.77241379310345,984.025134361749,69.48735632183909
297,1005.2894715191976,71.45747126436781,971.0753212280646,82.3816091954023,1014.2293861953415,65.21609195402299,968.5047880763884,46.770114942528735,961.0267047897529,77.44597701149425,984.025134361749,68.65425287356322
298,993.4587201151398,65.01379310344828,971.0753212280646,81.72873563218391,1014.2293861953415,65.87586206896552,968.5047880763884,50.15172413793103,961.0267047897529,77.0896551724138,981.6589840809377,67.97195402298851
299,993.4587201151398,64.31724137931035,971.0753212280646,84.13333333333334,1014.2293861953415,65.94252873563218,968.5047880763884,54.9448275862069,961.0267047897529,77.27586206896552,981.6589840809377,69.32275862068965
300,993.4587201151398,68.00689655172414,971.0753212280646,81.54252873563219,1014.2293861953415,61.50114942528736,968.5047880763884,62.52643678160919,961.0267047897529,75.55172413793103,981.6589840809377,69.82574712643678
301,993.4587201151398,59.305747126436785,971.0753212280646,81.32183908045977,1014.2293861953415,57.9080459770115,968.5047880763884,66.93103448275862,961.0267047897529,73.63218390804597,981.6589840809377,67.81977011494253
302,993.4587201151398,55.0735632183908,971.0753212280646,81.65517241379311,1014.2293861953415,58.45057471264368,968.5047880763884,71.45747126436781,961.0267047897529,74.65517241379311,981.6589840809377,68.25839080459771
303,993.4587201151398,51.0919540229885,971.0753212280646,81.36781609195403,1014.2293861953415,60.50574712643678,968.5047880763884,78.57701149425287,961.0267047897529,72.64367816091954,981.6589840809377,68.83724137931034
304,993.4587201151398,64.59770114942529,971.0753212280646,84.8919540229885,1014.2293861953415,64.43908045977011,968.5047880763884,75.33333333333333,961.0267047897529,74.68735632183908,981.6589840809377,72.78988505747127
305,993.4587201151398,59.39310344827586,971.0753212280646,85.69885057471264,1014.2293861953415,63.50804597701149,968.5047880763884,77.29885057471265,961.0267047897529,76.69885057471264,981.6589840809377,72.51954022988505
306,993.4587201151398,59.16781609195402,971.0753212280646,83.25977011494253,1014.2293861953415,68.59080459770115,968.5047880763884,74.71034482758621,961.0267047897529,75.3632183908046,981.6589840809377,72.2183908045977
307,993.4587201151398,60.04827586206896,971.0753212280646,89.40229885057471,1014.2293861953415,67.15632183908046,968.5047880763884,72.49425287356321,961.0267047897529,70.43908045977011,981.6589840809377,71.90804597701148
308,993.4587201151398,53.56551724137931,971.0753212280646,81.61609195402299,1014.2293861953415,62.11724137931034,968.5047880763884,77.28505747126437,961.0267047897529,70.17471264367816,981.6589840809377,68.95172413793104
309,993.4587201151398,39.37471264367816,971.0753212280646,81.29425287356322,1014.2293861953415,64.73103448275862,968.5047880763884,72.55172413793103,961.0267047897529,74.72183908045977,981.6589840809377,66.53471264367815
310,993.4587201151398,55.204597701149424,971.0753212280646,83.29425287356322,1014.2293861953415,62.62988505747126,968.5047880763884,75.28965517241379,961.0267047897529,76.35632183908046,981.6589840809377,70.55494252873564
311,993.4587201151398,48.735632183908045,971.0753212280646,85.0712643678161,1014.2293861953415,69.26896551724138,968.5047880763884,73.61379310344827,961.0267047897529,74.28735632183908,981.6589840809377,70.19540229885058
312,993.4587201151398,68.31264367816092,971.0753212280646,84.73103448275862,1014.2293861953415,63.19310344827586,968.5047880763884,74.28735632183908,961.0267047897529,69.28505747126437,981.6589840809377,71.96183908045978
313,993.4587201151398,71.7816091954023,971.0753212280646,84.15632183908046,1014.2293861953415,67.8528735632184,968.5047880763884,80.56091954022989,961.0267047897529,74.02528735632184,981.6589840809377,75.67540229885057
314,993.4587201151398,70.1080459770115,971.0753212280646,82.66896551724138,1014.2293861953415,63.84137931034483,968.5047880763884,80.41379310344827,961.0267047897529,60.15172413793103,981.6589840809377,71.43678160919539
315,993.4587201151398,77.9264367816092,971.0753212280646,84.50344827586207,1014.2293861953415,69.62758620689655,968.5047880763884,77.0551724137931,961.0267047897529,66.75632183908046,981.6589840809377,75.17379310344828
316,993.4587201151398,78.28735632183908,971.0753212280646,82.44827586206897,1014.2293861953415,65.07586206896552,968.5047880763884,70.40229885057471,961.0267047897529,56.889655172413796,981.6589840809377,70.62068965517241
317,993.4587201151398,69.76091954022988,971.0753212280646,81.57471264367815,1014.2293861953415,69.55172413793103,968.5047880763884,72.73333333333333,961.0267047897529,61.02758620689655,981.6589840809377,70.9296551724138
318,993.4587201151398,71.15632183908046,971.0753212280646,88.5816091954023,1014.2293861953415,69.62988505747127,968.5047880763884,66.47356321839081,961.0267047897529,59.93333333333333,981.6589840809377,71.15494252873563
319,993.4587201151398,73.02528735632184,971.0753212280646,81.62298850574713,1014.2293861953415,70.25287356321839,968.5047880763884,59.83448275862069,961.0267047897529,71.71494252873563,981.6589840809377,71.29011494252875
320,993.4587201151398,77.79310344827586,971.0753212280646,81.54712643678161,1014.2293861953415,75.11954022988506,968.5047880763884,45.43908045977012,961.0267047897529,67.75172413793103,981.6589840809377,69.53011494252874
321,993.4587201151398,75.92183908045978,971.0753212280646,82.45747126436781,1014.2293861953415,66.34712643678161,968.5047880763884,39.96551724137931,961.0267047897529,61.691954022988504,981.6589840809377,65.27678160919541
322,993.4587201151398,73.10114942528736,971.0753212280646,81.25287356321839,1014.2293861953415,75.24367816091954,968.5047880763884,40.59540229885057,961.0267047897529,65.77241379310345,981.6589840809377,67.19310344827586
323,993.4587201151398,71.73793103448276,971.0753212280646,81.36551724137931,1014.2293861953415,70.63218390804597,968.5047880763884,40.38620689655173,961.0267047897529,65.8344827586207,981.6589840809377,65.99126436781609
324,993.4587201151398,75.57471264367815,971.0753212280646,79.99770114942528,1014.2293861953415,75.67586206896551,968.5047880763884,57.51034482758621,961.0267047897529,56.92413793103448,981.6589840809377,69.13655172413793
325,993.4587201151398,74.4183908045977,971.0753212280646,82.00229885057472,1014.2293861953415,80.32413793103449,968.5047880763884,56.15862068965517,961.0267047897529,60.05747126436781,981.6589840809377,70.59218390804597
326,993.4587201151398,81.14942528735632,971.0753212280646,79.0712643678161,1014.2293861953415,78.1632183908046,968.5047880763884,56.42758620689655,961.0267047897529,60.88045977011494,981.6589840809377,71.1383908045977
327,993.4587201151398,81.5632183908046,971.0753212280646,77.88275862068966,1014.2293861953415,80.72413793103448,968.5047880763884,49.94022988505747,961.0267047897529,63.282758620689656,981.6589840809377,70.67862068965516
328,993.4587201151398,81.30344827586207,971.0753212280646,77.30114942528736,1014.2293861953415,77.4183908045977,968.5047880763884,45.17471264367816,961.0267047897529,65.35862068965517,981.6589840809377,69.31126436781611
329,993.4587201151398,76.53563218390805,971.0753212280646,77.50344827586207,1014.2293861953415,75.37471264367817,968.5047880763884,52.51954022988506,961.0267047897529,69.28965517241379,981.6589840809377,70.24459770114943
330,993.4587201151398,71.96781609195402,971.0753212280646,73.30574712643678,1014.2293861953415,79.24137931034483,968.5047880763884,41.236781609195404,961.0267047897529,58.30344827586207,981.6589840809377,64.81103448275863
331,993.4587201151398,66.30114942528736,971.0753212280646,72.77931034482759,1014.2293861953415,80.0919540229885,968.5047880763884,48.96551724137931,961.0267047897529,64.37931034482759,981.6589840809377,66.50344827586207
332,993.4587201151398,67.79080459770115,971.0753212280646,66.42758620689655,1014.2293861953415,81.73333333333333,968.5047880763884,49.55172413793103,961.0267047897529,54.19310344827586,981.6589840809377,63.93931034482758
333,993.4587201151398,73.0712643678161,971.0753212280646,70.77701149425287,1014.2293861953415,75.99080459770114,968.5047880763884,39.698850574712644,961.0267047897529,56.00919540229885,981.6589840809377,63.10942528735633
334,993.4587201151398,69.46436781609195,971.0753212280646,60.324137931034485,1014.2293861953415,75.97011494252874,968.5047880763884,35.763218390804596,961.0267047897529,68.43448275862069,981.6589840809377,61.991264367816086
335,993.4587201151398,69.79080459770115,971.0753212280646,63.6183908045977,1014.2293861953415,74.68505747126437,968.5047880763884,40.66896551724138,961.0267047897529,68.94022988505748,981.6589840809377,63.54068965517242
336,993.4587201151398,54.19080459770115,971.0753212280646,70.91264367816092,1014.2293861953415,73.46206896551725,968.5047880763884,38.58390804597701,961.0267047897529,71.52873563218391,981.6589840809377,61.735632183908045
337,993.4587201151398,65.66206896551724,971.0753212280646,64.48045977011495,1014.2293861953415,70.77011494252874,968.5047880763884,33.60459770114942,961.0267047897529,59.40229885057471,981.6589840809377,58.783908045977014
338,993.4587201151398,49.51724137931034,971.0753212280646,58.59540229885057,1014.2293861953415,70.74022988505747,968.5047880763884,35.02528735632184,961.0267047897529,52.39310344827586,981.6589840809377,53.25425287356321
339,993.4587201151398,48.60229885057471,971.0753212280646,67.37931034482759,1014.2293861953415,70.43218390804597,968.5047880763884,35.03218390804598,961.0267047897529,44.11264367816092,981.6589840809377,53.11172413793103
340,993.4587201151398,60.06436781609195,971.0753212280646,69.7264367816092,1014.2293861953415,68.14022988505747,968.5047880763884,35.44367816091954,961.0267047897529,55.804597701149426,981.6589840809377,57.83586206896551
341,993.4587201151398,56.88275862068966,971.0753212280646,66.57241379310345,1014.2293861953415,65.62068965517241,968.5047880763884,51.97701149425287,961.0267047897529,56.93563218390805,981.6589840809377,59.59770114942529
342,993.4587201151398,40.57931034482758,971.0753212280646,72.81379310344828,1014.2293861953415,70.8735632183908,968.5047880763884,49.864367816091956,961.0267047897529,63.88275862068966,981.6589840809377,59.602758620689656
343,993.4587201151398,42.262068965517244,971.0753212280646,69.34022988505747,1014.2293861953415,73.78390804597701,968.5047880763884,56.0367816091954,961.0267047897529,61.75632183908046,981.6589840809377,60.635862068965515
344,993.4587201151398,53.06436781609195,958.9287391577826,74.53103448275863,1014.2293861953415,68.8896551724138,968.5047880763884,57.80689655172414,961.0267047897529,61.733333333333334,979.2296676668811,63.205057471264375
345,993.4587201151398,37.48505747126437,958.9287391577826,72.47126436781609,1014.2293861953415,78.55172413793103,968.5047880763884,63.46206896551724,961.0267047897529,66.7080459770115,979.2296676668811,63.735632183908045
346,993.4587201151398,52.250574712643676,958.9287391577826,73.57701149425287,1014.2293861953415,69.20459770114942,968.5047880763884,68.53563218390805,961.0267047897529,75.1471264367816,979.2296676668811,67.74298850574712
347,993.4587201151398,42.735632183908045,958.9287391577826,74.65287356321839,1014.2293861953415,70.2367816091954,968.5047880763884,73.69885057471264,961.0267047897529,64.69885057471264,979.2296676668811,65.20459770114942
348,993.4587201151398,48.703448275862065,958.9287391577826,73.74022988505747,1014.2293861953415,65.68505747126437,968.5047880763884,75.2735632183908,961.0267047897529,78.17471264367816,979.2296676668811,68.31540229885057
349,993.4587201151398,64.08045977011494,958.9287391577826,70.52183908045977,1014.2293861953415,66.13103448275862,968.5047880763884,75.22298850574713,961.0267047897529,73.4,979.2296676668811,69.8712643678161
350,993.4587201151398,52.97241379310345,958.9287391577826,74.19310344827586,1014.2293861953415,68.48735632183909,968.5047880763884,78.08735632183908,961.0267047897529,80.02758620689656,979.2296676668811,70.75356321839081
351,993.4587201151398,37.39080459770115,958.9287391577826,67.99540229885058,1014.2293861953415,71.7080459770115,968.5047880763884,71.83908045977012,961.0267047897529,80.4183908045977,979.2296676668811,65.87034482758621
352,993.4587201151398,47.43908045977012,958.9287391577826,75.63448275862069,1014.2293861953415,71.85977011494253,968.5047880763884,75.1287356321839,961.0267047897529,84.8735632183908,979.2296676668811,70.98712643678161
353,993.4587201151398,44.34022988505747,958.9287391577826,74.00919540229886,1014.2293861953415,67.57471264367815,968.5047880763884,68.33563218390805,961.0267047897529,72.11954022988506,979.2296676668811,65.27586206896551
354,993.4587201151398,48.811494252873565,958.9287391577826,66.08505747126436,1014.2293861953415,64.20919540229885,968.5047880763884,67.47816091954023,961.0267047897529,79.96551724137932,979.2296676668811,65.30988505747126
355,993.4587201151398,44.66436781609195,958.9287391577826,53.52873563218391,1014.2293861953415,57.827586206896555,968.5047880763884,71.79080459770115,961.0267047897529,69.13563218390804,979.2296676668811,59.389425287356325
356,993.4587201151398,64.0183908045977,958.9287391577826,43.17701149425287,1014.2293861953415,59.94252873563219,968.5047880763884,57.02988505747126,961.0267047897529,55.95862068965517,979.2296676668811,56.02528735632184
357,993.4587201151398,62.47126436781609,958.9287391577826,47.44597701149425,1014.2293861953415,57.54712643678161,968.5047880763884,64.24367816091954,961.0267047897529,71.49425287356321,979.2296676668811,60.640459770114944
358,993.4587201151398,68.99770114942528,958.9287391577826,50.73103448275862,1014.2293861953415,61.12413793103448,968.5047880763884,65.93793103448276,961.0267047897529,68.70344827586207,979.2296676668811,63.09885057471264
359,993.4587201151398,47.728735632183906,958.9287391577826,56.39770114942529,1014.2293861953415,56.02298850574713,968.5047880763884,62.08275862068965,961.0267047897529,68.58390804597701,979.2296676668811,58.163218390804595
360,993.4587201151398,52.00919540229885,958.9287391577826,47.714942528735634,1014.2293861953415,55.56091954022988,968.5047880763884,57.5816091954023,961.0267047897529,74.63448275862069,979.2296676668811,57.50022988505748
361,993.4587201151398,54.92413793103448,958.9287391577826,48.206896551724135,1014.2293861953415,47.55402298850575,968.5047880763884,64.71724137931035,961.0267047897529,74.63448275862069,979.2296676668811,58.007356321839076
362,993.4587201151398,58.40229885057471,958.9287391577826,53.09885057471264,1014.2293861953415,50.14942528735632,968.5047880763884,67.26436781609195,961.0267047897529,73.36781609195403,979.2296676668811,60.45655172413793
363,993.4587201151398,61.622988505747124,958.9287391577826,51.813793103448276,1014.2293861953415,55.54942528735632,968.5047880763884,66.13563218390804,961.0267047897529,71.45287356321839,979.2296676668811,61.31494252873563
364,993.4587201151398,54.99540229885057,958.9287391577826,43.40919540229885,1014.2293861953415,39.45747126436782,968.5047880763884,71.43218390804597,961.0267047897529,71.9632183908046,979.2296676668811,56.25149425287357
365,993.4587201151398,59.12873563218391,958.9287391577826,61.9816091954023,1014.2293861953415,43.4,968.5047880763884,69.88505747126437,961.0267047897529,67.6367816091954,979.2296676668811,60.406436781609194
366,993.4587201151398,56.51954022988506,958.9287391577826,50.222988505747125,1014.2293861953415,40.42528735632184,968.5047880763884,70.33103448275862,961.0267047897529,66.63908045977011,979.2296676668811,56.827586206896555
367,993.4587201151398,51.95632183908046,958.9287391577826,43.42988505747127,1014.2293861953415,27.370114942528737,968.5047880763884,67.66206896551724,961.0267047897529,63.839080459770116,979.2296676668811,50.851494252873565
368,993.4587201151398,59.13103448275862,958.9287391577826,54.05977011494253,1014.2293861953415,44.632183908045974,968.5047880763884,71.86666666666666,961.0267047897529,61.56551724137931,979.2296676668811,58.25103448275862
369,993.4587201151398,59.754022988505746,958.9287391577826,53.36091954022989,1014.2293861953415,32.747126436781606,966.6298178932035,69.86206896551724,961.0267047897529,53.54712643678161,978.854673630244,53.854252873563226
370,993.4587201151398,56.11494252873563,958.9287391577826,49.89425287356322,1014.2293861953415,20.239080459770115,966.6298178932035,73.7977011494253,961.0267047897529,58.98620689655172,978.854673630244,51.80643678160919
371,993.4587201151398,55.772413793103446,958.9287391577826,51.32873563218391,1014.2293861953415,38.43908045977012,966.6298178932035,65.05057471264368,961.0267047897529,52.694252873563215,978.854673630244,52.65701149425288
372,993.4587201151398,44.314942528735635,958.9287391577826,50.213793103448275,1014.2293861953415,32.733333333333334,964.6796531523687,70.60459770114943,961.0267047897529,48.20919540229885,978.4646406820772,49.215172413793105
373,993.4587201151398,61.5816091954023,958.9287391577826,55.779310344827586,1014.2293861953415,36.232183908045975,964.6796531523687,58.252873563218394,961.0267047897529,54.172413793103445,978.4646406820772,53.20367816091954
374,993.4587201151398,61.7816091954023,958.9287391577826,54.41379310344828,1014.2293861953415,24.126436781609197,964.6796531523687,56.36551724137931,961.0267047897529,59.744827586206895,978.4646406820772,51.2864367816092
375,993.4587201151398,55.79080459770115,958.9287391577826,47.726436781609195,1014.2293861953415,46.60689655172414,964.6796531523687,57.92183908045977,961.0267047897529,62.0919540229885,978.4646406820772,54.027586206896544
376,993.4587201151398,30.420689655172414,958.9287391577826,54.91494252873563,1014.2293861953415,35.97011494252874,964.6796531523687,44.53333333333333,961.0267047897529,70.14252873563218,978.4646406820772,47.19632183908046
377,993.4587201151398,26.813793103448276,958.9287391577826,61.62988505747126,1014.2293861953415,30.919540229885058,964.6796531523687,34.666666666666664,961.0267047897529,68.51954022988505,978.4646406820772,44.509885057471266
378,993.4587201151398,39.864367816091956,958.9287391577826,56.00919540229885,1014.2293861953415,22.83448275862069,964.6796531523687,37.38620689655173,961.0267047897529,62.333333333333336,978.4646406820772,43.685517241379316
379,993.4587201151398,40.08045977011494,958.9287391577826,50.4551724137931,1014.2293861953415,20.344827586206897,964.6796531523687,39.16781609195402,961.0267047897529,61.232183908045975,978.4646406820772,42.256091954022985
380,993.4587201151398,35.95172413793104,958.9287391577826,57.41609195402299,1014.2293861953415,22.342528735632182,964.6796531523687,34.06206896551724,961.0267047897529,58.0551724137931,978.4646406820772,41.56551724137931
381,993.4587201151398,34.6,958.9287391577826,47.50804597701149,1014.2293861953415,11.10344827586207,964.6796531523687,25.597701149425287,961.0267047897529,64.80229885057472,978.4646406820772,36.72229885057472
382,993.4587201151398,40.7816091954023,958.9287391577826,50.50344827586207,1014.2293861953415,15.779310344827586,964.6796531523687,19.875862068965517,961.0267047897529,61.44597701149425,978.4646406820772,37.677241379310345
383,993.4587201151398,48.08505747126437,958.9287391577826,45.788505747126436,1014.2293861953415,32.85287356321839,964.6796531523687,30.14712643678161,961.0267047897529,60.172413793103445,978.4646406820772,43.40919540229885
384,993.4587201151398,48.12873563218391,958.9287391577826,39.698850574712644,1014.2293861953415,20.629885057471263,964.6796531523687,38.93563218390805,961.0267047897529,61.57471264367816,978.4646406820772,41.79356321839081
385,993.4587201151398,46.19310344827586,958.9287391577826,45.714942528735634,1014.2293861953415,26.811494252873562,964.6796531523687,14.882758620689655,961.0267047897529,66.47356321839081,978.4646406820772,40.0151724137931
386,993.4587201151398,45.42988505747127,958.9287391577826,33.754022988505746,1014.2293861953415,22.885057471264368,964.6796531523687,11.383908045977012,961.0267047897529,75.32413793103449,978.4646406820772,37.75540229885057
387,993.4587201151398,51.733333333333334,958.9287391577826,33.222988505747125,1014.2293861953415,24.50344827586207,964.6796531523687,17.763218390804596,961.0267047897529,76.96781609195402,978.4646406820772,40.83816091954023
388,993.4587201151398,42.45977011494253,958.9287391577826,52.54942528735632,1014.2293861953415,17.1816091954023,964.6796531523687,18.163218390804598,961.0267047897529,70.0712643678161,978.4646406820772,40.08505747126436
389,993.4587201151398,54.39770114942529,958.9287391577826,42.37931034482759,1014.2293861953415,9.947126436781609,964.6796531523687,15.188505747126436,961.0267047897529,62.90114942528736,978.4646406820772,36.962758620689655
390,993.4587201151398,67.62298850574713,958.9287391577826,37.12643678160919,1014.2293861953415,34.91494252873563,950.8384666508399,28.01609195402299,961.0267047897529,67.06206896551724,975.6964033817715,46.94850574712643
391,993.4587201151398,62.110344827586204,958.9287391577826,44.32183908045977,1014.2293861953415,12.618390804597702,950.8384666508399,17.588505747126437,961.0267047897529,59.02298850574713,975.6964033817715,39.13241379310345
392,993.4587201151398,63.845977011494256,958.9287391577826,27.50344827586207,1014.2293861953415,35.5632183908046,950.8384666508399,30.606896551724137,961.0267047897529,59.60459770114942,975.6964033817715,43.424827586206895
393,993.4587201151398,70.65057471264367,958.9287391577826,36.60689655172414,1014.2293861953415,14.066666666666666,950.8384666508399,10.14712643678161,961.0267047897529,65.23218390804598,975.6964033817715,39.34068965517241
394,993.4587201151398,75.88505747126437,958.9287391577826,36.4367816091954,1014.2293861953415,21.85287356321839,950.8384666508399,38.05977011494253,961.0267047897529,63.314942528735635,975.6964033817715,47.10988505747126
395,993.4587201151398,73.0712643678161,958.9287391577826,31.22758620689655,1014.2293861953415,37.80689655172414,950.8384666508399,31.641379310344828,961.0267047897529,68.32183908045977,975.6964033817715,48.41379310344827
396,993.4587201151398,73.89425287356322,958.9287391577826,39.229885057471265,1014.2293861953415,22.195402298850574,950.8384666508399,18.551724137931036,961.0267047897529,62.367816091954026,975.6964033817715,43.24781609195403
397,993.4587201151398,77.13103448275862,958.9287391577826,43.49195402298851,1014.2293861953415,28.397701149425288,950.8384666508399,38.91264367816092,961.0267047897529,69.62528735632183,975.6964033817715,51.51172413793104
398,993.4587201151398,81.37241379310345,958.9287391577826,50.87356321839081,1014.2293861953415,14.213793103448277,950.8384666508399,29.839080459770116,961.0267047897529,69.19310344827586,975.6964033817715,49.098390804597706
399,993.4587201151398,81.20689655172414,958.9287391577826,42.09655172413793,1014.2293861953415,28.94712643678161,950.8384666508399,48.701149425287355,961.0267047897529,71.54482758620689,975.6964033817715,54.499310344827585
400,993.4587201151398,83.8919540229885,958.9287391577826,43.245977011494254,1014.2293861953415,12.241379310344827,950.8384666508399,40.27816091954023,961.0267047897529,75.49195402298851,975.6964033817715,51.02988505747127
401,993.4587201151398,81.65977011494253,958.9287391577826,36.60689655172414,1014.2293861953415,13.324137931034484,950.8384666508399,25.43448275862069,961.0267047897529,78.05977011494252,975.6964033817715,47.01701149425287
402,993.4587201151398,79.73333333333333,958.9287391577826,47.11724137931034,1014.2293861953415,42.47816091954023,950.8384666508399,25.337931034482757,961.0267047897529,70.26896551724138,975.6964033817715,52.987126436781615
403,993.4587201151398,73.8,958.9287391577826,52.93793103448276,1014.2293861953415,37.27816091954023,950.8384666508399,21.328735632183907,961.0267047897529,65.35862068965517,975.6964033817715,50.14068965517241
404,993.4587201151398,73.78620689655172,958.9287391577826,43.195402298850574,1014.2293861953415,33.38390804597701,950.8384666508399,8.627586206896552,961.0267047897529,71.38620689655173,975.6964033817715,46.07586206896551
405,993.4587201151398,79.63908045977011,958.9287391577826,42.698850574712644,1014.2293861953415,27.085057471264367,950.8384666508399,31.816091954022987,961.0267047897529,69.44827586206897,975.6964033817715,50.13747126436782
406,993.4587201151398,79.71724137931035,958.9287391577826,49.708045977011494,1014.2293861953415,22.859770114942528,950.8384666508399,33.788505747126436,961.0267047897529,78.2367816091954,975.6964033817715,52.862068965517246
407,993.4587201151398,73.15862068965517,958.9287391577826,61.92183908045977,1014.2293861953415,12.39080459770115,950.8384666508399,30.645977011494253,961.0267047897529,82.89655172413794,975.6964033817715,52.20275862068966
408,993.4587201151398,77.33793103448276,958.9287391577826,53.9264367816092,1014.2293861953415,8.919540229885058,950.8384666508399,22.34022988505747,961.0267047897529,85.25747126436782,975.6964033817715,49.55632183908047
409,993.4587201151398,76.10114942528736,958.9287391577826,61.73103448275862,1014.2293861953415,23.763218390804596,950.8384666508399,12.664367816091954,961.0267047897529,80.54712643678161,975.6964033817715,50.961379310344824
410,993.4587201151398,78.77011494252874,958.9287391577826,63.836781609195405,1014.2293861953415,24.944827586206898,950.8384666508399,18.064367816091956,961.0267047897529,84.26896551724138,975.6964033817715,53.977011494252885
411,993.4587201151398,79.37241379310345,958.9287391577826,72.30804597701149,1014.2293861953415,27.717241379310344,950.8384666508399,19.80229885057471,961.0267047897529,83.52413793103449,975.6964033817715,56.54482758620689
412,993.4587201151398,73.24367816091954,958.9287391577826,73.65517241379311,1014.2293861953415,22.09655172413793,950.8384666508399,26.381609195402298,961.0267047897529,88.50344827586207,975.6964033817715,56.77609195402299
413,993.4587201151398,81.08505747126436,958.9287391577826,69.59770114942529,1014.2293861953415,19.724137931034484,950.8384666508399,15.022988505747126,961.0267047897529,89.96551724137932,975.6964033817715,55.07908045977011
414,993.4587201151398,83.15172413793104,958.9287391577826,72.33563218390805,1014.2293861953415,43.726436781609195,950.8384666508399,27.135632183908047,961.0267047897529,87.71954022988506,975.6964033817715,62.813793103448276
415,993.4587201151398,77.0551724137931,958.9287391577826,71.10114942528736,1014.2293861953415,27.44367816091954,950.8384666508399,29.579310344827586,961.0267047897529,89.44827586206897,975.6964033817715,58.92551724137932
416,993.4587201151398,82.97241379310344,958.9287391577826,78.44827586206897,1014.2293861953415,32.02068965517241,950.8384666508399,30.112643678160918,961.0267047897529,89.47356321839081,975.6964033817715,62.60551724137931
417,993.4587201151398,85.83908045977012,958.9287391577826,76.09655172413792,1014.2293861953415,13.979310344827587,950.8384666508399,19.349425287356322,961.0267047897529,88.82298850574712,975.6964033817715,56.81747126436782
418,993.4587201151398,86.49885057471265,958.9287391577826,72.2919540229885,1014.2293861953415,18.535632183908046,950.8384666508399,29.06896551724138,961.0267047897529,88.72873563218391,975.6964033817715,59.024827586206904
419,993.4587201151398,86.1471264367816,958.9287391577826,78.76551724137931,1014.2293861953415,31.40919540229885,950.8384666508399,25.751724137931035,961.0267047897529,87.79080459770115,975.6964033817715,61.972873563218386
420,993.4587201151398,84.73333333333333,958.9287391577826,74.91264367816092,1014.2293861953415,10.501149425287357,950.8384666508399,27.328735632183907,961.0267047897529,86.36091954022989,975.6964033817715,56.76735632183909
421,993.4587201151398,82.36781609195403,958.9287391577826,71.37931034482759,1014.2293861953415,20.039080459770116,950.8384666508399,23.367816091954023,961.0267047897529,87.7977011494253,975.6964033817715,56.990344827586206
422,993.4587201151398,85.71724137931035,958.9287391577826,70.13793103448276,1014.2293861953415,38.63908045977011,950.8384666508399,34.255172413793105,961.0267047897529,85.82298850574712,975.6964033817715,62.91448275862069
423,993.4587201151398,89.68275862068965,958.9287391577826,66.45977011494253,1014.2293861953415,31.064367816091956,950.8384666508399,15.360919540229885,961.0267047897529,83.49885057471265,975.6964033817715,57.21333333333333
424,993.4587201151398,89.1080459770115,958.9287391577826,61.9816091954023,1014.2293861953415,34.271264367816094,950.8384666508399,30.24137931034483,961.0267047897529,80.52413793103449,975.6964033817715,59.225287356321836
425,993.4587201151398,88.2183908045977,958.9287391577826,62.51034482758621,1014.2293861953415,34.99540229885057,950.8384666508399,26.193103448275863,961.0267047897529,88.3632183908046,975.6964033817715,60.05609195402299
426,993.4587201151398,90.54942528735633,958.9287391577826,64.22758620689655,1014.2293861953415,40.83448275862069,950.8384666508399,25.103448275862068,961.0267047897529,87.9103448275862,975.6964033817715,61.72505747126436
427,993.4587201151398,84.50114942528735,958.9287391577826,62.03218390804598,1014.2293861953415,36.51954022988506,950.8384666508399,15.445977011494254,961.0267047897529,87.70574712643678,975.6964033817715,57.24091954022988
428,993.4587201151398,87.63448275862069,958.9287391577826,71.50574712643679,1014.2293861953415,39.99540229885057,950.8384666508399,20.22528735632184,961.0267047897529,89.57931034482759,975.6964033817715,61.78804597701149
429,993.4587201151398,76.5816091954023,958.9287391577826,60.88045977011494,1014.2293861953415,48.95172413793104,950.8384666508399,19.422988505747128,961.0267047897529,87.98390804597702,975.6964033817715,58.764137931034476
430,993.4587201151398,78.82298850574712,958.9287391577826,67.7448275862069,1014.2293861953415,48.94712643678161,950.8384666508399,16.117241379310343,961.0267047897529,88.90574712643678,975.6964033817715,60.107586206896556
431,993.4587201151398,80.07586206896552,958.9287391577826,68.49655172413793,1014.2293861953415,44.68735632183908,950.8384666508399,27.84367816091954,961.0267047897529,88.06206896551724,975.6964033817715,61.83310344827587
432,993.4587201151398,80.68045977011494,958.9287391577826,61.06896551724138,1014.2293861953415,36.52183908045977,950.8384666508399,27.958620689655174,961.0267047897529,92.67586206896551,975.6964033817715,59.781149425287346
433,993.4587201151398,79.37931034482759,958.9287391577826,60.55632183908046,1014.2293861953415,35.42988505747127,950.8384666508399,21.057471264367816,961.0267047897529,87.94942528735632,975.6964033817715,56.87448275862069
434,993.4587201151398,81.53333333333333,958.9287391577826,59.820689655172416,1014.2293861953415,36.99310344827586,950.8384666508399,23.354022988505747,961.0267047897529,86.80459770114942,975.6964033817715,57.70114942528735
435,993.4587201151398,79.60919540229885,958.9287391577826,58.06896551724138,1014.2293861953415,47.820689655172416,950.8384666508399,21.255172413793105,961.0267047897529,86.46436781609195,975.6964033817715,58.64367816091955
436,993.4587201151398,78.3103448275862,958.9287391577826,59.234482758620686,1014.2293861953415,41.5632183908046,950.8384666508399,26.54942528735632,961.0267047897529,90.33333333333333,975.6964033817715,59.19816091954023
437,993.4587201151398,81.6896551724138,958.9287391577826,64.09885057471264,1014.2293861953415,49.82528735632184,950.8384666508399,21.92873563218391,961.0267047897529,88.8896551724138,975.6964033817715,61.2864367816092
438,993.4587201151398,82.46206896551725,958.9287391577826,60.49425287356322,1014.2293861953415,59.252873563218394,950.8384666508399,32.749425287356324,961.0267047897529,90.80459770114942,975.6964033817715,65.15264367816091
439,993.4587201151398,80.71034482758621,958.9287391577826,58.255172413793105,1014.2293861953415,51.48735632183908,950.8384666508399,26.544827586206896,961.0267047897529,88.69655172413793,975.6964033817715,61.13885057471265
440,993.4587201151398,78.0183908045977,958.9287391577826,65.71954022988506,1014.2293861953415,47.87126436781609,950.8384666508399,32.28735632183908,961.0267047897529,90.91724137931034,975.6964033817715,62.96275862068965
441,993.4587201151398,77.75402298850575,958.9287391577826,70.97011494252874,1014.2293861953415,53.50804597701149,950.8384666508399,36.34022988505747,961.0267047897529,90.816091954023,975.6964033817715,65.87770114942528
442,993.4587201151398,79.90344827586208,958.9287391577826,72.8919540229885,1014.2293861953415,54.179310344827584,950.8384666508399,28.183908045977013,961.0267047897529,88.63908045977011,975.6964033817715,64.75954022988506
443,993.4587201151398,82.17011494252874,958.9287391577826,73.6712643678161,1014.2293861953415,41.91264367816092,950.8384666508399,25.170114942528734,961.0267047897529,90.49195402298851,975.6964033817715,62.6832183908046
444,993.4587201151398,82.57931034482759,958.9287391577826,69.50344827586207,1014.2293861953415,53.804597701149426,950.8384666508399,23.239080459770115,961.0267047897529,91.55402298850575,975.6964033817715,64.13609195402299
445,993.4587201151398,79.98850574712644,958.9287391577826,68.49885057471265,1014.2293861953415,57.45057471264368,950.8384666508399,34.51954022988506,961.0267047897529,87.17701149425288,975.6964033817715,65.52689655172415
446,993.4587201151398,79.72183908045977,958.9287391577826,71.78620689655172,1014.2293861953415,51.51494252873563,950.8384666508399,13.073563218390804,961.0267047897529,91.66896551724138,975.6964033817715,61.55310344827585
447,993.4587201151398,81.41379310344827,958.9287391577826,75.64367816091954,1014.2293861953415,45.95172413793104,950.8384666508399,24.080459770114942,961.0267047897529,91.6367816091954,975.6964033817715,63.74528735632183
448,993.4587201151398,83.62068965517241,958.9287391577826,78.0919540229885,1014.2293861953415,43.35632183908046,950.8384666508399,13.540229885057471,961.0267047897529,91.66436781609195,975.6964033817715,62.05471264367816
449,993.4587201151398,80.52413793103449,958.9287391577826,76.15402298850574,1014.2293861953415,54.80689655172414,950.8384666508399,17.606896551724137,961.0267047897529,90.37011494252873,975.6964033817715,63.892413793103444
450,993.4587201151398,83.2183908045977,958.9287391577826,83.03218390804598,1014.2293861953415,48.37471264367816,950.8384666508399,15.526436781609195,961.0267047897529,92.1080459770115,975.6964033817715,64.4519540229885
451,993.4587201151398,84.73103448275862,958.9287391577826,78.33793103448276,1014.2293861953415,53.45287356321839,950.8384666508399,22.098850574712642,961.0267047897529,92.81379310344828,975.6964033817715,66.28689655172414
452,993.4587201151398,84.0919540229885,958.9287391577826,84.53793103448275,1014.2293861953415,55.97931034482759,950.8384666508399,28.682758620689654,961.0267047897529,93.85057471264368,975.6964033817715,69.42850574712642
453,993.4587201151398,84.49195402298851,958.9287391577826,80.60459770114943,1011.5572654758797,71.33333333333333,950.8384666508399,23.70344827586207,961.0267047897529,91.48735632183909,975.1619792378791,70.32413793103449
454,993.4587201151398,84.23448275862069,958.9287391577826,83.93563218390804,1011.5572654758797,64.45287356321839,950.8384666508399,24.333333333333332,961.0267047897529,92.68275862068965,975.1619792378791,69.92781609195401
455,993.4587201151398,76.21149425287356,958.9287391577826,85.44827586206897,1011.5572654758797,72.32643678160919,950.8384666508399,17.22758620689655,961.0267047897529,92.72413793103448,975.1619792378791,68.78758620689655
456,993.4587201151398,77.05057471264368,958.9287391577826,87.82758620689656,1011.5572654758796,75.00919540229886,950.8384666508399,22.135632183908047,961.0267047897529,93.55632183908045,975.1619792378791,71.11586206896553
457,993.4587201151398,74.68505747126437,958.9287391577826,84.32643678160919,1011.5572654758796,79.60459770114943,950.8384666508399,26.689655172413794,961.0267047897529,93.91264367816092,975.1619792378791,71.84367816091954
458,993.4587201151398,76.98620689655172,958.9287391577826,81.20459770114942,1011.5572654758796,78.28045977011494,950.8384666508399,22.951724137931034,961.0267047897529,92.00229885057472,975.1619792378791,70.28505747126437
459,993.4587201151398,75.51494252873563,958.9287391577826,82.2,1011.5572654758796,72.06436781609196,950.8384666508399,38.49655172413793,961.0267047897529,92.49195402298851,975.1619792378791,72.15356321839081
460,993.4587201151398,78.0367816091954,958.9287391577826,77.95632183908046,1011.5572654758796,76.06896551724138,950.8384666508399,33.2,961.0267047897529,89.40919540229885,975.1619792378791,70.93425287356322
461,993.4587201151398,72.85057471264368,958.9287391577826,73.1264367816092,1011.5572654758796,69.39770114942529,950.8384666508399,35.58390804597701,961.0267047897529,88.56551724137931,975.1619792378791,67.90482758620689
462,993.4587201151398,72.53333333333333,958.9287391577826,68.85747126436782,1011.5572654758796,59.91954022988506,950.8384666508399,41.793103448275865,961.0267047897529,88.96551724137932,975.1619792378791,66.41379310344828
463,993.4587201151398,71.85977011494253,958.9287391577826,67.86436781609196,1011.5572654758796,65.77011494252874,950.8384666508399,42.289655172413795,961.0267047897529,88.70114942528735,975.1619792378791,67.29701149425287
464,993.4587201151398,76.03448275862068,958.9287391577826,62.93793103448276,1011.5572654758796,72.54942528735633,950.8384666508399,25.84367816091954,961.0267047897529,83.82988505747126,975.1619792378791,64.23908045977012
465,993.4587201151398,76.68275862068965,958.9287391577826,69.27126436781609,1011.5572654758796,72.29425287356322,950.8384666508399,31.855172413793102,961.0267047897529,83.98390804597702,975.1619792378791,66.81747126436781
466,993.4587201151398,86.4,958.9287391577826,71.26896551724138,1011.5572654758796,67.28505747126437,950.8384666508399,30.671264367816093,961.0267047897529,84.77011494252874,975.1619792378791,68.07908045977011
467,993.4587201151398,87.65977011494253,958.9287391577826,60.12413793103448,1011.5572654758796,66.35402298850575,950.8384666508399,22.0183908045977,961.0267047897529,86.07586206896552,975.1619792378791,64.4464367816092
468,993.4587201151398,87.20689655172414,958.9287391577826,60.719540229885055,1011.5572654758796,67.59540229885057,950.8384666508399,22.27816091954023,961.0267047897529,83.88505747126437,975.1619792378791,64.33701149425288
469,993.4587201151398,85.50804597701149,958.9287391577826,62.03908045977011,1011.5572654758796,68.34712643678161,950.8384666508399,27.788505747126436,961.0267047897529,73.15862068965517,975.1619792378791,63.36827586206897
470,993.4587201151398,87.49885057471265,958.9287391577826,66.51494252873563,1011.5572654758796,64.64367816091954,950.8384666508399,28.347126436781608,961.0267047897529,79.27816091954023,975.1619792378791,65.25655172413792
471,993.4587201151398,85.24367816091954,958.9287391577826,68.38850574712643,1011.5572654758796,60.236781609195404,950.8384666508399,22.8183908045977,961.0267047897529,65.62298850574713,975.1619792378791,60.46206896551725
472,993.4587201151398,86.06666666666666,958.9287391577826,72.54022988505747,1001.4585155689512,62.60459770114942,950.8384666508399,16.47586206896552,961.0267047897529,63.55862068965517,973.1422292564934,60.249195402298845
473,993.4587201151398,85.80229885057472,958.9287391577826,66.58850574712643,1001.4585155689512,62.49655172413793,950.8384666508399,27.54022988505747,961.0267047897529,66.8712643678161,973.1422292564934,61.859770114942535
474,993.4587201151398,86.39310344827587,958.9287391577826,76.42298850574713,1001.4585155689512,66.71724137931035,950.8384666508399,22.03448275862069,961.0267047897529,66.8712643678161,973.1422292564934,63.687816091954026
475,993.4587201151398,86.88275862068966,958.9287391577826,69.6896551724138,1001.4585155689512,73.02988505747126,950.8384666508399,20.595402298850576,961.0267047897529,65.98850574712644,973.1422292564934,63.237241379310355
476,993.4587201151398,85.77011494252874,958.9287391577826,75.02068965517242,1001.4585155689512,72.71494252873563,950.8384666508399,36.110344827586204,961.0267047897529,57.10344827586207,973.1422292564934,65.34390804597702
477,993.4587201151398,84.57471264367815,958.9287391577826,73.63218390804597,1001.4585155689512,73.41609195402299,950.8384666508399,30.372413793103448,961.0267047897529,64.82988505747126,973.1422292564934,65.36505747126435
478,993.4587201151398,84.04827586206896,958.9287391577826,68.17241379310344,1001.4585155689512,75.73333333333333,950.8384666508399,20.28965517241379,961.0267047897529,55.89655172413793,973.1422292564934,60.82804597701149
479,993.4587201151398,85.32413793103449,958.9287391577826,72.71494252873563,995.8706997079645,69.8551724137931,950.8384666508399,35.90574712643678,961.0267047897529,46.9080459770115,972.0246660842961,62.141609195402296
480,993.4587201151398,84.45517241379311,958.9287391577826,70.0896551724138,995.3004834664629,57.216091954022986,950.8384666508399,41.84827586206897,961.0267047897529,53.70574712643678,971.9106228359957,61.46298850574713
481,993.4587201151398,87.77701149425287,958.9287391577826,70.75632183908046,995.3004834664629,59.227586206896554,950.8384666508399,20.616091954022988,961.0267047897529,49.45057471264368,971.9106228359957,57.565517241379304
482,993.4587201151398,87.84597701149426,958.9287391577826,77.8712643678161,995.3004834664629,59.46436781609195,950.8384666508399,32.760919540229885,961.0267047897529,57.296551724137935,971.9106228359957,63.04781609195403
483,993.4587201151398,89.60459770114943,958.9287391577826,82.51954022988505,995.3004834664629,62.66436781609195,950.8384666508399,6.857471264367816,961.0267047897529,57.41379310344828,971.9106228359957,59.8119540229885
484,993.4587201151398,90.08735632183908,958.9287391577826,72.79540229885058,995.3004834664629,45.222988505747125,950.8384666508399,19.914942528735633,961.0267047897529,54.44137931034483,971.9106228359957,56.492413793103445
485,993.4587201151398,89.80919540229885,958.9287391577826,77.9080459770115,995.3004834664629,43.10574712643678,950.8384666508399,20.71954022988506,961.0267047897529,34.50344827586207,971.9106228359957,53.209195402298846
486,993.4587201151398,88.83218390804598,958.9287391577826,72.08505747126436,995.3004834664629,27.72873563218391,950.8384666508399,17.588505747126437,961.0267047897529,32.694252873563215,971.9106228359957,47.78574712643678
487,993.4587201151398,90.2919540229885,958.9287391577826,67.51034482758621,995.3004834664629,38.97011494252874,950.8384666508399,18.188505747126438,961.0267047897529,27.698850574712644,971.9106228359957,48.53195402298851
488,993.4587201151398,89.93793103448276,958.9287391577826,59.777011494252875,995.3004834664629,24.84367816091954,950.8384666508399,27.333333333333332,961.0267047897529,26.866666666666667,971.9106228359957,45.75172413793104
489,993.4587201151398,87.32183908045977,958.9287391577826,63.694252873563215,995.3004834664629,21.377011494252873,950.8384666508399,34.793103448275865,961.0267047897529,39.6551724137931,971.9106228359957,49.36827586206897
490,993.4587201151398,89.55402298850575,958.9287391577826,66.93103448275862,995.3004834664629,26.517241379310345,950.8384666508399,29.489655172413794,961.0267047897529,37.71264367816092,971.9106228359957,50.04091954022989
491,993.4587201151398,86.36091954022989,958.9287391577826,70.62988505747127,995.3004834664629,27.50344827586207,950.8384666508399,32.172413793103445,961.0267047897529,29.27126436781609,971.9106228359957,49.187586206896555
492,993.4587201151398,87.78850574712644,958.9287391577826,70.69655172413793,995.3004834664629,20.032183908045976,950.8384666508399,11.997701149425287,961.0267047897529,18.142528735632183,971.9106228359957,41.73149425287356
493,993.4587201151398,90.34252873563219,958.9287391577826,70.53103448275863,995.3004834664629,29.457471264367815,950.8384666508399,15.004597701149425,961.0267047897529,25.144827586206898,971.9106228359957,46.096091954022995
494,993.4587201151398,90.10114942528736,958.9287391577826,50.765517241379314,995.3004834664629,23.816091954022987,950.8384666508399,30.666666666666668,961.0267047897529,28.54022988505747,971.9106228359957,44.77793103448276
495,993.4587201151398,88.81149425287356,958.9287391577826,56.66206896551724,995.3004834664629,32.47126436781609,950.8384666508399,19.004597701149425,961.0267047897529,32.90344827586207,971.9106228359957,45.97057471264368
496,993.4587201151398,92.64367816091954,958.9287391577826,55.65977011494253,988.1480768888523,16.455172413793104,950.8384666508399,35.40229885057471,961.0267047897529,15.48735632183908,970.4801415204736,43.12965517241379
497,993.4587201151398,88.50114942528735,958.9287391577826,63.10114942528735,988.1480768888523,20.05977011494253,950.8384666508399,42.33103448275862,961.0267047897529,17.085057471264367,970.4801415204736,46.21563218390804
498,993.4587201151398,82.93103448275862,958.9287391577826,53.60689655172414,988.1480768888523,20.28045977011494,950.8384666508399,26.949425287356323,961.0267047897529,20.811494252873562,970.4801415204736,40.91586206896552
499,993.4587201151398,87.92183908045978,958.9287391577826,55.12643678160919,988.1480768888523,25.645977011494253,950.8384666508399,18.167816091954023,961.0267047897529,28.335632183908046,970.4801415204736,43.03954022988506
500,993.4587201151398,87.4,958.9287391577826,55.64367816091954,988.1480768888523,11.898850574712643,950.8384666508399,17.273563218390805,961.0267047897529,28.360919540229887,970.4801415204736,40.115402298850576
