generation,fitness_run_1,diversity_run_1,fitness_run_2,diversity_run_2,fitness_run_3,diversity_run_3,fitness_run_4,diversity_run_4,fitness_run_5,diversity_run_5,fitness_average,diversity_average
1,3216.2823549492405,18.703566592255758,3121.348766898139,18.502974196625463,3235.32876328018,18.61503862618482,3224.5980625840302,18.593399362298243,3022.5640766694637,18.45170842258982,3164.0244048762106,18.57333743999082
2,3216.2823549492405,18.376268821450296,3121.348766898139,17.947539273721414,3235.32876328018,18.25391131221258,3224.539556245366,18.0153512985487,3022.5640766694637,17.849880434560156,3164.0127036084778,18.08859022809863
3,3147.2202115961018,18.167535387735786,3121.348766898139,18.071429614248405,3235.32876328018,17.75632812058662,3169.545650646573,17.489652449360843,3022.5640766694637,17.923541429538837,3139.2014938180914,17.881697400294097
4,3100.0568701208417,17.973894594119432,3121.348766898139,17.93158475795211,3235.32876328018,17.608363395454063,3169.545650646573,17.28342844481838,3022.5640766694637,18.142011241069163,3129.7688255230396,17.78785648668263
5,3100.0568701208417,17.866163460734228,3121.348766898139,18.08560520997174,3235.32876328018,17.34669887085148,3169.545650646573,17.603665616375153,3022.5640766694637,17.713670566336393,3129.7688255230396,17.723160744853796
6,3090.73194860461,17.59628137251475,3121.348766898139,17.618510423218176,3050.114008157227,17.459027305996056,3108.6830956158306,17.8029909844548,3022.5640766694637,17.69402078368393,3078.6883791890536,17.63416617397354
7,3090.73194860461,17.74858649751288,3121.348766898139,17.630798240927064,3050.114008157227,17.552084014754076,3108.6830956158306,17.538922649820382,3022.5640766694637,17.645424985182103,3078.6883791890536,17.6231632776393
8,3090.73194860461,17.765986383528976,3121.348766898139,17.486441383618253,3050.114008157227,17.619979997878936,3108.6830956158306,17.43255100044385,3022.5640766694637,17.680759223522262,3078.6883791890536,17.597143597798457
9,3090.73194860461,17.56358207276329,3121.348766898139,17.30909324160099,3050.114008157227,17.453448090144352,3108.6830956158306,17.40455865621364,3022.5640766694637,17.554076330422273,3078.6883791890536,17.45695167822891
10,3090.73194860461,17.759790028329803,3121.348766898139,17.372289291844936,3050.114008157227,17.608369298927688,3108.6830956158306,17.394706098279165,3022.5640766694637,18.01993899736504,3078.6883791890536,17.63101874294933
11,3090.73194860461,17.79257846105481,3064.524610015412,17.239138892587913,3050.114008157227,17.781025450621136,3108.6830956158306,17.533648012234384,3022.5640766694637,17.622233019039538,3067.3235478125084,17.593724767107556
12,3090.73194860461,17.725844356247567,3064.524610015412,17.390598138059918,3050.114008157227,17.954531630971907,3108.6830956158306,18.11215899266506,3022.5640766694637,18.17921063187706,3067.3235478125084,17.872468749964302
13,3090.73194860461,17.78460963321861,3064.524610015412,17.557758307698304,3050.114008157227,18.078626304634103,3108.6830956158306,17.81986880272096,3022.5640766694637,17.588626208307744,3067.3235478125084,17.765897851315945
14,3073.600022638476,18.03200648462291,3064.524610015412,17.974670956660585,3050.114008157227,17.598313892826678,3108.6830956158306,17.178122187646867,3022.5640766694637,17.23337208791002,3063.8971626192815,17.603297121933412
15,3073.600022638476,18.107524744927943,2964.8351123438274,17.80817679075153,3050.114008157227,17.756742841337587,3108.6830956158306,17.68674336290012,3022.5640766694637,17.394185763183348,3043.9592630849647,17.750674700620102
16,3073.600022638476,17.60605896574114,2964.8351123438274,17.817900894901225,3050.114008157227,17.513124772554445,3108.6830956158306,17.511617508634895,3022.5640766694637,17.452556368936243,3043.9592630849647,17.580251702153593
17,3073.600022638476,17.407668608978426,2964.8351123438274,18.182151030105423,3050.114008157227,17.36589931386397,3108.6830956158306,17.414445385243383,3022.5640766694637,17.999149737822915,3043.9592630849647,17.673862815202824
18,3073.600022638476,17.79310598140248,2964.8351123438274,17.79521827673562,3050.114008157227,17.579102515551252,3108.6830956158306,17.983009942956443,3022.5640766694637,17.6535655875445,3043.9592630849647,17.760800460838063
19,3049.0546802835875,18.123366174144888,2964.8351123438274,18.029801054608473,3050.114008157227,17.673255200405805,3070.6777881312973,17.999501829144304,3022.5640766694637,17.4065185489592,3031.4491331170802,17.846488561452535
20,3049.0546802835875,17.294419427592008,2964.8351123438274,18.29431360613122,3050.114008157227,17.69916198443975,3070.6777881312973,17.73101516647559,3022.5640766694637,17.553742178132673,3031.4491331170802,17.714530472554248
21,3049.0546802835875,17.568371592929438,2964.8351123438274,18.406530592297997,3050.114008157227,17.6649932926463,3070.6777881312973,17.817386472964465,3022.5640766694637,17.758456685538622,3031.4491331170802,17.843147727275362
22,3049.0546802835875,17.32339127771221,2964.8351123438274,18.037241965391523,3050.114008157227,17.64869606933752,3070.6777881312973,17.63593235667393,3022.5640766694637,17.963626092018774,3031.4491331170802,17.72177755222679
23,3049.0546802835875,17.67964935304271,2964.8351123438274,17.761816618676516,3050.114008157227,17.80602218709543,3070.6777881312973,17.264232237896664,3022.5640766694637,17.857070783043284,3031.4491331170802,17.67375823595092
24,3049.0546802835875,17.974638088880862,2964.8351123438274,17.75490551040927,3050.114008157227,17.98028539566207,3070.6777881312973,17.28015321544345,3022.5640766694637,17.82783089729419,3031.4491331170802,17.763562621537968
25,3049.0546802835875,17.69970331008871,2964.8351123438274,17.796564692832547,3050.114008157227,17.904004274884777,3070.6777881312973,17.38106297595176,3022.5640766694637,18.197672023770618,3031.4491331170802,17.795801455505682
26,3049.0546802835875,17.855692196245652,2964.8351123438274,17.870567788618168,3050.114008157227,18.04637401812686,3070.6777881312973,17.81804063735929,3022.5640766694637,17.797478982816045,3031.4491331170802,17.8776307246332
27,3049.0546802835875,18.177438518290856,2964.8351123438274,17.833955509335023,3050.114008157227,17.633200467216795,3070.6777881312973,17.42783070515267,3022.5640766694637,17.5766074930098,3031.4491331170802,17.729806538601032
28,3049.0546802835875,17.945718442436362,2964.8351123438274,18.033512560386026,3050.114008157227,17.42042072087844,3070.6777881312973,17.557742239437154,3022.5640766694637,17.38265226878393,3031.4491331170802,17.66800924638438
29,3049.0546802835875,18.043471507201154,2964.8351123438274,18.15760404396211,3050.114008157227,17.816884303568898,3070.6777881312973,17.972878319771613,3022.5640766694637,17.902134116193746,3031.4491331170802,17.978594458139504
30,3049.0546802835875,17.989966083665742,2964.8351123438274,17.875401964805427,3050.114008157227,17.938597941260475,3070.6777881312973,17.724391332370228,3022.5640766694637,17.596847653157585,3031.4491331170802,17.82504099505189
31,3049.0546802835875,17.93777991877677,2964.8351123438274,17.724155242851754,3050.114008157227,17.84377198113545,3070.6777881312973,18.126847882014463,3022.5640766694637,17.728968122075702,3031.4491331170802,17.872304629370824
32,3049.0546802835875,17.54249775589959,2964.8351123438274,17.326195672785023,3050.114008157227,17.613507310641015,3070.6777881312973,17.58802143831148,3022.5640766694637,17.93215053256871,3031.4491331170802,17.600474542041162
33,3049.0546802835875,17.869232559209102,2964.8351123438274,17.55001689931688,3050.114008157227,18.30138369398378,3070.6777881312973,17.492222313039527,3022.5640766694637,18.307994795750435,3031.4491331170802,17.904170052259946
34,3029.257282418715,17.58447307379952,2964.8351123438274,17.687374646007267,3050.114008157227,18.00168791707086,3070.6777881312973,17.500162530368154,3022.5640766694637,17.695367127941577,3027.489653544106,17.693813059037474
35,3029.257282418715,17.479151797073783,2964.8351123438274,17.543558782439792,3050.114008157227,18.113766698811315,3070.6777881312973,17.653200944759096,3022.5640766694637,17.47091023681776,3027.489653544106,17.652117691980347
36,3029.257282418715,17.44657038275352,2964.8351123438274,17.40766182421795,3050.114008157227,17.642282280915218,3070.6777881312973,17.907898625188224,3022.5640766694637,17.93941255090893,3027.489653544106,17.66876513279677
37,3029.257282418715,18.097632776883128,2964.8351123438274,17.904064005037316,3050.114008157227,17.407980195881866,3070.6777881312973,17.608630659316137,3022.5640766694637,17.848791714470874,3027.489653544106,17.773419870317863
38,3029.257282418715,17.87990940085979,2964.8351123438274,17.76982972874504,3050.114008157227,18.00482947716615,3070.6777881312973,17.65397878928509,3022.5640766694637,17.775093408726438,3027.489653544106,17.8167281609565
39,3029.257282418715,17.641291732329652,2964.8351123438274,17.78238702129044,3050.114008157227,18.184105696228436,3070.6777881312973,17.515942064140994,3022.5640766694637,18.24100421374208,3027.489653544106,17.87294614554632
40,3029.257282418715,17.60935186853391,2964.8351123438274,17.51797334129196,3050.114008157227,17.74854089460448,3070.6777881312973,17.599493351291937,3022.5640766694637,17.946597898183757,3027.489653544106,17.684391470781208
41,3029.257282418715,17.93164812832347,2964.8351123438274,17.67379506143183,3050.114008157227,18.0451887002939,3070.6777881312973,17.39446447004808,3022.5640766694637,17.407443570708608,3027.489653544106,17.690507986161176
42,3029.257282418715,18.06925663255658,2964.8351123438274,17.66801168842113,3050.114008157227,18.11602543999466,3070.6777881312973,17.753051328186935,3022.5640766694637,17.91114606799789,3027.489653544106,17.90349823143144
43,3029.257282418715,17.821092988927667,2964.8351123438274,17.689036161226703,3050.114008157227,17.907800015142733,3070.6777881312973,17.678476646537725,3022.5640766694637,18.013991167918633,3027.489653544106,17.82207939595069
44,3029.257282418715,18.107951708557227,2964.8351123438274,17.43773561103805,3050.114008157227,17.471780674234793,3070.6777881312973,17.592167137098176,3022.5640766694637,18.04618189053503,3027.489653544106,17.73116340429265
45,3029.257282418715,17.584804905643075,2964.8351123438274,18.025441687303207,3050.114008157227,17.576937100126123,3070.6777881312973,17.738080854383046,3022.5640766694637,17.81281831563157,3027.489653544106,17.747616572617407
46,3029.257282418715,17.880057576242763,2964.8351123438274,17.72161327568478,3050.114008157227,18.056692417827016,3070.6777881312973,18.09595805017681,3002.564509934779,17.431737172350868,3023.4897401971693,17.837211698456446
47,3029.257282418715,17.818693989707565,2964.8351123438274,17.621598739347057,3050.114008157227,17.572419564330932,3070.6777881312973,17.96017867572694,3002.564509934779,17.704916813107246,3023.4897401971693,17.735561556443947
48,3029.257282418715,17.544085265556674,2964.8351123438274,17.777478033378145,3050.114008157227,17.445949346585884,3070.6777881312973,18.088663298662368,3002.564509934779,17.506606143437054,3023.4897401971693,17.672556417524024
49,3029.257282418715,17.484828604227026,2964.8351123438274,17.69090574460098,3050.114008157227,17.558429559047344,3070.6777881312973,18.003166929114144,3002.564509934779,17.49898778904997,3023.4897401971693,17.647263725207893
50,3029.257282418715,17.37321521033939,2964.8351123438274,17.547752067064717,3050.114008157227,17.816841479004083,3070.6777881312973,17.82601427336588,3002.564509934779,17.73197567038508,3023.4897401971693,17.659159740031832
51,3029.257282418715,17.353182493899027,2964.8351123438274,17.354614355674027,3050.114008157227,17.46449110793924,3070.6777881312973,17.660972362915963,3002.564509934779,17.462476257588506,3023.4897401971693,17.459147315603353
52,3029.257282418715,17.608760475443532,2964.8351123438274,17.41473423806028,3050.114008157227,17.65188415777576,3070.6777881312973,17.59738996071382,3002.564509934779,17.910254852653463,3023.4897401971693,17.63660473692937
53,3029.257282418715,17.576897370791865,2964.8351123438274,17.41229537031223,3050.114008157227,17.781926741554994,3070.6777881312973,17.496703226845572,3002.564509934779,18.085805162452715,3023.4897401971693,17.670725574391476
54,3029.257282418715,17.809017949706917,2964.8351123438274,17.560806779304666,3050.114008157227,17.551014053301248,3070.6777881312973,17.984477384828907,3002.564509934779,17.956724160376584,3023.4897401971693,17.77240806550366
55,3029.257282418715,17.913470164413813,2964.8351123438274,17.75653152313183,3050.114008157227,17.72636135617368,3070.6777881312973,18.12280869184763,3002.564509934779,17.552355723304395,3023.4897401971693,17.81430549177427
56,3029.257282418715,17.487270725667052,2964.8351123438274,17.488720228680165,3050.114008157227,17.99557654271753,3070.6777881312973,17.857168516381275,3002.564509934779,17.910612792899915,3023.4897401971693,17.747869761269186
57,3029.257282418715,17.645520228486347,2964.8351123438274,17.665321796385708,3050.114008157227,18.043945397491793,3070.6777881312973,17.793317130030108,3002.564509934779,17.887544252444616,3023.4897401971693,17.807129760967715
58,3029.257282418715,18.08028772372198,2964.8351123438274,17.58135235405135,3050.114008157227,17.85484885925802,3070.6777881312973,17.679535113524942,3002.564509934779,17.846625304914415,3023.4897401971693,17.80852987109414
59,3029.257282418715,17.789503300031797,2964.8351123438274,17.547045078428788,3050.114008157227,17.528213785327715,3008.195898438133,17.45169061305706,3002.564509934779,17.93462517092886,3010.9933622585363,17.65021558955484
60,3029.257282418715,17.67389191870725,2964.8351123438274,17.83917311009449,3050.114008157227,18.0312091514713,3008.195898438133,17.588616373320495,3002.564509934779,17.8886602750687,3010.9933622585363,17.804310165732446
61,3029.257282418715,17.95152570009213,2964.8351123438274,17.900971143998493,3050.114008157227,18.201225288886267,3008.195898438133,17.716069290079567,3002.564509934779,17.89616836485677,3010.9933622585363,17.933191957582647
62,3029.257282418715,17.608351977973786,2964.8351123438274,17.63498489236891,3050.114008157227,17.744935863418142,3008.195898438133,18.14568946447076,3002.564509934779,18.30144822940438,3010.9933622585363,17.887082085527197
63,3029.257282418715,17.598555978035023,2964.8351123438274,17.291683565317165,3050.114008157227,17.63459907488092,3008.195898438133,17.776821507653967,3002.564509934779,18.10232837523252,3010.9933622585363,17.680797700223916
64,3029.257282418715,18.01555519612379,2964.8351123438274,17.381205063050206,3050.114008157227,18.196626288305445,3008.195898438133,18.15307511915143,3002.564509934779,17.902206731255784,3010.9933622585363,17.929733679577332
65,3029.257282418715,17.75703412856766,2964.8351123438274,17.825210540955965,3050.114008157227,18.103532135031678,3008.195898438133,18.026258586801177,3002.564509934779,18.0086576817645,3010.9933622585363,17.944138614624197
66,3029.257282418715,17.611826822873006,2964.8351123438274,17.78644420382592,3050.114008157227,17.765842544854106,3008.195898438133,17.94849779007537,3002.564509934779,17.54075321525035,3010.9933622585363,17.73067291537575
67,3029.257282418715,17.83515576671067,2964.8351123438274,17.669662886453118,3050.114008157227,17.62578867054071,3008.195898438133,18.103630438987114,3002.564509934779,17.495169675173937,3010.9933622585363,17.745881487573108
68,3029.257282418715,17.633932910664353,2964.8351123438274,18.080234272278553,3050.114008157227,17.64308237380869,3008.195898438133,17.73947173803022,3002.564509934779,17.451524677025933,3010.9933622585363,17.70964919436155
69,3029.257282418715,17.403000373164446,2964.8351123438274,17.521261427753497,3050.114008157227,17.9660987830777,3008.195898438133,17.774149303785148,3002.564509934779,17.865444566235492,3010.9933622585363,17.705990890803257
70,3029.257282418715,17.430678452747966,2964.8351123438274,17.678352627655375,3050.114008157227,17.537721738397824,3008.195898438133,17.788677836159025,3002.564509934779,17.923824631609662,3010.9933622585363,17.67185105731397
71,3029.257282418715,17.30924124175826,2964.8351123438274,17.982442542304547,3050.114008157227,17.548822283973102,3008.195898438133,17.881391712488366,3002.564509934779,17.723234992510765,3010.9933622585363,17.689026554607008
72,3029.257282418715,17.90384010570673,2964.8351123438274,17.81041540127276,3050.114008157227,17.58406725945481,3008.195898438133,17.95441884239428,3002.564509934779,17.49457157737256,3010.9933622585363,17.749462637240224
73,3029.257282418715,17.872839404072966,2964.8351123438274,17.809697021059876,3050.114008157227,17.69913806939892,3008.195898438133,17.389154474616646,3002.564509934779,17.76354146343576,3010.9933622585363,17.70687408651683
74,3029.257282418715,17.851152276292797,2964.8351123438274,17.90132418375864,3050.114008157227,17.999081177603607,3008.195898438133,17.53037539734139,3002.564509934779,17.919501419337013,3010.9933622585363,17.84028689086669
75,3029.257282418715,17.924557126553985,2964.8351123438274,17.455289437573278,3050.114008157227,17.9273410442358,3008.195898438133,17.554985848833763,3002.564509934779,17.759185825507597,3010.9933622585363,17.724271856540888
76,3029.257282418715,17.904732761783652,2964.8351123438274,17.70988174901102,3050.114008157227,17.609944226443528,3008.195898438133,17.609203613826455,3002.564509934779,17.57904187810805,3010.9933622585363,17.68256084583454
77,3029.257282418715,18.08483515922618,2964.8351123438274,17.932968802324403,3050.114008157227,17.709501873492446,3008.195898438133,17.61391609286487,3002.564509934779,17.57938026398994,3010.9933622585363,17.784120438379567
78,3029.257282418715,17.696895118112703,2964.8351123438274,17.54406294593481,3050.114008157227,17.715621610475903,2953.3771980390316,17.54586742267873,3002.564509934779,17.961421930015792,3000.029622178716,17.692773805443586
79,3029.257282418715,17.875840620701524,2964.8351123438274,17.536332007292195,3050.114008157227,17.562872430678976,2953.3771980390316,17.42355775458562,3002.564509934779,17.903210262699304,3000.029622178716,17.660362615191524
80,3029.257282418715,17.67958456704921,2964.8351123438274,17.92761114374935,3050.114008157227,17.82994952345918,2953.3771980390316,17.814416413976456,3002.564509934779,17.73370587242568,3000.029622178716,17.797053504131974
81,3029.257282418715,17.582249440017947,2964.8351123438274,17.726999591097893,3050.114008157227,17.708704223223776,2953.3771980390316,17.552026195949914,3002.564509934779,17.671788164250223,3000.029622178716,17.64835352290795
82,3029.257282418715,17.41253923778133,2964.8351123438274,17.470606807748577,3050.114008157227,17.729621190804206,2953.3771980390316,17.66190915492321,3002.564509934779,17.44114901745667,3000.029622178716,17.5431650817428
83,3029.257282418715,17.560611302005928,2964.8351123438274,18.05512220276296,3050.114008157227,17.565603277227545,2953.3771980390316,18.091256725282353,3002.564509934779,17.62864192920486,3000.029622178716,17.78024708729673
84,3029.257282418715,17.66217920513429,2964.8351123438274,17.690516945100143,3050.114008157227,17.95661629667892,2953.3771980390316,17.771065452971683,3002.564509934779,18.041649988026393,3000.029622178716,17.824405577582286
85,3029.257282418715,17.952755880120268,2964.8351123438274,17.72955740758226,3050.114008157227,18.10092696649114,2953.3771980390316,17.368792284305943,3002.564509934779,18.107015939126427,3000.029622178716,17.85180969552521
86,3029.257282418715,17.821915452120873,2964.8351123438274,17.43574068391091,3050.114008157227,18.060157334648935,2953.3771980390316,17.763745560797286,3002.564509934779,17.960209417429564,3000.029622178716,17.808353689781516
87,3029.257282418715,17.829187964396368,2964.8351123438274,18.15521443282348,3050.114008157227,18.23170535923547,2953.3771980390316,17.752057611007267,3002.564509934779,18.179745715502865,3000.029622178716,18.02958221659309
88,3029.257282418715,18.1473416937055,2964.8351123438274,17.93849332418272,3050.114008157227,17.966205556328713,2953.3771980390316,17.98621920950703,3002.564509934779,18.09102729919766,3000.029622178716,18.025857416584323
89,3029.257282418715,17.93894370221376,2964.8351123438274,18.042656577831863,3050.114008157227,18.271510409511365,2953.3771980390316,17.645050310466296,3002.564509934779,18.16679030852796,3000.029622178716,18.01299026171025
90,3029.257282418715,18.194828167863825,2964.8351123438274,17.579161886666622,3050.114008157227,17.770247484903567,2953.3771980390316,17.826173858982077,3002.564509934779,17.679902316584666,3000.029622178716,17.810062743000152
91,3029.257282418715,17.87611447342769,2964.8351123438274,17.74156750872083,3050.114008157227,17.54502219157029,2953.3771980390316,18.080795828282405,3002.564509934779,17.822841091138955,3000.029622178716,17.813268218628032
92,3029.257282418715,17.536109272233414,2964.8351123438274,17.928818902597776,3050.114008157227,17.618927256485144,2953.3771980390316,17.76060822887335,3002.564509934779,17.761470551098203,3000.029622178716,17.721186842257573
93,3029.257282418715,17.370132531067213,2964.8351123438274,17.79067982073062,3050.114008157227,17.532830964085527,2953.3771980390316,17.92174279768476,3002.564509934779,17.803284817538554,3000.029622178716,17.683734186221336
94,3029.257282418715,17.647543104473982,2964.8351123438274,18.043032531095502,3050.114008157227,17.657966564696014,2953.3771980390316,18.027022128899034,3002.564509934779,17.40444401656115,3000.029622178716,17.75600166914514
95,3029.257282418715,17.51550825033614,2964.8351123438274,18.118769820790256,3050.114008157227,17.719601957546057,2953.3771980390316,17.619104308281184,3002.564509934779,17.831428585123483,3000.029622178716,17.760882584415423
96,3029.257282418715,17.518230187407447,2964.8351123438274,17.709469417962666,3050.114008157227,17.884782701711302,2953.3771980390316,17.49808760748459,3002.564509934779,17.723808851808464,3000.029622178716,17.666875753274894
97,3029.257282418715,17.504330257039882,2964.8351123438274,17.737539740464825,3050.114008157227,18.012268282191123,2953.3771980390316,17.76460773262799,3002.564509934779,17.625332081585285,3000.029622178716,17.72881561878182
98,3029.257282418715,17.575270953350163,2964.8351123438274,17.807476115565805,3050.114008157227,18.142295214584948,2953.3771980390316,17.969259239477942,3002.564509934779,17.69573671823435,3000.029622178716,17.838007648242645
99,3029.257282418715,18.25753172038527,2964.8351123438274,17.703664394553115,3050.114008157227,18.093174217132585,2953.3771980390316,17.917596295773812,3002.564509934779,17.327999526273583,3000.029622178716,17.859993230823672
100,3029.257282418715,18.237913545999334,2964.8351123438274,17.911953604189094,3050.114008157227,17.763464925220774,2953.3771980390316,18.10839198892509,3002.564509934779,17.96663264755178,3000.029622178716,17.997671342377213
101,3029.257282418715,17.890757025012565,2964.8351123438274,17.66202222621217,3050.114008157227,17.471238686320095,2953.3771980390316,18.106367005877782,3002.564509934779,17.817694044772377,3000.029622178716,17.789615797638998
102,3029.257282418715,17.507057491206997,2964.8351123438274,18.176188329823827,3050.114008157227,17.45483896427204,2953.3771980390316,17.69315911405199,3002.564509934779,18.000879404037054,3000.029622178716,17.766424660678382
103,3029.257282418715,17.659188443402403,2964.8351123438274,18.09281430474782,3050.114008157227,17.383256050116028,2953.3771980390316,18.23627522705458,3002.564509934779,17.917808988999536,3000.029622178716,17.857868602864073
104,3029.257282418715,17.479283327174194,2964.8351123438274,18.159761043803048,3050.114008157227,17.985906133663896,2953.3771980390316,17.70774562473447,3002.564509934779,17.92780528460583,3000.029622178716,17.85210028279629
105,3029.257282418715,17.420027894854908,2964.8351123438274,18.122936198492656,3050.114008157227,18.187301760338393,2953.3771980390316,17.808938710923577,3002.564509934779,17.86416816707874,3000.029622178716,17.880674546337655
106,3029.257282418715,17.776738717529657,2964.8351123438274,18.206900518532464,3050.114008157227,17.890927007423187,2953.3771980390316,18.14736707650138,3002.564509934779,17.84491654466961,3000.029622178716,17.97336997293126
107,3029.257282418715,17.68782238875527,2964.8351123438274,17.760771451741473,3050.114008157227,17.941026416770747,2953.3771980390316,18.03080370694327,3002.564509934779,18.174217539918832,3000.029622178716,17.918928300825918
108,3029.257282418715,17.609679235406617,2964.8351123438274,17.496578842540746,3050.114008157227,17.738671991389463,2953.3771980390316,17.837703831367488,3002.564509934779,18.02826456198173,3000.029622178716,17.74217969253721
109,3029.257282418715,17.554958581560832,2964.8351123438274,17.36053789455429,3050.114008157227,17.693808432096418,2953.3771980390316,18.092688248091196,3002.564509934779,18.180276116218597,3000.029622178716,17.776453854504265
110,3029.257282418715,17.52209275871888,2964.8351123438274,18.222193766920082,3040.2768818923737,18.013782878119848,2953.3771980390316,17.86821576380742,3002.564509934779,17.656255033631023,2998.0621969257454,17.856508040239454
111,3029.257282418715,17.660537432013832,2964.8351123438274,17.64411192340737,3040.2768818923737,17.834023948847005,2953.3771980390316,17.700961903525357,3002.564509934779,17.761006995301887,2998.0621969257454,17.72012844061909
112,3029.257282418715,17.50130131958894,2964.8351123438274,17.56306068667705,3040.2768818923737,17.64247914547656,2953.3771980390316,17.99129090824215,3002.564509934779,18.090778733354917,2998.0621969257454,17.757782158667926
113,3029.257282418715,17.64267651720892,2964.8351123438274,17.55444467104971,3040.2768818923737,17.668630722232848,2953.3771980390316,18.040908022234756,3002.564509934779,17.9730504000748,2998.0621969257454,17.775942066560205
114,3029.257282418715,17.730815094977093,2964.8351123438274,17.364007152413063,3040.2768818923737,18.021471941694575,2953.3771980390316,17.64770709137428,3002.564509934779,17.771276600718085,2998.0621969257454,17.70705557623542
115,3029.257282418715,17.458636900000606,2964.8351123438274,17.910463528022106,3040.2768818923737,17.89046000175634,2953.3771980390316,17.885114066738446,3002.564509934779,17.725039422005533,2998.0621969257454,17.773942783704605
116,3029.257282418715,17.4239021075085,2964.8351123438274,17.85009783792502,3040.2768818923737,18.089144724415643,2953.3771980390316,17.957801858759282,3002.564509934779,17.727621268133266,2998.0621969257454,17.809713559348342
117,3029.257282418715,18.20515098450906,2964.8351123438274,17.80719046584745,3040.2768818923737,17.87486337164038,2953.3771980390316,17.313129125019856,3002.564509934779,17.8267451783198,2998.0621969257454,17.80541582506731
118,3029.257282418715,18.12952553135361,2964.8351123438274,17.601023087166503,3040.2768818923737,18.05955711135163,2953.3771980390316,17.3377699300746,3002.564509934779,18.017860223457557,2998.0621969257454,17.82914717668078
119,3029.257282418715,17.702027013682233,2964.8351123438274,17.263629071745093,3040.2768818923737,17.543830999110988,2937.2086378864415,17.770554556727813,3002.564509934779,17.437915136194096,2994.828484895227,17.543591355492044
120,3029.257282418715,17.722497140559923,2964.8351123438274,17.811523599807487,3040.2768818923737,17.46574555424583,2937.2086378864415,17.90399812405698,3002.564509934779,17.494933047844476,2994.828484895227,17.67973949330294
121,3029.257282418715,18.21328751424937,2964.8351123438274,17.77410587900063,3040.2768818923737,17.47665949611338,2937.2086378864415,17.99646738629322,3002.564509934779,17.535558160161695,2994.828484895227,17.79921568716366
122,3029.257282418715,18.016410482405266,2964.8351123438274,17.46339034393164,3040.2768818923737,17.601161005265293,2937.2086378864415,17.91609026096994,3002.564509934779,17.505032309715915,2994.828484895227,17.70041688045761
123,3029.257282418715,18.060091360037863,2964.8351123438274,17.537177269280104,3040.2768818923737,18.253323711316085,2937.2086378864415,17.54951243975827,3002.564509934779,17.764845195249542,2994.828484895227,17.832989995128372
124,3029.257282418715,17.538989352158033,2964.8351123438274,18.092547303714348,3040.2768818923737,17.706704876808903,2937.2086378864415,17.475167393993555,3002.564509934779,17.556891596799442,2994.828484895227,17.674060104694856
125,3029.257282418715,17.517412290680614,2964.8351123438274,17.854990896108887,3040.2768818923737,18.015374452578627,2937.2086378864415,17.59042918540087,3002.564509934779,17.872093509460456,2994.828484895227,17.77006006684589
126,3029.257282418715,17.56316879975881,2964.8351123438274,18.284486703651496,3040.2768818923737,17.74549722877672,2937.2086378864415,17.52124470222459,3002.564509934779,18.19389272324829,2994.828484895227,17.86165803153198
127,3029.257282418715,17.776777912577842,2964.8351123438274,18.107970287724896,3040.2768818923737,17.52302326609471,2937.2086378864415,17.632754951126838,3002.564509934779,17.9321801231038,2994.828484895227,17.79454130812562
128,3029.257282418715,17.65381540141367,2964.8351123438274,17.595641263041237,3040.2768818923737,17.46505804763478,2937.2086378864415,17.783877673113462,3002.564509934779,18.05059235955852,2994.828484895227,17.709796948952338
129,3029.257282418715,17.917124575600447,2964.8351123438274,17.39544881242351,3040.2768818923737,17.81524762413026,2937.2086378864415,17.910344945168948,3002.564509934779,18.057190801287927,2994.828484895227,17.81907135172222
130,3029.257282418715,17.86137962223768,2964.8351123438274,17.200201888263695,3040.2768818923737,17.503364249261214,2937.2086378864415,17.862680321393846,3002.564509934779,17.806578846753926,2994.828484895227,17.64684098558207
131,3029.257282418715,17.75362566494578,2964.8351123438274,17.451628438849962,3040.2768818923737,17.495117998797813,2937.2086378864415,17.974011459095372,3002.564509934779,17.52559900459731,2994.828484895227,17.63999651325725
132,3029.257282418715,17.71876296271769,2964.8351123438274,17.260803020236686,3040.2768818923737,17.392888963542735,2937.2086378864415,17.530742224238555,3002.564509934779,17.46826949646221,2994.828484895227,17.474293333439576
133,3029.257282418715,17.92821950880425,2964.8351123438274,17.511075255002687,3040.2768818923737,17.734213277410696,2937.2086378864415,17.211317239287386,3002.564509934779,17.48129822773803,2994.828484895227,17.57322470164861
134,3029.257282418715,17.6816723864917,2964.8351123438274,17.725606121509475,3040.2768818923737,17.798780989117663,2937.2086378864415,17.519628338235044,3002.564509934779,17.746858827576933,2994.828484895227,17.69450933258616
135,3029.257282418715,17.698082387296974,2964.8351123438274,17.65852591300881,3040.2768818923737,17.479351073908425,2937.2086378864415,17.606183088874666,3002.564509934779,17.60651176408474,2994.828484895227,17.609730845434722
136,3029.257282418715,17.734098769799587,2964.8351123438274,17.91902570702487,3040.2768818923737,17.7625354395151,2937.2086378864415,17.68648189439163,3002.564509934779,17.49516191640188,2994.828484895227,17.719460745426616
137,3029.257282418715,17.564303566009958,2964.8351123438274,18.018063007269447,3040.2768818923737,17.93552843801001,2937.2086378864415,17.598137665531954,3002.564509934779,17.786708148234098,2994.828484895227,17.78054816501109
138,3029.257282418715,17.800435212602295,2964.8351123438274,17.582879895980955,3040.2768818923737,17.66225870348993,2937.2086378864415,17.67825620525435,3002.564509934779,17.61552581945565,2994.828484895227,17.667871167356633
139,3029.257282418715,17.71211804248372,2964.8351123438274,17.385361758569772,3039.238145720823,17.43643885025405,2937.2086378864415,17.65275247340224,3002.564509934779,17.502672832072406,2994.6207376609173,17.537868791356438
140,3029.257282418715,17.6167662906118,2964.8351123438274,17.932418423458476,3039.238145720823,17.454725701656013,2937.2086378864415,17.654056912182075,3002.564509934779,17.887067390401825,2994.6207376609173,17.70900694366204
141,3029.257282418715,17.67014548617439,2964.8351123438274,17.798173748479307,3039.238145720823,17.5713555352845,2937.2086378864415,17.515305378608335,3002.564509934779,17.76781502028155,2994.6207376609173,17.664559033765617
142,3029.257282418715,17.544726367191657,2964.8351123438274,17.82128416650448,3039.238145720823,17.469033686606306,2937.2086378864415,17.598774584765682,3002.564509934779,17.8124780393708,2994.6207376609173,17.649259368887787
143,3029.257282418715,17.65565142070952,2964.8351123438274,18.061932268684213,3039.238145720823,17.753906658769807,2937.2086378864415,17.459898747990565,3002.564509934779,18.0009608316517,2994.6207376609173,17.786469985561162
144,3029.257282418715,17.525146291289506,2964.8351123438274,18.09513579360443,3039.238145720823,17.318904088711594,2937.2086378864415,17.52219772298358,3002.564509934779,17.916953267054627,2994.6207376609173,17.675667432728748
145,3029.257282418715,17.922469729322707,2964.8351123438274,17.64480595965471,3039.238145720823,17.5137835337329,2937.2086378864415,17.340965731086868,3002.564509934779,17.779158940079864,2994.6207376609173,17.64023677877541
146,3029.257282418715,17.4858541074231,2964.8351123438274,17.859812069003745,3004.934700214179,17.891593102487356,2937.2086378864415,17.27014323557841,3002.564509934779,17.758076995754625,2987.760048559588,17.653095902049447
147,3029.257282418715,17.832216496971757,2964.8351123438274,17.659250421453624,3004.934700214179,17.830862911098688,2937.2086378864415,17.220438522332664,3002.564509934779,17.620799823486113,2987.760048559588,17.632713635068566
148,3029.257282418715,17.810511654367346,2964.8351123438274,17.765887971496756,3004.934700214179,17.570442965096074,2937.2086378864415,17.491110143400157,3002.564509934779,17.66962968414725,2987.760048559588,17.66151648370152
149,3029.257282418715,17.97369636269904,2964.8351123438274,17.75764245479574,3004.934700214179,17.28818999756648,2937.2086378864415,17.622529738129863,3002.564509934779,17.759151609544727,2987.760048559588,17.680242032547174
150,3029.257282418715,18.19635434016847,2964.8351123438274,17.793117187247162,3004.934700214179,18.09166276656949,2937.2086378864415,17.732229993909545,3002.564509934779,18.00347362813761,2987.760048559588,17.963367583206455
151,3029.257282418715,17.801555526755326,2964.8351123438274,17.8506455581376,3004.934700214179,17.75932755821139,2937.2086378864415,17.647604614864136,3002.564509934779,17.674815417953944,2987.760048559588,17.74678973518448
152,3029.257282418715,17.809728243126283,2964.8351123438274,17.618067290914816,3004.934700214179,17.489057111361536,2937.2086378864415,17.604863368653106,3002.564509934779,17.931761677865676,2987.760048559588,17.690695538384283
153,3029.257282418715,17.97607313891719,2964.8351123438274,17.829425015638183,3004.934700214179,17.648485833199864,2937.2086378864415,17.45891294142792,3002.564509934779,17.46250180229798,2987.760048559588,17.675079746296227
154,3029.257282418715,17.82708502983086,2964.8351123438274,17.75305828739382,3004.934700214179,17.607928010186026,2937.2086378864415,17.26309374285582,3002.564509934779,17.74918485573738,2987.760048559588,17.640069985200782
155,3029.257282418715,17.7610677893268,2964.8351123438274,17.446370587659235,3004.934700214179,17.925489721322528,2937.2086378864415,17.785158735580236,3002.564509934779,17.414863971167197,2987.760048559588,17.666590161011197
156,3029.257282418715,17.749082529567193,2964.8351123438274,17.77785301742582,3004.934700214179,17.684016685759772,2937.2086378864415,17.548412083635554,3002.564509934779,17.404149125920835,2987.760048559588,17.632702688461837
157,3029.257282418715,17.741010347165922,2964.8351123438274,17.814904830579287,3004.934700214179,17.621334516041234,2937.2086378864415,17.93309382207131,3002.564509934779,17.809901267359322,2987.760048559588,17.784048956643414
158,3005.7296966400268,17.59342428019785,2964.8351123438274,17.6362254065804,3004.934700214179,17.326480732718817,2937.2086378864415,17.861808364435078,3002.564509934779,17.685889909552476,2983.054531403851,17.620765738696925
159,3005.7296966400268,17.537425763916577,2964.8351123438274,17.640119847117003,3004.934700214179,17.994050138031312,2937.2086378864415,17.504276854381743,3002.564509934779,17.82326376433493,2983.054531403851,17.699827273556313
160,3005.7296966400268,17.882652737538706,2964.8351123438274,17.515950019314438,3004.934700214179,17.81469474290085,2937.2086378864415,17.633345965011515,3002.564509934779,17.940753235268474,2983.054531403851,17.757479340006796
161,3005.7296966400268,17.990411378190256,2964.8351123438274,17.560504987353365,3004.934700214179,17.88778282007161,2937.2086378864415,17.470900256889504,3002.564509934779,18.20173766438829,2983.054531403851,17.822267421378605
162,3005.7296966400268,17.9434487115636,2964.8351123438274,17.870496301436795,3004.934700214179,17.7534500626714,2937.2086378864415,17.71096255844773,3002.564509934779,18.078435004019305,2983.054531403851,17.87135852762777
163,3005.7296966400268,17.60504199267915,2964.8351123438274,17.544384897795847,3004.934700214179,17.98671267889729,2937.2086378864415,17.989903835515026,3002.564509934779,17.728675292968394,2983.054531403851,17.77094373957114
164,3005.7296966400268,17.853875520221653,2964.8351123438274,17.63175823752845,3004.934700214179,17.834120495505587,2937.2086378864415,17.508931124402395,3002.564509934779,17.521123007362256,2983.054531403851,17.669961677004068
165,3005.7296966400268,18.01584912175753,2964.8351123438274,17.599383398290616,3004.934700214179,17.518266170750017,2937.2086378864415,17.50608983886316,3002.564509934779,17.248158197404827,2983.054531403851,17.577549345413228
166,3005.7296966400268,17.851574265074074,2964.8351123438274,17.591641230811607,3004.934700214179,17.91877610202391,2937.2086378864415,18.067773557309486,3002.564509934779,17.203004005678235,2983.054531403851,17.726553832179466
167,3005.7296966400268,17.66302931461859,2964.8351123438274,17.817545704976737,3004.934700214179,18.293343705472402,2937.2086378864415,17.8555900248873,3002.564509934779,17.521666321608496,2983.054531403851,17.830235014312702
168,3005.7296966400268,17.62452837236021,2964.8351123438274,17.85980584799449,3004.934700214179,17.941521949299222,2937.2086378864415,17.735622056727017,3002.564509934779,17.905981517456752,2983.054531403851,17.81349194876754
169,3005.7296966400268,18.120410521685738,2964.8351123438274,17.83037555778125,3004.934700214179,17.834869571787618,2937.2086378864415,17.897919374205372,3002.564509934779,17.874271450318684,2983.054531403851,17.911569295155733
170,3005.7296966400268,17.56416199487561,2964.8351123438274,18.009918943661862,3004.934700214179,17.594383117559612,2937.2086378864415,17.964749819458284,3002.564509934779,17.91336362033137,2983.054531403851,17.80931549917735
171,3005.7296966400268,17.766320118810782,2964.8351123438274,18.09901859255532,3004.934700214179,17.433401493512882,2937.2086378864415,17.766318820871305,3002.564509934779,18.203794578427928,2983.054531403851,17.853770720835644
172,3005.7296966400268,17.780853581825276,2964.8351123438274,17.615987424675787,3004.934700214179,17.496002381796004,2937.2086378864415,17.722461911263757,3002.564509934779,17.732824465456993,2983.054531403851,17.66962595300356
173,3005.7296966400268,17.67462234227041,2964.8351123438274,17.678437519102946,3004.934700214179,17.46666176601388,2937.2086378864415,17.928292050670073,3002.564509934779,17.48004422466592,2983.054531403851,17.645611580544646
174,3005.7296966400268,17.934184058633647,2964.8351123438274,17.67279012107165,3004.934700214179,17.9394696490857,2937.2086378864415,17.76778980425397,3002.564509934779,17.60037959304069,2983.054531403851,17.78292264521713
175,3005.7296966400268,17.69285527670367,2964.8351123438274,17.653672047606022,3004.934700214179,17.92706425602481,2937.2086378864415,17.699389829178685,3002.564509934779,17.687662261182535,2983.054531403851,17.732128734139145
176,3005.7296966400268,17.423211085262807,2964.8351123438274,17.74356334032798,3004.934700214179,18.120874332123133,2937.2086378864415,18.155603607734392,3002.564509934779,17.613589580576956,2983.054531403851,17.811368389205054
177,3005.7296966400268,17.40618533490841,2964.8351123438274,17.469349748231412,3004.934700214179,18.265963321237155,2937.2086378864415,17.828639001713174,3002.564509934779,18.14566379944883,2983.054531403851,17.823160241107793
178,3005.7296966400268,17.426955514641886,2964.8351123438274,17.53246619377902,3004.934700214179,18.041255415166706,2937.2086378864415,17.91482139897094,3002.564509934779,17.887990861187745,2983.054531403851,17.76069787674926
179,3005.7296966400268,17.692174210712285,2964.8351123438274,17.465027283256955,3004.934700214179,17.462814073762445,2937.2086378864415,17.972445571294102,3002.564509934779,17.71392455032204,2983.054531403851,17.661277137869565
180,3005.7296966400268,17.88034140152631,2964.8351123438274,17.45704438753632,3004.934700214179,17.82584565012411,2937.2086378864415,17.783607961955195,3002.564509934779,17.777044556828407,2983.054531403851,17.74477679159407
181,3005.7296966400268,18.05784653847336,2964.8351123438274,17.515705928547415,3004.934700214179,17.57316178441307,2937.2086378864415,17.409301262474653,3002.564509934779,17.355782221035838,2983.054531403851,17.58235954698887
182,3005.7296966400268,17.86501051461514,2964.8351123438274,17.460589359608306,3004.934700214179,17.51412761527661,2937.2086378864415,17.697217864741607,3002.564509934779,17.89191875642368,2983.054531403851,17.685772822133067
183,3005.7296966400268,17.63925155371409,2964.8351123438274,17.711188368923853,3004.934700214179,17.79556975319963,2937.2086378864415,18.015576426578676,3002.564509934779,17.76825390928211,2983.054531403851,17.785968002339672
184,3005.7296966400268,17.575372348423937,2964.8351123438274,17.90620831069028,3004.934700214179,17.66304644571219,2937.2086378864415,18.002021232955972,3002.564509934779,18.07439052866162,2983.054531403851,17.8442077732888
185,3005.7296966400268,17.686129019046632,2964.8351123438274,17.845302490795948,3004.934700214179,17.776204727901778,2937.2086378864415,17.63895287693067,3002.564509934779,17.979104399086893,2983.054531403851,17.785138702752384
186,3005.7296966400268,17.6148162970834,2964.8351123438274,17.54926167955124,3004.934700214179,17.58336447319691,2937.2086378864415,17.817021965239718,3002.564509934779,17.60839971751586,2983.054531403851,17.634572826517427
187,3005.7296966400268,18.100679977859638,2964.8351123438274,17.376953188204944,3004.934700214179,17.879408904386317,2937.2086378864415,17.419470146404723,3002.564509934779,17.814579014287595,2983.054531403851,17.718218246228645
188,3005.7296966400268,17.54483765443787,2964.8351123438274,17.581583483873175,3004.934700214179,17.87537482412843,2937.2086378864415,17.811037534099196,3002.564509934779,17.7020046098728,2983.054531403851,17.702967621282294
189,3005.7296966400268,17.445397247509526,2964.8351123438274,17.686392547255995,3004.934700214179,17.699244029889705,2937.2086378864415,17.60421477042813,3002.564509934779,17.645106189264144,2983.054531403851,17.6160709568695
190,3005.7296966400268,17.498287534806675,2964.8351123438274,17.619256187050045,3004.934700214179,18.06383974988343,2937.2086378864415,18.19234666115996,3002.564509934779,17.689213526583487,2983.054531403851,17.812588731896717
191,3005.7296966400268,17.45632371562131,2964.8351123438274,17.51726454273327,3004.934700214179,17.83479467203123,2937.2086378864415,18.229528987444795,3002.564509934779,17.50497773676206,2983.054531403851,17.70857793091853
192,3005.7296966400268,17.420078113095837,2964.8351123438274,17.766179275681946,3004.934700214179,17.900716738288654,2937.2086378864415,18.03402282560617,3002.564509934779,17.570801475976445,2983.054531403851,17.73835968572981
193,3005.7296966400268,17.55096563368612,2964.8351123438274,17.99041897972006,3004.934700214179,18.00566785726299,2937.2086378864415,17.95681247991728,3002.564509934779,17.602709894220265,2983.054531403851,17.821314968961342
194,3005.7296966400268,17.562742553563083,2964.8351123438274,17.72959299370888,3004.934700214179,17.99200063446747,2937.2086378864415,18.05689273907055,3002.564509934779,17.44855159033674,2983.054531403851,17.757956102229343
195,3005.7296966400268,17.67338314181465,2964.8351123438274,17.687750045211985,3004.934700214179,17.963365315315578,2937.2086378864415,17.849708059020855,3002.564509934779,17.489200982444284,2983.054531403851,17.73268150876147
196,3005.7296966400268,17.55466132677654,2964.8351123438274,17.58511886732812,3004.934700214179,17.845787900766723,2937.2086378864415,17.897729413904525,3002.564509934779,17.430642029076182,2983.054531403851,17.66278790757042
197,3005.7296966400268,17.608737368761986,2964.8351123438274,17.93296765223002,3004.934700214179,17.485673814309898,2937.2086378864415,17.598630972556286,3002.564509934779,17.65871194329013,2983.054531403851,17.656944350229665
198,3005.7296966400268,17.816261284200504,2964.8351123438274,17.65903015845671,3004.934700214179,17.927930419228037,2937.2086378864415,17.40137923581341,3002.564509934779,17.492770987978005,2983.054531403851,17.659474417135332
199,3005.7296966400268,17.762118228538604,2964.8351123438274,18.151892276679295,3004.934700214179,17.59087002089193,2937.2086378864415,17.321094704321123,3002.564509934779,18.09779794020882,2983.054531403851,17.784754634127957
200,3005.7296966400268,17.97906485361799,2964.8351123438274,17.909938330543145,3004.934700214179,17.276329668933137,2937.2086378864415,17.51871756834478,3002.564509934779,18.205084421543933,2983.054531403851,17.777826968596596
201,3005.7296966400268,17.64379562169666,2964.8351123438274,18.16752605693789,3004.934700214179,17.50919136808751,2937.2086378864415,17.58136067022382,2932.6168635194613,17.95704940770901,2969.065002120787,17.77178462493098
202,3005.7296966400268,17.66491107883985,2964.8351123438274,17.79613125358518,3004.934700214179,17.385719881929464,2937.2086378864415,17.9449667382255,2932.6168635194613,17.70076862412938,2969.065002120787,17.698499515341876
203,3005.7296966400268,17.952120235217038,2964.8351123438274,17.708506946471168,3004.934700214179,17.52974925535749,2937.2086378864415,17.681271048231952,2932.6168635194613,17.4458809147692,2969.065002120787,17.663505680009372
204,3005.7296966400268,18.07022979790363,2964.8351123438274,17.376329719221356,3004.934700214179,18.006542649428432,2937.2086378864415,17.60940531512718,2932.6168635194613,17.424323127168382,2969.065002120787,17.697366121769797
205,3005.7296966400268,18.02424518516832,2964.8351123438274,17.661188170982964,3004.934700214179,17.89758734691868,2937.2086378864415,17.882959897523595,2932.6168635194613,17.60009668682169,2969.065002120787,17.813215457483047
206,3005.7296966400268,18.307226632073043,2964.8351123438274,17.66457786227942,3004.934700214179,18.059916927326903,2937.2086378864415,18.12465219886948,2932.6168635194613,17.60119568300013,2969.065002120787,17.951513860709795
207,3005.7296966400268,17.860393369632266,2964.8351123438274,17.91955154792419,3004.934700214179,17.670012806561072,2937.2086378864415,17.62116530788104,2932.6168635194613,17.60128563782883,2969.065002120787,17.73448173396548
208,3005.7296966400268,17.422570588294853,2964.8351123438274,18.020836691407162,3004.934700214179,17.354104561316152,2937.2086378864415,17.770675012938284,2932.6168635194613,17.64460935681931,2969.065002120787,17.64255924215515
209,3005.7296966400268,17.355390997151627,2964.8351123438274,17.690905980857632,3004.934700214179,17.486550672108983,2937.2086378864415,17.703693927044615,2932.6168635194613,17.58664595112129,2969.065002120787,17.564637505656826
210,3005.7296966400268,17.57779136960277,2964.8351123438274,17.655245986414933,3004.934700214179,18.103522480613787,2937.2086378864415,17.529766879798075,2932.6168635194613,17.812324042327592,2969.065002120787,17.735730151751433
211,3005.7296966400268,17.7855012782807,2964.8351123438274,17.54332147619806,3004.934700214179,17.666643991928833,2937.2086378864415,17.86524086805647,2932.6168635194613,17.704717437722586,2969.065002120787,17.713085010437332
212,3005.7296966400268,17.904240083480843,2964.8351123438274,17.51152016722507,3004.934700214179,17.597886000169588,2937.2086378864415,17.755156644176772,2932.6168635194613,17.70985739791636,2969.065002120787,17.695732058593727
213,3005.7296966400268,17.667990039355548,2964.8351123438274,18.215893623231413,3004.934700214179,17.766785780839665,2937.2086378864415,17.871443839767405,2932.6168635194613,17.60604857578118,2969.065002120787,17.82563237179504
214,3005.7296966400268,17.601475801305014,2964.8351123438274,18.110784182646373,3004.934700214179,17.76294534852999,2937.2086378864415,17.552166350221572,2932.6168635194613,17.58726178212528,2969.065002120787,17.722926692965647
215,3005.7296966400268,17.678410760556204,2964.8351123438274,17.980852355664442,3004.934700214179,17.70753367363398,2937.2086378864415,17.30561230073746,2932.6168635194613,17.617756145621343,2969.065002120787,17.658033047242686
216,3005.7296966400268,17.881286369226533,2964.8351123438274,17.795928687090704,3004.934700214179,17.70896567608779,2937.2086378864415,17.652238948538866,2932.6168635194613,17.99460772516215,2969.065002120787,17.806605481221208
217,3005.7296966400268,18.11203359253923,2964.8351123438274,17.785038476330396,3004.934700214179,17.942884828111886,2937.2086378864415,17.40616828384257,2932.6168635194613,17.573418564628412,2969.065002120787,17.763908749090497
218,3005.7296966400268,18.152745280133463,2964.8351123438274,17.720713618013004,3004.934700214179,17.694327375663075,2937.2086378864415,17.597820729050337,2932.6168635194613,17.765397418331684,2969.065002120787,17.786200884238315
219,3005.7296966400268,17.654900738195934,2964.8351123438274,17.687908296394234,3004.934700214179,17.690885351176565,2937.2086378864415,17.674904521839252,2932.6168635194613,17.976201399353478,2969.065002120787,17.73696006139189
220,3005.7296966400268,17.54875281417379,2964.8351123438274,17.85604659003417,3004.934700214179,17.553693932391145,2937.2086378864415,17.43132515953041,2932.6168635194613,17.961523044887297,2969.065002120787,17.670268308203365
221,3005.7296966400268,17.561882187091715,2964.8351123438274,17.78292650321356,3004.934700214179,17.574420856234063,2937.2086378864415,17.76962824990142,2932.6168635194613,17.766726310043783,2969.065002120787,17.69111682129691
222,3005.7296966400268,17.496609336456018,2964.8351123438274,18.01309142608787,3004.934700214179,17.962101982329784,2937.2086378864415,18.106181740348294,2932.6168635194613,17.554149399555016,2969.065002120787,17.826426776955394
223,3005.7296966400268,17.729066135231072,2964.8351123438274,17.508734901135576,3004.934700214179,18.32937811153086,2937.2086378864415,17.600567191538588,2932.6168635194613,17.829008508417925,2969.065002120787,17.799350969570803
224,3005.7296966400268,17.85314840608764,2964.8351123438274,18.090903883144392,3004.934700214179,17.708134633081897,2937.2086378864415,17.510037629828094,2932.6168635194613,18.188294865711566,2969.065002120787,17.870103883570717
225,3005.7296966400268,17.494250677319958,2964.8351123438274,17.557211741440977,3004.934700214179,17.64058206866925,2937.2086378864415,17.492662637601363,2932.6168635194613,17.785849303595498,2969.065002120787,17.594111285725408
226,3005.7296966400268,17.355867370584704,2964.8351123438274,17.483797319554032,3004.934700214179,17.690450820389348,2937.2086378864415,17.466303689745562,2932.6168635194613,18.218709152236382,2969.065002120787,17.643025670502006
227,2979.477732518199,17.518124209698776,2964.8351123438274,17.692402979281457,3004.934700214179,17.849303087373485,2937.2086378864415,17.669351164022437,2932.6168635194613,17.93632938036062,2963.8146092964216,17.733102164147354
228,2979.477732518199,17.379413379958272,2964.8351123438274,17.382249154648953,3004.934700214179,17.527129308629906,2937.2086378864415,17.45895158397079,2932.6168635194613,17.72438710354218,2963.8146092964216,17.494426106150023
229,2979.477732518199,17.393347431365804,2964.8351123438274,17.49710695464595,3004.934700214179,17.57668175177666,2937.2086378864415,17.437089979482632,2932.6168635194613,17.673652569200822,2963.8146092964216,17.515575737294377
230,2979.477732518199,17.46028385802541,2964.8351123438274,17.58072482501188,3004.934700214179,17.991328271821406,2937.2086378864415,17.779076445043124,2932.6168635194613,17.599775076204025,2963.8146092964216,17.68223769522117
231,2979.477732518199,17.708781577065086,2964.8351123438274,17.613081938970925,3004.934700214179,17.784686867191862,2937.2086378864415,17.600723195325163,2932.6168635194613,17.802644217557688,2963.8146092964216,17.701983559222143
232,2979.477732518199,17.471721218326003,2964.8351123438274,17.483011921393175,3004.934700214179,17.75166356779763,2937.2086378864415,17.911396010187573,2932.6168635194613,17.63258416901541,2963.8146092964216,17.65007537734396
233,2979.477732518199,17.534881646261855,2964.8351123438274,17.408617137086672,3004.934700214179,17.39252133645814,2937.2086378864415,17.68991725972982,2932.6168635194613,17.648035000141576,2963.8146092964216,17.534794475935616
234,2979.477732518199,17.926457664180898,2964.8351123438274,17.784313025714923,3004.934700214179,17.879173732567068,2937.2086378864415,17.55114179055576,2932.6168635194613,17.860956455545555,2963.8146092964216,17.80040853371284
235,2979.477732518199,17.821945013927373,2964.8351123438274,17.64969064577418,3004.934700214179,17.652424061688745,2937.2086378864415,17.59531316168359,2932.6168635194613,17.64406656126446,2963.8146092964216,17.67268788886767
236,2979.477732518199,17.743612937252887,2964.8351123438274,17.76434202320065,3004.934700214179,17.64102109901045,2937.2086378864415,17.561754949931426,2932.6168635194613,17.86759090546635,2963.8146092964216,17.715664382972353
237,2979.477732518199,17.96838558953542,2964.8351123438274,17.677122775881195,3004.934700214179,17.381445580216575,2937.2086378864415,17.418044348754123,2932.6168635194613,17.672295120368098,2963.8146092964216,17.62345868295108
238,2979.477732518199,17.855413565199616,2964.8351123438274,17.278924298963492,3004.934700214179,17.89683715448787,2937.2086378864415,17.95222950969569,2932.6168635194613,17.67817750786625,2963.8146092964216,17.732316407242585
239,2979.477732518199,17.513773400245423,2964.8351123438274,17.33248658006459,3004.934700214179,17.931281664959457,2937.2086378864415,17.725131962946353,2932.6168635194613,17.338320801392314,2963.8146092964216,17.568198881921624
240,2979.477732518199,17.58351119443986,2964.8351123438274,17.683468627676724,3004.934700214179,17.738935700545948,2937.2086378864415,17.521511858178755,2932.6168635194613,17.50137692131814,2963.8146092964216,17.605760860431886
241,2979.477732518199,17.487044172586177,2964.8351123438274,17.935506297437062,3004.934700214179,17.44159011116302,2937.2086378864415,17.508632739313793,2932.6168635194613,17.640010608155958,2963.8146092964216,17.602556785731203
242,2979.477732518199,17.419009045121673,2964.8351123438274,18.035715185608684,3004.934700214179,17.55333074735868,2937.2086378864415,17.496787073771475,2932.6168635194613,17.67726828973146,2963.8146092964216,17.636422068318392
243,2978.2169592702953,17.794720609163527,2964.8351123438274,18.228561800407437,3004.934700214179,17.52482831875611,2937.2086378864415,17.78695983647405,2932.6168635194613,17.72017587297931,2963.5624546468407,17.811049287556088
244,2978.2169592702953,17.996219061167462,2964.8351123438274,17.919496558604653,3004.934700214179,17.383457417941933,2937.2086378864415,17.551182740595454,2932.6168635194613,17.730603880879706,2963.5624546468407,17.71619193183784
245,2978.2169592702953,17.74610298990118,2964.8351123438274,17.715285943791066,2998.7280085649454,17.757468266385484,2937.2086378864415,17.476368615051257,2932.6168635194613,17.73220661834572,2962.321116316994,17.68548648669494
246,2978.2169592702953,17.562206198226132,2964.8351123438274,17.948125904928094,2998.7280085649454,17.67650996214128,2937.2086378864415,17.669091961830212,2932.6168635194613,18.03305460853916,2962.321116316994,17.777797727132977
247,2978.2169592702953,17.461250745841383,2964.8351123438274,17.566155793793712,2998.7280085649454,17.6049622677217,2937.2086378864415,17.965838390831962,2932.6168635194613,17.417463528475984,2962.321116316994,17.60313414533295
248,2978.2169592702953,17.61912126073639,2964.8351123438274,17.606200206626248,2998.7280085649454,17.58391184935463,2937.2086378864415,18.158701192529264,2932.6168635194613,17.878508039234347,2962.321116316994,17.769288509696175
249,2978.2169592702953,17.35159182710752,2964.8351123438274,17.48596840248015,2998.7280085649454,17.545450475326735,2937.2086378864415,17.62264970165101,2932.6168635194613,17.9150529449263,2962.321116316994,17.58414267029834
250,2978.2169592702953,17.442765207078555,2964.8351123438274,18.016174174536616,2998.7280085649454,17.94026173725837,2937.2086378864415,17.480910857828437,2932.6168635194613,17.37546121672225,2962.321116316994,17.651114638684845
251,2978.2169592702953,17.61840685761169,2964.8351123438274,17.74588331013159,2998.7280085649454,18.257738200620835,2937.2086378864415,17.28979214055353,2932.6168635194613,17.45216208844726,2962.321116316994,17.67279651947298
252,2978.2169592702953,17.571360241725934,2964.8351123438274,17.463727462517962,2998.7280085649454,17.91879052910411,2937.2086378864415,17.39390429349026,2932.6168635194613,17.61001920379109,2962.321116316994,17.591560346125874
253,2978.2169592702953,17.785325662736405,2964.8351123438274,17.81687750299391,2998.7280085649454,17.59992001652212,2937.2086378864415,17.566287696962583,2932.6168635194613,17.890200197157462,2962.321116316994,17.731722215274498
254,2978.2169592702953,17.860351711111203,2964.8351123438274,17.995791639406335,2998.7280085649454,17.309670873705326,2937.2086378864415,17.539476224830135,2932.6168635194613,18.00843004700259,2962.321116316994,17.74274409921112
255,2978.2169592702953,17.66165176365534,2964.8351123438274,17.916565890049643,2998.7280085649454,17.420433679616906,2937.2086378864415,17.47254149620377,2932.6168635194613,18.15431701763305,2962.321116316994,17.72510196943174
256,2978.2169592702953,17.91291526712986,2964.8351123438274,17.774084183903668,2998.7280085649454,17.3406441897767,2937.2086378864415,17.80490872721681,2932.6168635194613,17.754993108885667,2962.321116316994,17.717509095382542
257,2978.2169592702953,17.788349382527382,2964.8351123438274,17.822562638421747,2998.7280085649454,17.793498944447922,2937.2086378864415,17.41811133345421,2932.6168635194613,17.568175057270366,2962.321116316994,17.678139471224323
258,2978.2169592702953,17.534383715792675,2964.8351123438274,17.918034081517742,2998.7280085649454,18.01178077043004,2937.2086378864415,17.335745255659365,2932.6168635194613,18.29769898211851,2962.321116316994,17.819528561103663
259,2978.2169592702953,17.71628012030692,2964.8351123438274,17.70348507022795,2998.7280085649454,17.702289834438922,2937.2086378864415,17.508315498066803,2932.6168635194613,18.155508489015993,2962.321116316994,17.757175802411318
260,2978.2169592702953,17.708579041419984,2964.8351123438274,18.107735723806663,2998.7280085649454,17.652302523957154,2937.2086378864415,17.295885106174836,2932.6168635194613,17.956302163901974,2962.321116316994,17.744160911852124
261,2978.2169592702953,17.897456913026502,2964.8351123438274,17.717407913021205,2998.7280085649454,17.867718384150574,2937.2086378864415,17.35550043246544,2932.6168635194613,17.668427153060012,2962.321116316994,17.701302159144745
262,2978.2169592702953,17.42924468977138,2964.8351123438274,17.828312665383457,2998.7280085649454,17.81875094046878,2937.2086378864415,17.70215116053751,2932.6168635194613,17.836841314901047,2962.321116316994,17.723060154212437
263,2978.2169592702953,17.720816884193827,2964.8351123438274,17.579839847446078,2998.7280085649454,17.58317825069092,2937.2086378864415,17.93522533794523,2932.6168635194613,17.655426731187266,2962.321116316994,17.69489741029266
264,2978.2169592702953,17.990291351051344,2964.8351123438274,17.831365698434865,2998.7280085649454,17.689601572156086,2937.2086378864415,17.55015974393757,2932.6168635194613,17.780822307608954,2962.321116316994,17.768448134637765
265,2978.2169592702953,18.265621869193694,2964.8351123438274,17.881703322197488,2998.7280085649454,17.644529904102114,2937.2086378864415,17.545849449867283,2932.6168635194613,17.708906019831577,2962.321116316994,17.80932211303843
266,2978.2169592702953,17.90419901931235,2964.8351123438274,17.43261699524727,2998.7280085649454,17.15425927124626,2937.2086378864415,17.73143162075614,2932.6168635194613,17.819712297060477,2962.321116316994,17.608443840724497
267,2978.2169592702953,17.788840610175303,2964.8351123438274,17.359798183385788,2998.7280085649454,17.386106730660714,2937.2086378864415,17.534200346267035,2932.6168635194613,17.85773584192692,2962.321116316994,17.585336342483153
268,2978.2169592702953,18.108379735439335,2964.8351123438274,17.666913296931476,2998.7280085649454,17.458091999828703,2937.2086378864415,17.66373286897606,2932.6168635194613,17.73436899590956,2962.321116316994,17.726297379417026
269,2978.2169592702953,17.68660895492508,2964.8351123438274,17.575323143692252,2998.7280085649454,17.69554324534883,2937.2086378864415,17.374805631624394,2932.6168635194613,17.863230677573036,2962.321116316994,17.63910233063272
270,2978.2169592702953,17.404888068077586,2964.8351123438274,17.855182060276366,2998.7280085649454,17.610967269582442,2937.2086378864415,17.413988663672136,2932.6168635194613,17.736639334573198,2962.321116316994,17.604333079236348
271,2978.2169592702953,17.83556446251758,2964.8351123438274,17.821790040150514,2998.7280085649454,17.62924408634238,2937.2086378864415,17.491854541267454,2932.6168635194613,17.711101942402447,2962.321116316994,17.69791101453608
272,2978.2169592702953,17.88863367852219,2964.8351123438274,17.77138166485865,2998.7280085649454,17.715548457146465,2937.2086378864415,17.946682906716667,2932.6168635194613,17.456220825736313,2962.321116316994,17.755693506596057
273,2978.2169592702953,17.937369617783766,2964.8351123438274,18.035598691789602,2998.7280085649454,17.52121685071076,2937.2086378864415,17.855459829117432,2932.6168635194613,17.45196803159114,2962.321116316994,17.760322604198542
274,2978.2169592702953,17.60044078528781,2964.8351123438274,17.918707197705462,2998.7280085649454,17.781230039577583,2937.2086378864415,17.823717358390574,2932.6168635194613,17.546663554041302,2962.321116316994,17.734151787000545
275,2978.2169592702953,17.719624249782726,2964.8351123438274,17.49387085691952,2998.7280085649454,18.075891372665055,2937.2086378864415,17.920477312565943,2932.6168635194613,17.48889044770991,2962.321116316994,17.73975084792863
276,2978.2169592702953,17.467381672844954,2964.8351123438274,17.966425505549754,2998.7280085649454,17.49215752742866,2937.2086378864415,17.681818246305493,2932.6168635194613,17.67189515581769,2962.321116316994,17.65593562158931
277,2978.2169592702953,17.710057530919897,2964.8351123438274,18.348548907900742,2998.7280085649454,17.785228886009428,2937.2086378864415,18.115423332782846,2932.6168635194613,17.86811980832993,2962.321116316994,17.96547569318857
278,2978.2169592702953,17.891305109012173,2964.8351123438274,17.747634465022603,2998.7280085649454,17.57388421921435,2937.2086378864415,18.123397628177997,2932.6168635194613,18.175871311138458,2962.321116316994,17.902418546513115
279,2978.2169592702953,17.84580367374244,2964.8351123438274,17.5940478194629,2998.7280085649454,17.493048688518705,2937.2086378864415,17.676215675383453,2932.6168635194613,18.216493310817913,2962.321116316994,17.76512183358508
280,2978.2169592702953,17.879220865471442,2964.8351123438274,18.12124418951449,2998.7280085649454,17.484416484998345,2937.2086378864415,17.460639826240406,2932.6168635194613,18.016711612640883,2962.321116316994,17.79244659577311
281,2978.2169592702953,17.852748871214185,2964.8351123438274,17.719868711981327,2998.7280085649454,17.588302014590827,2937.2086378864415,17.42396145990467,2932.6168635194613,18.251663857418222,2962.321116316994,17.767308983021845
282,2978.2169592702953,18.030561611777088,2964.8351123438274,17.531678192736855,2998.7280085649454,17.986026824417237,2937.2086378864415,17.81314910681889,2932.6168635194613,18.16158506674313,2962.321116316994,17.90460016049864
283,2978.2169592702953,18.037602099980173,2964.8351123438274,18.38895053230721,2998.7280085649454,17.73991951578314,2937.2086378864415,17.58182117713894,2932.6168635194613,17.618096112144304,2962.321116316994,17.873277887470753
284,2978.2169592702953,17.9527674398675,2964.8351123438274,18.210760271203068,2998.7280085649454,17.79931067325149,2937.2086378864415,17.618536080743283,2932.6168635194613,18.186769139824662,2962.321116316994,17.953628720978003
285,2978.2169592702953,17.992616024997282,2964.8351123438274,17.832304736135047,2998.7280085649454,17.62113514641502,2937.2086378864415,17.801961750156252,2932.6168635194613,17.884592647814493,2962.321116316994,17.826522061103617
286,2978.2169592702953,18.051378064046173,2964.8351123438274,17.596850863597524,2998.7280085649454,17.721832526608484,2937.2086378864415,17.593583058848495,2932.6168635194613,18.002431952975318,2962.321116316994,17.793215293215198
287,2978.2169592702953,17.663067888267562,2964.8351123438274,17.803906011842457,2998.7280085649454,17.54609020729808,2937.2086378864415,17.803465430421987,2932.6168635194613,17.670132437098257,2962.321116316994,17.697332394985672
288,2978.2169592702953,17.726610529595835,2964.8351123438274,17.498542263378205,2998.7280085649454,17.177278003514942,2937.2086378864415,17.669700537936404,2932.6168635194613,17.673507077217216,2962.321116316994,17.54912768232852
289,2978.2169592702953,17.470571417230147,2964.8351123438274,17.534403718858986,2998.7280085649454,17.36458650265969,2937.2086378864415,18.01055038012861,2932.6168635194613,18.08153398415657,2962.321116316994,17.6923292006068
290,2978.2169592702953,17.80003304978157,2964.8351123438274,17.82896587234742,2998.7280085649454,17.511971919544873,2937.2086378864415,17.58612732283971,2932.6168635194613,17.92276797994015,2962.321116316994,17.729973228890746
291,2978.2169592702953,17.82801285104305,2964.8351123438274,17.63484034955549,2998.7280085649454,17.691896804490554,2937.2086378864415,17.53419171573066,2932.6168635194613,18.238172750788618,2962.321116316994,17.785422894321677
292,2978.2169592702953,17.897890136781243,2964.8351123438274,17.598401736562167,2998.7280085649454,17.827322632646716,2937.2086378864415,17.794813237891486,2932.6168635194613,17.727501515390873,2962.321116316994,17.769185851854495
293,2978.2169592702953,17.9963790397632,2964.8351123438274,17.500421681844085,2998.7280085649454,17.713011845839468,2937.2086378864415,17.69441735796248,2932.6168635194613,17.94349924568575,2962.321116316994,17.769545834218995
294,2978.2169592702953,17.98707501228064,2964.8351123438274,17.91786585152226,2998.7280085649454,17.756279307984844,2937.2086378864415,18.0568593468341,2932.6168635194613,17.787779653317912,2962.321116316994,17.901171834387952
295,2978.2169592702953,17.52668222525784,2964.8351123438274,17.707446991136255,2998.7280085649454,18.050115182740203,2937.2086378864415,17.898681905635872,2932.6168635194613,17.646344540536195,2962.321116316994,17.76585416906127
296,2978.2169592702953,17.59312524453056,2964.8351123438274,17.633312321876026,2998.7280085649454,18.013977792063667,2937.2086378864415,17.784633923230604,2932.6168635194613,17.882855640550826,2962.321116316994,17.781580984450336
297,2978.2169592702953,17.710186999829805,2964.8351123438274,17.426539819091516,2998.7280085649454,17.57173949587931,2937.2086378864415,17.534907863165984,2932.6168635194613,17.61948016538713,2962.321116316994,17.57257086867075
298,2978.2169592702953,17.605907357624933,2964.8351123438274,17.641071579848514,2998.7280085649454,17.51044499973785,2937.2086378864415,17.409617131783193,2932.6168635194613,17.869618675074094,2962.321116316994,17.607331948813716
299,2978.2169592702953,17.463735987925833,2964.8351123438274,17.878886805278622,2998.7280085649454,17.935017427028832,2937.2086378864415,18.020665057752865,2932.6168635194613,17.90771015469269,2962.321116316994,17.841203086535767
300,2978.2169592702953,17.701269506826577,2964.8351123438274,17.641017258984515,2998.7280085649454,17.839214654838372,2937.2086378864415,17.72748341546316,2932.6168635194613,17.437241905864713,2962.321116316994,17.669245348395467
301,2978.2169592702953,17.669177121458596,2964.8351123438274,17.563499048836437,2998.7280085649454,17.545768905183976,2937.2086378864415,17.741447838739468,2932.6168635194613,17.416385846599223,2962.321116316994,17.58725575216354
302,2978.2169592702953,17.411814112841675,2964.8351123438274,17.825696144535055,2998.7280085649454,17.556908449900398,2937.2086378864415,18.029441075872445,2932.6168635194613,17.807890361150882,2962.321116316994,17.72635002886009
303,2978.2169592702953,17.50625456509751,2964.8351123438274,17.279646169433324,2998.7280085649454,17.61915083782019,2937.2086378864415,17.95517688380549,2932.6168635194613,17.969325850335654,2962.321116316994,17.665910861298435
304,2978.2169592702953,17.54513054366143,2964.8351123438274,17.666545990325073,2998.7280085649454,17.74364416238705,2937.2086378864415,17.751742402532546,2932.6168635194613,17.55917249384006,2962.321116316994,17.653247118549235
305,2978.2169592702953,17.865694880710244,2964.8351123438274,17.650372991760594,2998.7280085649454,17.435128082706683,2937.2086378864415,17.722544202177726,2932.6168635194613,17.605549709897222,2962.321116316994,17.655857973450495
306,2978.2169592702953,17.529237730045768,2964.8351123438274,17.607413322509874,2998.7280085649454,17.720435542810915,2937.2086378864415,17.406886988622237,2932.6168635194613,17.775489201998763,2962.321116316994,17.60789255719751
307,2978.2169592702953,17.533422318002852,2964.8351123438274,17.72668265453911,2998.7280085649454,18.205221912848817,2937.2086378864415,17.535927481187635,2932.6168635194613,17.79844884579323,2962.321116316994,17.75994064247433
308,2978.2169592702953,18.116623370243822,2964.8351123438274,18.063183873196152,2998.7280085649454,17.71274649999409,2937.2086378864415,17.641317116847834,2932.6168635194613,17.820544625466564,2962.321116316994,17.870883097149694
309,2978.2169592702953,17.615993115351323,2964.8351123438274,17.716903199901886,2998.7280085649454,17.65728378171353,2937.2086378864415,17.661907208153394,2932.6168635194613,17.922143995405204,2962.321116316994,17.71484626010507
310,2978.2169592702953,18.101411404277698,2964.8351123438274,17.56266605132312,2998.7280085649454,17.333693400595777,2937.2086378864415,17.41884804416242,2932.6168635194613,17.672848230344137,2962.321116316994,17.617893426140633
311,2978.2169592702953,18.197044525542427,2964.8351123438274,17.77955661210736,2998.7280085649454,17.51406631418616,2937.2086378864415,17.559727796433624,2932.6168635194613,18.06835344779895,2962.321116316994,17.823749739213703
312,2978.2169592702953,18.226361398115714,2964.8351123438274,17.88955431327982,2998.7280085649454,17.669958069314838,2937.2086378864415,17.569649450536314,2932.6168635194613,17.889705596805552,2962.321116316994,17.849045765610448
313,2978.2169592702953,17.942579744953168,2964.8351123438274,17.64350671441188,2998.7280085649454,18.050397013921046,2937.2086378864415,17.701176657836914,2932.6168635194613,17.575332758623215,2962.321116316994,17.782598577949244
314,2978.2169592702953,17.842302398565007,2964.8351123438274,17.789656695096124,2998.7280085649454,17.8622440148539,2937.2086378864415,17.574653773687274,2932.6168635194613,17.910300145367884,2962.321116316994,17.79583140551404
315,2978.2169592702953,17.50988756855055,2964.8351123438274,17.55135340927171,2998.7280085649454,17.82760117102593,2937.2086378864415,17.684531227395077,2932.6168635194613,17.78955786782434,2962.321116316994,17.672586248813523
316,2978.2169592702953,17.352408767092395,2964.8351123438274,17.601823375480443,2998.7280085649454,17.920462449097684,2937.2086378864415,17.678674731578628,2932.6168635194613,17.653576587368672,2962.321116316994,17.641389182123564
317,2978.2169592702953,17.535039688301634,2964.8351123438274,17.38506024554557,2998.7280085649454,17.563067354037056,2937.2086378864415,17.568844942257584,2932.6168635194613,18.070109168732234,2962.321116316994,17.624424279774814
318,2978.2169592702953,17.746071759072333,2964.8351123438274,18.063576129800282,2998.7280085649454,17.444615891552488,2937.2086378864415,17.43982269818361,2932.6168635194613,17.951633369107835,2962.321116316994,17.72914396954331
319,2978.2169592702953,17.681163272320127,2964.8351123438274,17.731731547337027,2998.7280085649454,17.831398930835576,2937.2086378864415,17.534263483282253,2932.6168635194613,18.07880412148322,2962.321116316994,17.771472271051643
320,2978.2169592702953,17.700355843811053,2964.8351123438274,17.4295284062009,2998.7280085649454,17.758047673691383,2937.2086378864415,17.973316773540336,2932.6168635194613,17.747161158066532,2962.321116316994,17.72168197106204
321,2978.2169592702953,17.49343421996469,2964.8351123438274,17.169082806709103,2998.7280085649454,17.753659069797596,2937.2086378864415,17.817178543275965,2932.6168635194613,18.127721785203253,2962.321116316994,17.67221528499012
322,2978.2169592702953,17.719404443243526,2964.8351123438274,17.562585579979576,2998.7280085649454,17.90174331685297,2937.2086378864415,17.643142780569875,2932.6168635194613,17.953868280076694,2962.321116316994,17.75614888014453
323,2978.2169592702953,17.57733509716012,2964.8351123438274,17.931030981794233,2998.7280085649454,17.920238188232293,2937.2086378864415,17.52645648254974,2932.6168635194613,17.94759315804956,2962.321116316994,17.78053078155719
324,2978.2169592702953,17.42916374630693,2964.8351123438274,17.717427276841416,2998.7280085649454,17.772148254924016,2937.2086378864415,17.925535966591397,2932.6168635194613,18.087672393959213,2962.321116316994,17.786389527724594
325,2978.2169592702953,17.36362807603321,2964.8351123438274,17.97949371110088,2998.7280085649454,17.72983380624419,2937.2086378864415,17.57935701502183,2932.6168635194613,17.653491021867264,2962.321116316994,17.661160726053474
326,2978.2169592702953,17.31592881487663,2964.8351123438274,17.995772192916174,2998.7280085649454,17.749002304189847,2937.2086378864415,17.77944402998351,2932.6168635194613,17.702116214081105,2962.321116316994,17.708452711209453
327,2978.2169592702953,17.553924091730856,2964.8351123438274,17.727135680062716,2998.7280085649454,17.620641825969447,2937.2086378864415,17.55411415614096,2932.6168635194613,17.880093260128973,2962.321116316994,17.66718180280659
328,2978.2169592702953,17.605551414171384,2964.8351123438274,17.8488877345762,2998.7280085649454,17.965717164103683,2937.2086378864415,17.635095591684866,2932.6168635194613,18.070413492861384,2962.321116316994,17.825133079479503
329,2978.2169592702953,17.931967220507556,2964.8351123438274,17.995337815963097,2998.7280085649454,17.557743399570057,2937.2086378864415,17.60056233129164,2932.6168635194613,17.758083721631014,2962.321116316994,17.768738897792673
330,2978.2169592702953,17.620664419023292,2964.8351123438274,17.76847839576747,2998.7280085649454,17.325133966538793,2937.2086378864415,17.363920286614945,2932.6168635194613,17.565592973502955,2962.321116316994,17.528758008289493
331,2978.2169592702953,17.57739701268583,2964.8351123438274,17.455777703366874,2998.7280085649454,17.564716238548748,2937.2086378864415,17.358971194363114,2932.6168635194613,17.257522885601105,2962.321116316994,17.442877006913132
332,2978.2169592702953,17.883217400948332,2964.8351123438274,17.581016582170164,2998.7280085649454,18.086214126220117,2937.2086378864415,17.81388818562059,2932.6168635194613,17.798901164082043,2962.321116316994,17.83264749180825
333,2978.2169592702953,17.94853495897665,2964.8351123438274,17.681187685920552,2998.7280085649454,17.950309957436808,2937.2086378864415,17.526191237409687,2932.6168635194613,18.01761648108887,2962.321116316994,17.824768064166513
334,2978.2169592702953,17.568019956457356,2964.8351123438274,17.539306150600158,2998.7280085649454,17.746728873546772,2937.2086378864415,17.482807113899597,2932.6168635194613,17.875996072494846,2962.321116316994,17.642571633399747
335,2978.2169592702953,17.353471408484705,2964.8351123438274,17.45229067891898,2998.7280085649454,17.657969210386177,2937.2086378864415,17.570230146592735,2932.6168635194613,17.862422251043693,2962.321116316994,17.57927673908526
336,2978.2169592702953,17.70401270023993,2964.8351123438274,17.363323775724727,2998.7280085649454,18.008053282431007,2937.2086378864415,18.08163722071553,2932.6168635194613,17.671393737908033,2962.321116316994,17.765684143403842
337,2978.2169592702953,17.61151559039898,2964.8351123438274,17.21657283459499,2998.7280085649454,17.6104964793119,2937.2086378864415,17.599957583074485,2932.6168635194613,17.923410869147414,2962.321116316994,17.592390671305555
338,2978.2169592702953,17.57816362107587,2964.8351123438274,17.553333729092543,2998.7280085649454,17.716019420286575,2937.2086378864415,17.494116797785566,2932.6168635194613,17.89581347651874,2962.321116316994,17.64748940895186
339,2978.2169592702953,17.746232820080376,2964.8351123438274,18.116889582833238,2998.7280085649454,17.648678478776265,2937.2086378864415,17.68666998294169,2932.6168635194613,17.746485915011437,2962.321116316994,17.7889913559286
340,2978.2169592702953,17.92597448097473,2964.8351123438274,17.99732120604794,2998.7280085649454,17.391328847366786,2937.2086378864415,17.84494513425254,2932.6168635194613,17.514710098347432,2962.321116316994,17.73485595339789
341,2978.2169592702953,17.90857057517234,2964.8351123438274,18.16881836709604,2998.7280085649454,17.731717421994666,2937.2086378864415,17.81067345072779,2932.6168635194613,17.720867366200086,2962.321116316994,17.868129436238185
342,2978.2169592702953,18.044381968704705,2964.8351123438274,17.58610752756812,2998.7280085649454,17.69175817521058,2937.2086378864415,17.609508144313374,2932.6168635194613,17.884618535560485,2962.321116316994,17.763274870271452
343,2978.2169592702953,17.623146399337205,2964.8351123438274,18.008310603970017,2998.7280085649454,17.71106350599258,2937.2086378864415,17.334336745018042,2932.6168635194613,18.093725226834735,2962.321116316994,17.754116496230516
344,2978.2169592702953,17.5816079226645,2964.8351123438274,17.70287707894492,2998.7280085649454,18.023873303197092,2937.2086378864415,17.35473990968839,2932.6168635194613,17.66461952554609,2962.321116316994,17.6655435480082
345,2978.2169592702953,17.541622626104587,2964.8351123438274,17.602971625644095,2998.7280085649454,17.819175298913834,2937.2086378864415,17.26248458561909,2932.6168635194613,17.68220340589602,2962.321116316994,17.581691508435526
346,2978.2169592702953,17.52160919050136,2964.8351123438274,17.97723258914701,2998.7280085649454,17.71106510475614,2937.2086378864415,17.580172283897927,2932.6168635194613,17.769013103550993,2962.321116316994,17.711818454370686
347,2978.2169592702953,17.917346139773038,2964.8351123438274,17.703246039564284,2998.7280085649454,17.95125427284332,2937.2086378864415,17.791520844609042,2932.6168635194613,17.85543631615198,2962.321116316994,17.843760722588335
348,2978.2169592702953,17.92933259121471,2964.8351123438274,17.90952342982525,2998.7280085649454,18.03664070226587,2937.2086378864415,17.568438961386992,2932.6168635194613,17.478179252590678,2962.321116316994,17.7844229874567
349,2978.2169592702953,17.689732293830552,2964.8351123438274,17.836928306072842,2998.7280085649454,17.914715926786815,2937.2086378864415,17.821149302404347,2932.6168635194613,17.66359904358859,2962.321116316994,17.78522497453663
350,2978.2169592702953,17.7781409150449,2964.8351123438274,17.96339175572082,2998.7280085649454,17.69000451117669,2937.2086378864415,17.800909449333027,2932.6168635194613,17.43747832177822,2962.321116316994,17.73398499061073
351,2978.2169592702953,17.900379065057177,2964.8351123438274,17.675514910667342,2998.7280085649454,17.841191046542246,2937.2086378864415,17.773740172371493,2932.6168635194613,17.453436494817517,2962.321116316994,17.72885233789115
352,2978.2169592702953,17.688912046685473,2964.8351123438274,18.030738468811222,2998.7280085649454,17.79096992608384,2937.2086378864415,17.867628069228704,2932.6168635194613,17.77154114883579,2962.321116316994,17.82995793192901
353,2978.2169592702953,17.921233485399625,2964.8351123438274,18.149890556555494,2998.7280085649454,17.733738523257564,2937.2086378864415,17.929903399724054,2932.6168635194613,17.266226688555623,2962.321116316994,17.800198530698474
354,2978.2169592702953,17.805435521885606,2964.8351123438274,17.942035314343116,2998.7280085649454,18.1919049301522,2937.2086378864415,17.635878493133454,2932.6168635194613,17.63620738632605,2962.321116316994,17.84229232916808
355,2978.2169592702953,17.998632645527053,2964.8351123438274,17.736195652117175,2998.7280085649454,17.962861274196534,2937.2086378864415,17.612442051886905,2932.6168635194613,17.806154143003514,2962.321116316994,17.823257153346237
356,2918.0879149156517,17.961582919714996,2964.8351123438274,17.64645786052864,2998.7280085649454,17.808713414201414,2937.2086378864415,17.780389961938823,2932.6168635194613,18.14085644810082,2950.2953074460656,17.867600120896938
357,2918.0879149156517,17.85012230850563,2964.8351123438274,17.780632595458965,2998.7280085649454,17.622814677633617,2937.2086378864415,17.540200012553655,2932.6168635194613,17.800081005048632,2950.2953074460656,17.718770119840098
358,2918.0879149156517,17.671620048422287,2964.8351123438274,17.78477657077831,2998.7280085649454,18.018820691025343,2937.2086378864415,17.476574460447864,2932.6168635194613,17.558100429845915,2950.2953074460656,17.701978440103943
359,2918.0879149156517,17.709880585745804,2964.8351123438274,18.042693621221552,2998.7280085649454,18.210930376045734,2937.2086378864415,17.49251349916519,2932.6168635194613,17.78846142952336,2950.2953074460656,17.848895902340324
360,2918.0879149156517,18.005662617836936,2964.8351123438274,17.87233914303967,2998.7280085649454,18.20943760365222,2937.2086378864415,17.84213669249597,2932.6168635194613,17.97083386414981,2950.2953074460656,17.98008198423492
361,2918.0879149156517,17.68396209431364,2964.8351123438274,17.645121288618608,2998.7280085649454,17.7034883045479,2937.2086378864415,18.113018554506404,2932.6168635194613,17.527536219696326,2950.2953074460656,17.734625292336577
362,2918.0879149156517,17.644738853858684,2964.8351123438274,17.38416635925449,2998.7280085649454,17.493637020934194,2937.2086378864415,17.8881777170766,2932.6168635194613,17.611459591838038,2950.2953074460656,17.604435908592404
363,2918.0879149156517,17.531360695264933,2964.8351123438274,17.62251029285011,2998.7280085649454,17.365086167399163,2937.2086378864415,18.06029682266584,2932.6168635194613,17.53715393448649,2950.2953074460656,17.62328158253331
364,2918.0879149156517,17.933791574033847,2964.8351123438274,17.908671429933904,2998.7280085649454,17.645697782667728,2937.2086378864415,18.094102641379383,2932.6168635194613,17.62126776433722,2950.2953074460656,17.840706238470414
365,2918.0879149156517,18.216737377563256,2964.8351123438274,18.05337840098322,2998.7280085649454,17.72480698578342,2937.2086378864415,17.60989331391401,2932.6168635194613,17.61307551828312,2950.2953074460656,17.843578319305408
366,2918.0879149156517,18.06609054543649,2964.8351123438274,17.842909593982746,2998.7280085649454,17.558081197805166,2937.2086378864415,17.841581097026502,2932.6168635194613,17.956992027030395,2950.2953074460656,17.85313089225626
367,2918.0879149156517,18.094308946233568,2964.8351123438274,17.955341769911602,2998.7280085649454,17.460042366600955,2937.2086378864415,17.51941583918864,2932.6168635194613,17.46654597429249,2950.2953074460656,17.69913097924545
368,2918.0879149156517,18.223872654836104,2964.8351123438274,17.915273602769954,2998.7280085649454,17.925322985504025,2937.2086378864415,17.786824543427866,2932.6168635194613,17.721347162794363,2950.2953074460656,17.914528189866463
369,2918.0879149156517,18.074201184730573,2964.8351123438274,17.757794944257054,2998.7280085649454,17.846803908706857,2937.2086378864415,18.015375704883642,2932.6168635194613,17.580449010200077,2950.2953074460656,17.85492495055564
370,2918.0879149156517,17.535396663149626,2964.8351123438274,17.790276555152985,2998.7280085649454,17.572947472608075,2937.2086378864415,17.968874143547886,2932.6168635194613,17.569573266227703,2950.2953074460656,17.687413620137256
371,2918.0879149156517,18.226617680215938,2964.8351123438274,17.83165625427259,2998.7280085649454,17.589490863250887,2937.2086378864415,17.94728221702109,2932.6168635194613,17.669786793027,2950.2953074460656,17.8529667615575
372,2918.0879149156517,18.06967162162161,2964.8351123438274,17.731354650130257,2998.7280085649454,17.98319023313727,2937.2086378864415,17.757724210716667,2932.6168635194613,17.6931473330895,2950.2953074460656,17.847017609739062
373,2918.0879149156517,18.028893467132143,2964.8351123438274,17.986453910039,2998.7280085649454,18.070839914301352,2937.2086378864415,17.373015768120904,2932.6168635194613,17.425263909992783,2950.2953074460656,17.776893393917234
374,2918.0879149156517,17.63060190154002,2964.8351123438274,17.630433189111873,2998.7280085649454,17.842205802310364,2937.2086378864415,17.62265445531627,2932.6168635194613,17.27328879684861,2950.2953074460656,17.599836829025428
375,2918.0879149156517,17.689812616488005,2964.8351123438274,17.732778139083,2998.7280085649454,17.57020435475574,2937.2086378864415,17.945242197470744,2932.6168635194613,17.66818245845367,2950.2953074460656,17.721243953250234
376,2918.0879149156517,17.509161796878274,2964.8351123438274,17.46235889222242,2998.7280085649454,17.302111488167498,2937.2086378864415,17.83983652728854,2932.6168635194613,17.577154729250882,2950.2953074460656,17.538124686761524
377,2918.0879149156517,17.93226948364899,2964.8351123438274,17.70153637879056,2998.7280085649454,17.703968019025297,2937.2086378864415,17.69237484552549,2932.6168635194613,17.342853202687593,2950.2953074460656,17.674600385935584
378,2918.0879149156517,17.418014526197926,2964.8351123438274,17.95261130948898,2998.7280085649454,17.84501000746952,2937.2086378864415,17.63663102285816,2932.6168635194613,17.530583951229712,2950.2953074460656,17.67657016344886
379,2918.0879149156517,17.92975115552311,2964.8351123438274,17.610202452921314,2998.7280085649454,17.566358980988028,2937.2086378864415,18.000146397644226,2932.6168635194613,17.536151869847117,2950.2953074460656,17.72852217138476
380,2918.0879149156517,17.602397599820115,2964.8351123438274,17.60738189545235,2998.7280085649454,17.63245805572743,2937.2086378864415,17.900896908556806,2932.6168635194613,17.467544416142573,2950.2953074460656,17.642135775139856
381,2918.0879149156517,17.463207940849944,2964.8351123438274,17.87561411327368,2998.7280085649454,17.926626054002263,2937.2086378864415,17.829202049493553,2932.6168635194613,17.418551789491584,2950.2953074460656,17.702640389422207
382,2918.0879149156517,18.039196650593574,2964.8351123438274,17.516792376462693,2998.7280085649454,17.930906472394224,2937.2086378864415,17.843865116191793,2932.6168635194613,17.283975975217416,2950.2953074460656,17.72294731817194
383,2918.0879149156517,18.15913294661047,2964.8351123438274,17.405949740218208,2998.7280085649454,17.521863913440125,2937.2086378864415,18.03213974154984,2932.6168635194613,18.09320919074444,2950.2953074460656,17.842459106512614
384,2918.0879149156517,18.190334667463187,2964.8351123438274,17.490991960836926,2998.7280085649454,17.614685375935927,2937.2086378864415,17.59143884260647,2932.6168635194613,18.10422780974279,2950.2953074460656,17.79833573131706
385,2918.0879149156517,17.789060452597884,2964.8351123438274,17.619424751687685,2998.7280085649454,18.12390193431002,2937.2086378864415,17.56455883087368,2932.6168635194613,17.71451593887892,2950.2953074460656,17.762292381669635
386,2918.0879149156517,17.665194291966895,2964.8351123438274,17.501988528584512,2998.7280085649454,17.53464521952501,2937.2086378864415,17.4624404809281,2932.6168635194613,17.295853355173392,2950.2953074460656,17.49202437523558
387,2918.0879149156517,17.479386311198372,2964.8351123438274,17.796057730313944,2998.7280085649454,18.0658527627451,2937.2086378864415,17.535549194732873,2932.6168635194613,17.874708431607534,2950.2953074460656,17.750310886119564
388,2918.0879149156517,17.812121858711578,2964.8351123438274,17.947553857776008,2998.7280085649454,17.93821767238924,2937.2086378864415,17.631588895029495,2932.6168635194613,17.632717877458276,2950.2953074460656,17.792440032272918
389,2918.0879149156517,17.73930995096016,2964.8351123438274,17.687111662514067,2998.7280085649454,17.903500757017483,2937.2086378864415,17.54807439206028,2932.6168635194613,17.773191065693048,2950.2953074460656,17.73023756564901
390,2918.0879149156517,17.710856993703697,2964.8351123438274,17.75755424065191,2998.7280085649454,17.484262548365475,2937.2086378864415,17.70820480473427,2932.6168635194613,17.6601287910351,2950.2953074460656,17.664201475698086
391,2918.0879149156517,17.433550107559093,2964.8351123438274,17.932867815269603,2998.7280085649454,17.333919838909885,2937.2086378864415,17.56949192920871,2932.6168635194613,17.998745949037442,2950.2953074460656,17.653715127996946
392,2918.0879149156517,17.63917526767544,2964.8351123438274,17.56645791551433,2998.7280085649454,17.84010548518644,2937.2086378864415,17.639616167196497,2932.6168635194613,17.696457546796562,2950.2953074460656,17.676362476473855
393,2918.0879149156517,17.759520107279823,2964.8351123438274,17.599361970139963,2998.7280085649454,17.68599703184905,2937.2086378864415,17.948229868519935,2932.6168635194613,17.81304366177008,2950.2953074460656,17.76123052791177
394,2918.0879149156517,17.40503880220848,2964.8351123438274,17.93273630124053,2998.7280085649454,17.672014720783565,2937.2086378864415,17.476842806066056,2932.6168635194613,17.335230194568144,2950.2953074460656,17.564372564973354
395,2918.0879149156517,17.948670035832517,2964.8351123438274,18.199951357039787,2998.7280085649454,17.901242891826282,2937.2086378864415,17.221135646598157,2932.6168635194613,17.386047854245188,2950.2953074460656,17.731409557108385
396,2918.0879149156517,17.884752259734665,2964.8351123438274,18.280396858337127,2998.7280085649454,18.034328055750027,2937.2086378864415,17.490644685182534,2932.6168635194613,17.39476477877838,2950.2953074460656,17.816977327556547
397,2918.0879149156517,17.94504560414237,2964.8351123438274,17.761125788249142,2998.7280085649454,17.806083776209704,2937.2086378864415,17.807948014274885,2932.6168635194613,17.803930844777888,2950.2953074460656,17.824826805530797
398,2918.0879149156517,18.107378481596395,2964.8351123438274,17.944639580878828,2998.7280085649454,17.41984948893879,2937.2086378864415,17.481320832107354,2932.6168635194613,18.117578047087207,2950.2953074460656,17.814153286121716
399,2918.0879149156517,17.699218884481766,2964.8351123438274,17.664642875321743,2998.7280085649454,17.161755128810395,2937.2086378864415,17.84211063484064,2932.6168635194613,17.963462227803845,2950.2953074460656,17.666237950251677
400,2918.0879149156517,17.716150907955473,2964.8351123438274,17.642258480913412,2998.7280085649454,17.348316841446334,2937.2086378864415,17.621297392454565,2932.6168635194613,18.000587898598315,2950.2953074460656,17.665722304273622
401,2918.0879149156517,17.73286375038764,2964.8351123438274,17.885914393414623,2998.7280085649454,17.804875960361365,2937.2086378864415,17.538085193410755,2932.6168635194613,17.976714571033508,2950.2953074460656,17.78769077372158
402,2918.0879149156517,17.520165990124433,2964.8351123438274,17.662390463841707,2998.7280085649454,17.9619301772547,2937.2086378864415,17.70747049225388,2932.6168635194613,17.979656057147526,2950.2953074460656,17.76632263612445
403,2918.0879149156517,17.485676520486045,2964.8351123438274,17.54027141120708,2998.7280085649454,17.890830527683587,2937.2086378864415,17.95633482967128,2932.6168635194613,17.789446729650248,2950.2953074460656,17.73251200373965
404,2918.0879149156517,17.82634603194184,2964.8351123438274,17.63164324624573,2998.7280085649454,17.71542582354485,2937.2086378864415,17.822453892079032,2932.6168635194613,17.437380847299263,2950.2953074460656,17.686649968222145
405,2918.0879149156517,17.814401683326647,2964.8351123438274,17.49438660609454,2998.7280085649454,17.836281781523805,2937.2086378864415,17.841256957623973,2932.6168635194613,17.390816262322996,2950.2953074460656,17.675428658178394
406,2918.0879149156517,17.83839408884317,2964.8351123438274,17.50854185284397,2998.7280085649454,17.624959244788265,2937.2086378864415,18.15057379963494,2932.6168635194613,17.6105836976893,2950.2953074460656,17.746610536759924
407,2918.0879149156517,17.854353553934637,2964.8351123438274,17.495149124941886,2998.7280085649454,17.658474451779405,2937.2086378864415,17.527584586881765,2932.6168635194613,17.953030206720875,2950.2953074460656,17.697718384851715
408,2918.0879149156517,17.927496695663404,2964.8351123438274,17.373622811177526,2998.7280085649454,17.521522539381284,2937.2086378864415,17.47700487005361,2932.6168635194613,18.078639431364447,2950.2953074460656,17.675657269528052
409,2918.0879149156517,17.76936479692395,2964.8351123438274,17.714036982073107,2998.7280085649454,17.62102973223265,2937.2086378864415,17.790394795515184,2932.6168635194613,18.132745526580795,2950.2953074460656,17.805514366665136
410,2918.0879149156517,17.75749617057743,2964.8351123438274,17.264995464058075,2998.7280085649454,17.47099428892828,2937.2086378864415,17.607220626979426,2932.6168635194613,18.212466977912815,2950.2953074460656,17.662634705691204
411,2918.0879149156517,17.60640492764237,2964.8351123438274,17.4341284580367,2998.7280085649454,17.368585605599492,2937.2086378864415,18.357341346539524,2932.6168635194613,18.357498790825414,2950.2953074460656,17.824791825728703
412,2918.0879149156517,17.74811951974162,2964.8351123438274,17.583094498074214,2998.7280085649454,17.992088197213075,2937.2086378864415,17.681760811688992,2932.6168635194613,17.9872790004684,2950.2953074460656,17.798468405437262
413,2918.0879149156517,17.811694639567282,2964.8351123438274,17.692284229651065,2998.7280085649454,18.233612559593023,2937.2086378864415,17.5952270324042,2932.6168635194613,18.13454514359149,2950.2953074460656,17.893472720961412
414,2918.0879149156517,17.65904565203803,2964.8351123438274,17.821953498558084,2998.7280085649454,17.803605014037526,2937.2086378864415,17.612578985765904,2932.6168635194613,17.660637375745832,2950.2953074460656,17.71156410522908
415,2918.0879149156517,17.600825937754653,2964.8351123438274,17.590731137174938,2998.7280085649454,17.510028727647132,2937.2086378864415,17.455929278501372,2932.6168635194613,17.66711017540398,2950.2953074460656,17.564925051296413
416,2918.0879149156517,17.76126753822093,2964.8351123438274,18.03550706013777,2998.7280085649454,17.631162191427073,2937.2086378864415,18.13175672254521,2932.6168635194613,17.967523103914342,2950.2953074460656,17.905443323249067
417,2918.0879149156517,17.8521428505214,2964.8351123438274,17.8563029076451,2998.7280085649454,17.520927362180785,2937.2086378864415,17.3066780329365,2932.6168635194613,18.2338442053021,2950.2953074460656,17.75397907171718
418,2918.0879149156517,17.860642462136347,2964.8351123438274,18.22178805426941,2998.7280085649454,17.55263985261489,2937.2086378864415,18.04756870046266,2932.6168635194613,17.873832545174754,2950.2953074460656,17.911294322931614
419,2918.0879149156517,17.639444736951646,2964.8351123438274,17.755393626481993,2998.7280085649454,17.64736344442212,2937.2086378864415,17.585332025784105,2932.6168635194613,17.86601259691515,2950.2953074460656,17.698709286111004
420,2918.0879149156517,17.49200146464366,2964.8351123438274,17.498174678175424,2998.7280085649454,17.568893531287667,2937.2086378864415,17.698502609375076,2932.6168635194613,18.129910384876293,2950.2953074460656,17.677496533671626
421,2918.0879149156517,17.31293602083852,2964.8351123438274,17.608611448966144,2998.7280085649454,17.543308573413672,2937.2086378864415,18.013433686519235,2932.6168635194613,18.133920102404687,2950.2953074460656,17.722441966428452
422,2918.0879149156517,17.73973174700264,2964.8351123438274,17.617588765609913,2998.7280085649454,17.82187081681148,2937.2086378864415,18.088076441506946,2932.6168635194613,17.664767858973846,2950.2953074460656,17.786407125980965
423,2918.0879149156517,17.573733839088376,2964.8351123438274,17.756092795475187,2998.7280085649454,17.50068628750499,2937.2086378864415,17.63315369596286,2932.6168635194613,17.74474423638068,2950.2953074460656,17.64168217088242
424,2918.0879149156517,17.82782563034661,2964.8351123438274,17.73108438161414,2998.7280085649454,17.891254121588858,2937.2086378864415,17.603360174030666,2932.6168635194613,17.846354919744304,2950.2953074460656,17.779975845464914
425,2918.0879149156517,17.822753540931316,2964.8351123438274,17.319031996138804,2998.7280085649454,17.856110546714124,2937.2086378864415,17.59941545128986,2932.6168635194613,17.740573654284546,2950.2953074460656,17.66757703787173
426,2918.0879149156517,17.96000494411067,2964.8351123438274,17.35127928915508,2998.7280085649454,17.816720739829602,2937.2086378864415,17.816767795688552,2932.6168635194613,17.761467672347003,2950.2953074460656,17.741248088226182
427,2918.0879149156517,17.517569823594986,2964.8351123438274,17.612280898271706,2998.7280085649454,17.484438362863102,2937.2086378864415,17.853767785414686,2932.6168635194613,17.660926689962043,2950.2953074460656,17.625796712021305
428,2918.0879149156517,17.40555260812129,2964.8351123438274,17.53181750161773,2998.7280085649454,17.597613780424496,2937.2086378864415,17.585842707551784,2932.6168635194613,17.55643642129426,2950.2953074460656,17.535452603801915
429,2918.0879149156517,17.391577426703122,2964.8351123438274,18.153778386655183,2998.7280085649454,17.897801913415258,2937.2086378864415,17.941054008578096,2932.6168635194613,17.398737930633295,2950.2953074460656,17.756589933196988
430,2918.0879149156517,17.49850983001923,2964.8351123438274,18.053715865185158,2998.7280085649454,17.890591572902775,2937.2086378864415,17.73375237046595,2932.6168635194613,17.700960862452444,2950.2953074460656,17.775506100205114
431,2918.0879149156517,17.605848509020383,2964.8351123438274,17.85556238040392,2998.7280085649454,17.57979167623491,2937.2086378864415,17.90803015558114,2932.6168635194613,17.912958207754517,2950.2953074460656,17.772438185798972
432,2918.0879149156517,17.96921337388899,2964.8351123438274,17.59863747602127,2998.7280085649454,17.76616440600005,2937.2086378864415,17.927605586200112,2932.6168635194613,17.782294927987934,2950.2953074460656,17.80878315401967
433,2918.0879149156517,17.71014282206089,2964.8351123438274,17.379136528855515,2998.7280085649454,17.895388590972566,2937.2086378864415,17.619405572858174,2932.6168635194613,17.973225484850346,2950.2953074460656,17.715459799919497
434,2918.0879149156517,17.538462674415893,2964.8351123438274,17.573100373885687,2998.7280085649454,17.628511935994332,2937.2086378864415,17.53343349103491,2932.6168635194613,17.639540484391834,2950.2953074460656,17.582609791944527
435,2918.0879149156517,17.49491469667976,2964.8351123438274,17.99056662949015,2998.7280085649454,17.605300959137868,2937.2086378864415,17.460635622273482,2932.6168635194613,17.861276969437526,2950.2953074460656,17.68253897540376
436,2918.0879149156517,17.594479519759222,2964.8351123438274,17.79492538443987,2998.7280085649454,17.656089214290983,2937.2086378864415,17.51203328738374,2932.6168635194613,17.600365468271313,2950.2953074460656,17.631578574829028
437,2918.0879149156517,17.60508942653769,2964.8351123438274,17.4385411154081,2998.7280085649454,17.777594390994587,2937.2086378864415,17.85368304523641,2932.6168635194613,17.37487617574785,2950.2953074460656,17.609956830784927
438,2918.0879149156517,17.61929399862216,2964.8351123438274,17.315453540630422,2998.7280085649454,17.958822755147,2937.2086378864415,17.788904392548858,2932.6168635194613,17.725103729781214,2950.2953074460656,17.68151568334593
439,2918.0879149156517,18.369299046257286,2964.8351123438274,17.22273585377566,2998.7280085649454,17.85848280455816,2937.2086378864415,17.835183635988525,2932.6168635194613,17.472926382581388,2950.2953074460656,17.751725544632205
440,2918.0879149156517,17.810586211547747,2964.8351123438274,17.378969372743594,2998.7280085649454,18.23373727403143,2937.2086378864415,17.925102569502027,2932.6168635194613,17.348979111856984,2950.2953074460656,17.73947490793636
441,2918.0879149156517,18.150605872918533,2964.8351123438274,17.639300828091113,2998.7280085649454,17.663328279795966,2937.2086378864415,17.617434312465083,2932.6168635194613,17.59970233451673,2950.2953074460656,17.734074325557483
442,2918.0879149156517,18.004430977989173,2964.8351123438274,17.9148377421644,2998.7280085649454,17.523851474209277,2937.2086378864415,18.13246845495111,2932.6168635194613,17.62733000894253,2950.2953074460656,17.8405837316513
443,2918.0879149156517,17.777473973551842,2964.8351123438274,17.55699395355471,2998.7280085649454,17.605729033741774,2937.2086378864415,17.914012905336158,2932.6168635194613,18.04385543837591,2950.2953074460656,17.779613060912077
444,2918.0879149156517,17.494558866176,2964.8351123438274,17.552059593653105,2998.7280085649454,17.929444689763898,2937.2086378864415,17.49539039206562,2932.6168635194613,17.853027095740764,2950.2953074460656,17.664896127479874
445,2918.0879149156517,17.861702128113645,2964.8351123438274,18.04029423603471,2998.7280085649454,17.865712962200995,2937.2086378864415,17.550347560749984,2932.6168635194613,17.54602068236861,2950.2953074460656,17.77281551389359
446,2918.0879149156517,17.718490911220893,2964.8351123438274,17.781015092810957,2998.7280085649454,17.746120342758683,2937.2086378864415,17.970004337387035,2932.6168635194613,17.954925779444025,2950.2953074460656,17.83411129272432
447,2918.0879149156517,17.766803465533993,2964.8351123438274,17.60389440370325,2998.7280085649454,17.609797836782267,2937.2086378864415,17.61896118554574,2932.6168635194613,17.785173991150753,2950.2953074460656,17.6769261765432
448,2918.0879149156517,17.47222857943792,2964.8351123438274,17.387812647841695,2998.7280085649454,17.680041815073654,2937.2086378864415,17.471310836177768,2932.6168635194613,17.511548918881886,2950.2953074460656,17.504588559482585
449,2918.0879149156517,17.582749117286085,2964.8351123438274,17.4885386596963,2998.7280085649454,17.901056371580978,2937.2086378864415,17.74597719840088,2932.6168635194613,17.773489927330594,2950.2953074460656,17.698362254858967
450,2918.0879149156517,17.477792735732486,2964.8351123438274,17.622115618587646,2998.7280085649454,17.844234146247363,2937.2086378864415,17.873867770721958,2932.6168635194613,17.635423328582565,2950.2953074460656,17.6906867199744
451,2918.0879149156517,17.998783472069775,2964.8351123438274,17.795087237924083,2998.7280085649454,17.72093811189459,2937.2086378864415,17.606961200063527,2932.6168635194613,17.57724579146383,2950.2953074460656,17.73980316268316
452,2918.0879149156517,18.13065322534192,2964.8351123438274,17.77614325956118,2998.7280085649454,17.489188688933755,2937.2086378864415,17.398389697040763,2932.6168635194613,17.480297554567493,2950.2953074460656,17.654934485089022
453,2918.0879149156517,18.06513739088467,2964.8351123438274,17.78978182126321,2998.7280085649454,18.176541003482125,2937.2086378864415,17.88453728462163,2932.6168635194613,17.458653515161576,2950.2953074460656,17.87493020308264
454,2918.0879149156517,17.98262935830217,2964.8351123438274,17.553369236980625,2998.7280085649454,17.9122240905225,2937.2086378864415,18.13225524208107,2932.6168635194613,17.51631912393662,2950.2953074460656,17.819359410364598
455,2918.0879149156517,18.115841302851596,2964.8351123438274,17.8253644669571,2998.7280085649454,17.6665043739856,2937.2086378864415,18.03658857119618,2932.6168635194613,17.80026273957073,2950.2953074460656,17.888912290912238
456,2918.0879149156517,17.978428690774045,2964.8351123438274,17.727574085628675,2998.7280085649454,17.395914627793147,2937.2086378864415,17.54208131534291,2932.6168635194613,17.535237953307508,2950.2953074460656,17.635847334569256
457,2918.0879149156517,18.22783859819398,2964.8351123438274,17.804125166314908,2998.7280085649454,17.406368254761926,2937.2086378864415,17.477533876306538,2932.6168635194613,17.457818752470846,2950.2953074460656,17.67473692960964
458,2918.0879149156517,17.98295823718361,2964.8351123438274,17.75756767862551,2998.7280085649454,17.477414421932938,2937.2086378864415,17.943989697499863,2932.6168635194613,17.608894694930687,2950.2953074460656,17.754164946034518
459,2918.0879149156517,18.081318733883258,2964.8351123438274,17.984596672257112,2998.7280085649454,17.224302926448086,2937.2086378864415,17.71076582368383,2932.6168635194613,17.483380662142817,2950.2953074460656,17.69687296368302
460,2918.0879149156517,17.62673206373003,2964.8351123438274,17.544550800389125,2998.7280085649454,17.824650122996058,2937.2086378864415,17.455118827554116,2932.6168635194613,17.73761056681894,2950.2953074460656,17.637732476297654
461,2918.0879149156517,18.10510737197639,2964.8351123438274,17.888174663471876,2998.7280085649454,17.945324726075697,2937.2086378864415,17.910698892864037,2932.6168635194613,17.96158511027576,2950.2953074460656,17.962178152932754
462,2918.0879149156517,18.11217566507575,2964.8351123438274,17.623970752784846,2998.7280085649454,17.61727327158373,2937.2086378864415,17.998820215557604,2932.6168635194613,17.84728689328165,2950.2953074460656,17.839905359656715
463,2918.0879149156517,17.740677075967056,2964.8351123438274,17.80726559445678,2998.7280085649454,17.480419349216785,2937.2086378864415,17.80362947958601,2932.6168635194613,18.089829820854472,2950.2953074460656,17.784364264016222
464,2918.0879149156517,17.577834812774086,2964.8351123438274,18.04030442532733,2998.7280085649454,17.887425107422818,2937.2086378864415,17.657866074278683,2932.6168635194613,18.300306691801797,2950.2953074460656,17.892747422320944
465,2918.0879149156517,17.415683354300825,2964.8351123438274,17.914509140741725,2998.7280085649454,17.73364813428751,2937.2086378864415,17.436150711529205,2932.6168635194613,17.73522113546386,2950.2953074460656,17.647042495264625
466,2918.0879149156517,18.02665541459155,2964.8351123438274,17.615501713711232,2998.7280085649454,17.979663038311788,2937.2086378864415,17.359396732318814,2932.6168635194613,17.42117447120267,2950.2953074460656,17.680478274027212
467,2918.0879149156517,17.954964919698394,2964.8351123438274,18.07587029316471,2998.7280085649454,17.734161411562248,2937.2086378864415,17.613394363615907,2932.6168635194613,17.421754519099416,2950.2953074460656,17.760029101428138
468,2918.0879149156517,17.581528726345475,2964.8351123438274,17.87149551596857,2998.7280085649454,17.768172521580702,2937.2086378864415,17.82265832345484,2932.6168635194613,17.67452480802132,2950.2953074460656,17.74367597907418
469,2918.0879149156517,17.53460294881346,2964.8351123438274,17.76471602031097,2998.7280085649454,18.09167846021092,2937.2086378864415,17.739215826773208,2932.6168635194613,17.989575243432093,2950.2953074460656,17.823957699908128
470,2918.0879149156517,17.603621575988115,2964.8351123438274,17.540114960611753,2998.7280085649454,17.851568457136352,2937.2086378864415,18.083579645124015,2932.6168635194613,17.73532761934253,2950.2953074460656,17.76284245164055
471,2918.0879149156517,17.942975215552245,2964.8351123438274,17.689578140861776,2998.7280085649454,17.540829684619656,2937.2086378864415,18.12583410740189,2932.6168635194613,17.329742962321326,2950.2953074460656,17.725792022151374
472,2918.0879149156517,17.9132911430461,2964.8351123438274,17.954435456473988,2998.7280085649454,17.336341191194215,2937.2086378864415,17.739254840521927,2932.6168635194613,17.381112724318253,2950.2953074460656,17.664887071110897
473,2918.0879149156517,17.59663585250328,2964.8351123438274,18.169869485056495,2998.7280085649454,17.969013075410118,2937.2086378864415,17.639499321756034,2932.6168635194613,17.529551664369183,2950.2953074460656,17.78091387981902
474,2918.0879149156517,17.529939423046144,2964.8351123438274,17.46621323952722,2998.7280085649454,17.814847608935658,2937.2086378864415,17.50160054279173,2932.6168635194613,17.97455976917367,2950.2953074460656,17.657432116694885
475,2918.0879149156517,17.4072788083544,2964.8351123438274,17.653394081338817,2998.7280085649454,17.51527432144306,2937.2086378864415,17.822137372900137,2932.6168635194613,17.93558090973739,2950.2953074460656,17.666733098754758
476,2918.0879149156517,18.05395629715385,2964.8351123438274,17.930106167594836,2998.7280085649454,17.711615103153893,2937.2086378864415,17.906148081750857,2932.6168635194613,17.699795538072134,2950.2953074460656,17.860324237545115
477,2918.0879149156517,17.71607012003567,2964.8351123438274,18.02499938020844,2998.7280085649454,17.915529227402004,2937.2086378864415,18.029930826469993,2932.6168635194613,17.931386106107183,2950.2953074460656,17.92358313204466
478,2918.0879149156517,17.422690435512298,2964.8351123438274,17.371083438866673,2998.7280085649454,17.274851733076638,2937.2086378864415,18.088997180017316,2932.6168635194613,18.072826108231972,2950.2953074460656,17.646089779140976
479,2918.0879149156517,17.651638967302837,2964.8351123438274,17.382001684218174,2998.7280085649454,17.577982531127727,2937.2086378864415,17.589969854659635,2932.6168635194613,17.827886727260562,2950.2953074460656,17.60589595291379
480,2918.0879149156517,17.570317969980202,2964.8351123438274,17.990983480903726,2998.7280085649454,17.811258101226,2937.2086378864415,17.898717328351946,2932.6168635194613,17.656048747051884,2950.2953074460656,17.785465125502753
481,2918.0879149156517,17.413496447403507,2964.8351123438274,17.829249711182076,2998.7280085649454,17.43068828662548,2937.2086378864415,17.3319912299752,2932.6168635194613,17.545894772558935,2950.2953074460656,17.51026408954904
482,2918.0879149156517,17.508082917724792,2964.8351123438274,17.522641510420105,2998.7280085649454,17.266434922019304,2937.2086378864415,17.274631234027513,2932.6168635194613,17.836639657125655,2950.2953074460656,17.481686048263473
483,2918.0879149156517,17.461841459868012,2964.8351123438274,17.80633499714506,2998.7280085649454,17.79517228788959,2937.2086378864415,17.55882241175584,2932.6168635194613,18.066107380357767,2950.2953074460656,17.737655707403253
484,2918.0879149156517,17.379440729197963,2964.8351123438274,17.701551126976774,2998.7280085649454,18.014181242609027,2937.2086378864415,18.040846351716173,2932.6168635194613,17.660284779331498,2950.2953074460656,17.75926084596629
485,2918.0879149156517,17.341687764139703,2964.8351123438274,17.749413139490354,2998.7280085649454,18.096172648451283,2937.2086378864415,17.862966069989177,2932.6168635194613,17.460786552381116,2950.2953074460656,17.70220523489032
486,2918.0879149156517,17.724534461702095,2964.8351123438274,18.244425021930315,2998.7280085649454,17.96333499416207,2937.2086378864415,18.13187025340745,2932.6168635194613,18.07664790613793,2950.2953074460656,18.028162527467977
487,2918.0879149156517,17.671197855074926,2964.8351123438274,18.302341427602713,2998.7280085649454,17.512163559404033,2937.2086378864415,17.912074725114003,2932.6168635194613,17.667011281060436,2950.2953074460656,17.812957769651224
488,2918.0879149156517,17.56396004397055,2964.8351123438274,17.744213310998173,2998.7280085649454,17.698842832779466,2937.2086378864415,18.08338762121088,2932.6168635194613,17.952780100810774,2950.2953074460656,17.808636781953968
489,2918.0879149156517,17.76866051710478,2964.8351123438274,17.68405244980377,2998.7280085649454,17.86035848235118,2937.2086378864415,17.59836795996037,2932.6168635194613,17.837037881833282,2950.2953074460656,17.749695458210674
490,2918.0879149156517,17.652759812605378,2964.8351123438274,17.28368594351928,2998.7280085649454,17.74546300063901,2937.2086378864415,18.11794936099716,2932.6168635194613,17.892948441287114,2950.2953074460656,17.738561311809587
491,2918.0879149156517,18.014185749540214,2964.8351123438274,17.984171540344118,2998.7280085649454,17.789249664417362,2937.2086378864415,18.00156119244073,2932.6168635194613,17.73946371967218,2950.2953074460656,17.90572637328292
492,2918.0879149156517,17.64048603937956,2964.8351123438274,17.71535147893866,2998.7280085649454,17.897445072733532,2937.2086378864415,17.732712052923826,2932.6168635194613,18.038466750934486,2950.2953074460656,17.804892278982017
493,2918.0879149156517,17.375577587886657,2964.8351123438274,17.87827366290942,2998.7280085649454,17.653855238029998,2937.2086378864415,17.442954529297687,2932.6168635194613,17.65158354623098,2950.2953074460656,17.60044891287095
494,2918.0879149156517,17.458169491992347,2964.8351123438274,17.66024427785922,2998.7280085649454,17.546518613058982,2937.2086378864415,17.85406111610685,2932.6168635194613,17.634845925934172,2950.2953074460656,17.630767884990313
495,2918.0879149156517,17.37566886453517,2964.8351123438274,17.73102928946843,2921.1093107369875,18.040712512375567,2937.2086378864415,17.855584120705693,2932.6168635194613,17.77518746274745,2934.771567880474,17.755636449966467
496,2918.0879149156517,17.384219362183494,2964.8351123438274,17.760988496713033,2921.1093107369875,17.75690226190035,2937.2086378864415,17.94515896551134,2932.6168635194613,17.4199352657406,2934.771567880474,17.653440870409764
497,2918.0879149156517,17.423979706985435,2964.8351123438274,17.856983270574037,2921.1093107369875,17.318418028684658,2937.2086378864415,17.67241538076263,2932.6168635194613,17.725200338182702,2934.771567880474,17.59939934503789
498,2918.0879149156517,17.67382602949654,2964.8351123438274,17.40304530259202,2921.1093107369875,17.685621742952232,2937.2086378864415,17.512686121564077,2932.6168635194613,17.783462799683793,2934.771567880474,17.611728399257732
499,2918.0879149156517,17.36472797063697,2964.8351123438274,17.61887569417763,2921.1093107369875,17.64906242654961,2937.2086378864415,17.54990027539022,2932.6168635194613,17.561061011176626,2934.771567880474,17.548725475586206
500,2918.0879149156517,17.46243584812011,2964.8351123438274,17.865429169654906,2921.1093107369875,17.803422526046646,2937.2086378864415,17.74956383689257,2932.6168635194613,17.803676367408098,2934.771567880474,17.736905549624467
