generation,fitness_run_1,diversity_run_1,fitness_run_2,diversity_run_2,fitness_run_3,diversity_run_3,fitness_run_4,diversity_run_4,fitness_run_5,diversity_run_5,fitness_average,diversity_average
1,3070.7100431010076,18.734372256275645,3006.4597439460804,18.62033620872358,3038.225749104082,18.606537113387983,2984.8914205225187,18.497649496391738,3127.3043346710706,18.7496687458451,3045.5182582689517,18.64171276412481
2,3005.997360041487,18.283756343145157,3006.4597439460804,18.139185283495355,3038.225749104082,18.042035883093035,2984.8914205225187,17.798001301001438,3127.3043346710706,18.281855545823127,3032.5757216570482,18.108966871311623
3,3005.997360041487,18.0270961599792,3006.4597439460804,17.958640378107308,3012.2691682858576,17.938173740721346,2984.8914205225187,17.555556684346723,3072.644397829999,18.077419111240555,3016.4524181251886,17.91137721487903
4,3005.997360041487,17.9057259208015,3006.4597439460804,17.977410901872506,2972.071060146959,17.875867879175686,2984.8914205225187,17.797646551378463,3072.644397829999,17.91114230195518,3008.412796497409,17.89355871103667
5,3005.997360041487,18.077906825976815,3006.4597439460804,17.915967489775433,2955.0200388870944,17.696278479020314,2984.8914205225187,17.622077679875648,3072.644397829999,17.948640759872802,3005.002592245436,17.852174246904205
6,3005.997360041487,18.007493236444468,3006.4597439460804,17.75356716440165,2941.3054606186765,17.633743479232706,2984.8914205225187,17.78630764194912,3072.644397829999,17.94629232531541,3002.2596765917524,17.825480769468673
7,3005.997360041487,18.178901784700585,3006.4597439460804,17.929848764830062,2941.3054606186765,17.809719733384867,2984.8914205225187,17.68003361220774,3072.644397829999,18.05873215844201,3002.2596765917524,17.931447210713053
8,2883.126788359657,17.929938818406722,2929.165207888044,17.85421615611404,2941.3054606186765,17.622404324766624,2984.8914205225187,17.438763066166775,3072.644397829999,17.963380686760754,2962.226655043779,17.76174061044298
9,2883.126788359657,17.913671509838405,2929.165207888044,17.52218425584787,2941.3054606186765,17.421826037102313,2984.8914205225187,17.744614928251693,3043.8801851690714,17.808454385968997,2956.4738125115937,17.682150223401855
10,2883.126788359657,17.979705586868395,2929.165207888044,17.762435297221977,2941.3054606186765,17.64381999340977,2984.8914205225187,17.898573124613907,3043.8801851690714,17.559679719420743,2956.4738125115937,17.76884274430696
11,2883.126788359657,17.963252280824207,2929.165207888044,17.87760549871396,2941.3054606186765,17.81082075122072,2984.8914205225187,17.827440183108894,3037.012255941512,17.536579148531377,2955.1002266660817,17.80313957247983
12,2883.126788359657,17.871881296619094,2929.165207888044,17.886993115185007,2941.3054606186765,17.762893170420725,2984.8914205225187,17.55663449452672,3037.012255941512,17.943304069208168,2955.1002266660817,17.80434122919194
13,2883.126788359657,17.79489552161349,2929.165207888044,17.709096493605355,2941.3054606186765,17.92185276353189,2920.6937333795136,17.802525909890146,3037.012255941512,17.89635247931404,2942.2606892374806,17.824944633590984
14,2883.126788359657,17.81865553848274,2929.165207888044,17.84644562565897,2941.3054606186765,17.909793909482318,2920.6937333795136,17.751536547087543,3037.012255941512,17.77476851970591,2942.2606892374806,17.820240028083496
15,2883.126788359657,17.87256012924593,2929.165207888044,18.1321290087811,2941.3054606186765,17.816695595254405,2920.6937333795136,17.78998415943533,2964.4084448494855,17.77858788385383,2927.7399270190754,17.87799135531412
16,2883.126788359657,17.9094171410305,2929.165207888044,17.9517769267962,2941.3054606186765,17.93379788721013,2920.6937333795136,18.084654730700496,2964.4084448494855,17.754081550526053,2927.7399270190754,17.926745647252677
17,2883.126788359657,17.982322957438534,2892.2792867095036,18.01700257365457,2941.3054606186765,17.69613992029766,2920.6937333795136,17.900468526414144,2964.4084448494855,17.629451240403643,2920.362742783367,17.845077043641712
18,2883.126788359657,17.967339290317213,2892.2792867095036,17.99766150361283,2941.3054606186765,17.598170080022594,2920.6937333795136,17.7735803815794,2964.4084448494855,17.9432752150565,2920.362742783367,17.85600529411771
19,2883.126788359657,17.851447628671387,2892.2792867095036,18.007927108847788,2941.3054606186765,17.890670669806262,2920.6937333795136,17.80619311082145,2964.4084448494855,17.829049046102035,2920.362742783367,17.877057512849785
20,2883.126788359657,17.54941540917717,2892.2792867095036,17.756950844812252,2941.3054606186765,17.92450269961881,2920.6937333795136,17.985995546576106,2964.4084448494855,17.922960521431534,2920.362742783367,17.827965004323175
21,2883.126788359657,17.685122663775562,2892.2792867095036,17.857424674157606,2941.3054606186765,17.920607678033022,2920.6937333795136,17.85799145388099,2964.4084448494855,17.899931725809438,2920.362742783367,17.844215639131324
22,2883.126788359657,17.876975264618768,2892.2792867095036,17.540443436041247,2941.3054606186765,17.652056883570182,2920.6937333795136,17.863093723289623,2964.4084448494855,17.829797895699052,2920.362742783367,17.752473440643776
23,2883.126788359657,18.04321724176761,2892.2792867095036,17.36977303569041,2941.3054606186765,17.95464607526539,2920.6937333795136,17.882294305077334,2964.4084448494855,17.823366999135867,2920.362742783367,17.814659531387324
24,2883.126788359657,17.964436131064698,2892.2792867095036,17.560391800028263,2941.3054606186765,17.958301919128438,2920.6937333795136,17.91691352466106,2964.4084448494855,17.77929080983621,2920.362742783367,17.835866836943733
25,2883.126788359657,17.98590632362872,2892.2792867095036,17.81103308237932,2941.3054606186765,17.985879232781787,2920.6937333795136,17.97453965473386,2964.4084448494855,17.54886008373425,2920.362742783367,17.861243675451586
26,2883.126788359657,17.971666580514754,2892.2792867095036,17.683849060809248,2941.3054606186765,17.948308637976265,2920.6937333795136,17.696214507629293,2964.4084448494855,17.72124879041153,2920.362742783367,17.80425751546822
27,2883.126788359657,17.975264138946894,2892.2792867095036,17.83211136835143,2941.3054606186765,18.00950375881703,2920.6937333795136,17.633492721605034,2964.4084448494855,17.905097719113883,2920.362742783367,17.871093941366855
28,2883.126788359657,17.877567900318134,2892.2792867095036,17.90074006536937,2941.3054606186765,17.837499890877556,2920.6937333795136,17.82516712705573,2964.4084448494855,17.675123651729955,2920.362742783367,17.823219727070146
29,2883.126788359657,17.94840226026217,2892.2792867095036,17.879209927522172,2941.3054606186765,17.823245934626467,2920.6937333795136,17.84989759727581,2964.4084448494855,17.72403668528117,2920.362742783367,17.844958480993558
30,2883.126788359657,17.97693840836765,2892.2792867095036,17.859638737739335,2941.3054606186765,17.809765564667668,2920.6937333795136,17.815001481118106,2964.4084448494855,17.75694253102652,2920.362742783367,17.843657344583857
31,2883.126788359657,17.798334554595336,2892.2792867095036,17.866303846549368,2941.3054606186765,18.092413267268707,2920.6937333795136,17.9275783568373,2964.4084448494855,17.89835007000746,2920.362742783367,17.91659601905163
32,2883.126788359657,17.940274811120705,2892.2792867095036,17.838345839040475,2941.3054606186765,18.068588287992338,2920.6937333795136,17.981425482934117,2964.4084448494855,17.92743789032671,2920.362742783367,17.95121446228287
33,2883.126788359657,17.89202179882048,2875.8548649040035,17.825686650523608,2941.3054606186765,17.80366789450897,2920.6937333795136,17.699965106260017,2964.4084448494855,17.69140627406732,2917.077858422267,17.78254954483608
34,2883.126788359657,17.722767635994515,2875.8548649040035,17.5350923918521,2941.3054606186765,17.778593791779702,2920.6937333795136,17.86808461878067,2964.4084448494855,17.80944725704486,2917.077858422267,17.742797139090367
35,2883.126788359657,17.5150116359152,2875.8548649040035,17.933519301278437,2941.3054606186765,17.87192735265625,2920.6937333795136,17.83003402964291,2964.4084448494855,17.939168316306876,2917.077858422267,17.817932127159935
36,2883.126788359657,17.962818621286143,2875.8548649040035,18.022387173466804,2941.3054606186765,17.81280905310407,2920.6937333795136,17.89631296644987,2964.4084448494855,17.939580889153124,2917.077858422267,17.926781740692
37,2883.126788359657,17.92350777045212,2875.8548649040035,17.669115779439505,2941.3054606186765,17.946876038170064,2920.6937333795136,17.93314374623506,2964.4084448494855,17.695210246102704,2917.077858422267,17.83357071607989
38,2883.126788359657,17.92068194711022,2875.8548649040035,17.631717869112304,2941.3054606186765,17.894895451434905,2920.6937333795136,17.913702452736153,2964.4084448494855,17.808700964544673,2917.077858422267,17.833939736987652
39,2883.126788359657,17.898132675783792,2875.8548649040035,17.800842035442635,2941.3054606186765,17.898644583144655,2920.6937333795136,18.079525969139073,2964.4084448494855,17.749357369037046,2917.077858422267,17.88530052650944
40,2883.126788359657,17.729069814549007,2875.8548649040035,17.890949121302874,2941.3054606186765,17.455678393911196,2920.6937333795136,17.98004466690447,2964.4084448494855,17.70442863511924,2917.077858422267,17.752034126357355
41,2883.126788359657,17.72081278330554,2875.8548649040035,17.819306467944344,2941.3054606186765,17.818371446984834,2920.6937333795136,18.197768453813737,2964.4084448494855,17.680563060101935,2917.077858422267,17.847364442430077
42,2883.126788359657,17.84949806178712,2875.8548649040035,17.759248488979175,2941.3054606186765,17.587344143603577,2920.6937333795136,18.16662114563118,2964.4084448494855,17.63955478898967,2917.077858422267,17.800453325798145
43,2883.126788359657,17.917196273175037,2875.8548649040035,17.90947662878793,2941.3054606186765,17.850724324455626,2920.6937333795136,18.026174036724832,2964.4084448494855,17.903787265890347,2917.077858422267,17.921471705806756
44,2883.126788359657,17.896245574624043,2875.8548649040035,17.955543838816407,2941.3054606186765,17.840416764293327,2920.6937333795136,17.927933011497565,2964.4084448494855,17.84283121762401,2917.077858422267,17.89259408137107
45,2883.126788359657,17.76840955244368,2875.8548649040035,17.76792647329848,2941.3054606186765,17.893347185084917,2920.6937333795136,17.804228161174418,2964.4084448494855,17.5119434301895,2917.077858422267,17.7491709604382
46,2883.126788359657,17.76183840597869,2875.8548649040035,17.78288259184614,2941.3054606186765,17.80502274239647,2920.6937333795136,17.630443994538645,2964.4084448494855,17.74917212344017,2917.077858422267,17.74587197164002
47,2883.126788359657,17.784813052071314,2875.8548649040035,17.852872187031572,2941.3054606186765,17.848211288923427,2920.6937333795136,17.502786279266967,2964.4084448494855,17.955883974090916,2917.077858422267,17.78891335627684
48,2883.126788359657,18.057259761941637,2875.8548649040035,17.832715758999772,2941.3054606186765,17.83709029967077,2920.6937333795136,17.77650213810755,2964.4084448494855,17.918523470136392,2917.077858422267,17.884418285771225
49,2883.126788359657,17.502369660927574,2875.8548649040035,17.689578335758508,2941.3054606186765,17.726444347874455,2920.6937333795136,17.91080708269878,2964.4084448494855,17.90933318042534,2917.077858422267,17.74770652153693
50,2883.126788359657,17.664172618958876,2875.8548649040035,17.85144701451105,2941.3054606186765,17.843568608908072,2920.6937333795136,17.88073660621148,2964.4084448494855,18.04011435607487,2917.077858422267,17.856007840932868
51,2883.126788359657,17.574339829959815,2875.8548649040035,17.988743104886293,2941.3054606186765,17.796179487942226,2920.6937333795136,17.873877796328273,2964.4084448494855,17.891534243735286,2917.077858422267,17.824934892570376
52,2883.126788359657,17.610337255344998,2875.8548649040035,17.981723476031668,2941.3054606186765,17.518830514097562,2920.6937333795136,17.639855232288763,2964.4084448494855,17.75252131297553,2917.077858422267,17.700653558147703
53,2883.126788359657,17.78563839520713,2875.8548649040035,17.867044248931396,2941.3054606186765,17.60064330403126,2920.6937333795136,17.867992508039894,2964.4084448494855,17.841039015552816,2917.077858422267,17.792471494352498
54,2883.126788359657,17.869205220592747,2875.8548649040035,17.908275289984388,2941.3054606186765,17.692684446411434,2920.6937333795136,17.882110198653194,2964.4084448494855,17.996423617609853,2917.077858422267,17.869739754650322
55,2883.126788359657,17.78708848067488,2875.8548649040035,17.73210059941913,2941.3054606186765,17.740374821234486,2920.6937333795136,17.73435227983251,2964.4084448494855,18.041238363501208,2917.077858422267,17.80703090893244
56,2883.126788359657,18.104651242066844,2875.8548649040035,17.831110367120612,2941.3054606186765,17.94012286224056,2920.6937333795136,17.840802207928665,2964.4084448494855,17.851677582345392,2917.077858422267,17.91367285234041
57,2883.126788359657,17.997190705344806,2875.8548649040035,17.844611650878303,2941.3054606186765,17.918736448455743,2920.6937333795136,17.764541245916323,2964.4084448494855,17.73182020944956,2917.077858422267,17.85138005200895
58,2883.126788359657,17.863597248004726,2875.8548649040035,17.919020265802416,2941.3054606186765,17.882381637090372,2920.6937333795136,17.856108771536263,2964.4084448494855,17.822972551925194,2917.077858422267,17.868816094871793
59,2883.126788359657,17.552302256372382,2875.8548649040035,17.700501828924086,2941.3054606186765,17.859244016950214,2920.6937333795136,17.812224904606964,2964.4084448494855,17.867995576284603,2917.077858422267,17.75845371662765
60,2883.126788359657,18.0588548679041,2875.8548649040035,17.864320399958935,2941.3054606186765,17.932555585031082,2920.6937333795136,17.802516983295657,2964.4084448494855,17.868382873265066,2917.077858422267,17.905326141890967
61,2883.126788359657,17.94114441448205,2875.8548649040035,17.424281500606718,2941.3054606186765,17.716160780458885,2920.6937333795136,17.93024940807105,2964.4084448494855,17.816647073578473,2917.077858422267,17.765696635439433
62,2883.126788359657,17.986019100023356,2875.8548649040035,17.766062163413235,2941.3054606186765,17.865929307164926,2920.6937333795136,17.861751744334423,2964.4084448494855,17.845933123882716,2917.077858422267,17.86513908776373
63,2883.126788359657,18.17978976878413,2875.8548649040035,18.11475421001079,2887.7291956260733,17.73428288458047,2920.6937333795136,17.63065788360706,2964.4084448494855,17.765315633706436,2906.3626054237466,17.884960076137776
64,2883.126788359657,17.958871035328187,2875.8548649040035,17.93984047506849,2887.7291956260733,17.778626959092726,2920.6937333795136,17.887091849776812,2964.4084448494855,17.52427974852084,2906.3626054237466,17.817742013557414
65,2883.126788359657,18.041559323502224,2875.8548649040035,17.90306970220314,2887.7291956260733,17.453307592147304,2920.6937333795136,17.783991756070357,2964.4084448494855,17.782234074681966,2906.3626054237466,17.792832489721
66,2883.126788359657,17.95941355359622,2875.8548649040035,17.8597487119479,2887.7291956260733,17.686858881132054,2920.6937333795136,17.931899834471484,2964.4084448494855,17.915974480130394,2906.3626054237466,17.87077909225561
67,2883.126788359657,18.02812614168994,2875.8548649040035,17.707234475964476,2887.7291956260733,17.78365286391913,2920.6937333795136,17.992435013539303,2964.4084448494855,17.83829010413669,2906.3626054237466,17.869947719849907
68,2883.126788359657,17.794626792316425,2875.8548649040035,17.97899686213177,2887.7291956260733,17.93599753587087,2920.6937333795136,18.187474629177483,2964.4084448494855,17.869856821157533,2906.3626054237466,17.953390528130818
69,2883.126788359657,17.798451575525654,2875.8548649040035,17.868522052217372,2887.7291956260733,17.914294756995414,2920.6937333795136,18.166289135594834,2964.4084448494855,17.953779301284964,2906.3626054237466,17.94026736432365
70,2883.126788359657,17.91944015002442,2875.8548649040035,17.920517770663395,2887.7291956260733,17.618899006045687,2920.6937333795136,18.06588688706419,2964.4084448494855,17.759868220752406,2906.3626054237466,17.856922406910023
71,2883.126788359657,17.94341650057094,2875.8548649040035,17.81621054507357,2887.7291956260733,17.76716697306658,2920.6937333795136,17.810699734958657,2964.4084448494855,17.70150846812165,2906.3626054237466,17.80780044435828
72,2883.126788359657,17.72874480638775,2875.8548649040035,17.842380098342975,2887.7291956260733,17.778612543944014,2920.6937333795136,17.582510095557865,2964.4084448494855,17.467126752224658,2906.3626054237466,17.679874859291452
73,2883.126788359657,17.779657723482366,2875.8548649040035,17.88356157988496,2887.7291956260733,17.84244084552644,2920.6937333795136,17.769596975893883,2964.4084448494855,17.705263518489705,2906.3626054237466,17.79610412865547
74,2883.126788359657,17.838443609781702,2875.8548649040035,17.804571541871592,2887.7291956260733,17.911864926639513,2920.6937333795136,17.945254144053727,2964.4084448494855,17.87236533975638,2906.3626054237466,17.874499912420582
75,2883.126788359657,17.95977379727915,2875.8548649040035,17.509376219649017,2887.7291956260733,17.813042061466497,2920.6937333795136,17.847526865263106,2964.4084448494855,18.0242372674172,2906.3626054237466,17.830791242214993
76,2883.126788359657,17.910027009329642,2875.8548649040035,17.904463608212893,2887.7291956260733,17.601974935252404,2920.6937333795136,17.390144034273465,2964.4084448494855,17.70940770027401,2906.3626054237466,17.703203457468483
77,2883.126788359657,18.07307657983321,2875.8548649040035,17.974451717523223,2887.7291956260733,17.758956092186573,2920.6937333795136,17.53811868381063,2964.4084448494855,17.680077896852296,2906.3626054237466,17.804936194041186
78,2883.126788359657,17.974842511172877,2875.8548649040035,17.892092985685967,2887.7291956260733,17.99890484627447,2836.866119802614,17.666653528171818,2964.4084448494855,17.60317500173495,2889.5970827083665,17.82713377460802
79,2883.126788359657,18.057899897086,2875.8548649040035,18.0657991215041,2887.7291956260733,17.97867358828607,2836.866119802614,17.516232814123956,2964.4084448494855,17.85013826165629,2889.5970827083665,17.893748736531286
80,2883.126788359657,17.936519168224805,2875.8548649040035,18.12082348933664,2887.7291956260733,17.602633692924176,2836.866119802614,17.659717789458103,2964.4084448494855,17.90614250913937,2889.5970827083665,17.84516732981662
81,2883.126788359657,17.765114126251675,2875.8548649040035,17.989528546684742,2887.7291956260733,17.905191771994215,2836.866119802614,17.60310317183475,2964.4084448494855,17.883930523971706,2889.5970827083665,17.829373628147415
82,2883.126788359657,17.811299011152265,2875.8548649040035,17.99542036166275,2887.7291956260733,17.87174762718938,2836.866119802614,17.62025371547574,2964.4084448494855,18.174746737301422,2889.5970827083665,17.89469349055631
83,2883.126788359657,17.916436888306595,2875.8548649040035,18.003096430919495,2887.7291956260733,17.839237178027858,2836.866119802614,17.877794072297252,2964.4084448494855,18.151152882463002,2889.5970827083665,17.957543490402838
84,2883.126788359657,17.728833426545677,2875.8548649040035,17.89554283899942,2887.7291956260733,17.849011904402683,2836.866119802614,17.93266586672445,2964.4084448494855,17.958795472985994,2889.5970827083665,17.872969901931647
85,2883.126788359657,17.88851142133468,2875.8548649040035,17.936771293448018,2887.7291956260733,17.85903250916366,2836.866119802614,18.00594641192565,2964.4084448494855,17.826857631942957,2889.5970827083665,17.903423853562995
86,2883.126788359657,17.83478733214688,2875.8548649040035,17.83493790980326,2887.7291956260733,17.417031067522466,2836.866119802614,17.974277995714,2964.4084448494855,17.825568766605794,2889.5970827083665,17.77732061435848
87,2883.126788359657,17.729249924734468,2875.8548649040035,17.82642165695829,2887.7291956260733,17.584877774202617,2836.866119802614,17.891536021538695,2964.4084448494855,17.83461913692622,2889.5970827083665,17.773340902872057
88,2883.126788359657,17.897822537631498,2875.8548649040035,18.16739689251492,2887.7291956260733,17.41419897188179,2836.866119802614,17.858513137928636,2964.4084448494855,17.646851538243638,2889.5970827083665,17.796956615640095
89,2883.126788359657,17.795697453680788,2875.8548649040035,17.87733295949887,2887.7291956260733,17.8033752060691,2836.866119802614,17.947681252048792,2964.4084448494855,17.430200556315025,2889.5970827083665,17.770857485522516
90,2883.126788359657,17.851901448219238,2875.8548649040035,18.003348371334415,2887.7291956260733,17.86901803976248,2836.866119802614,17.760318635722584,2964.4084448494855,17.737895887614414,2889.5970827083665,17.844496476530626
91,2883.126788359657,18.040585850530814,2875.8548649040035,17.891140997093117,2887.7291956260733,17.860289005179126,2836.866119802614,17.85249077157042,2964.4084448494855,17.839891403417813,2889.5970827083665,17.896879605558258
92,2883.126788359657,18.033086535076386,2875.8548649040035,18.27826569365554,2887.7291956260733,17.955417748715547,2836.866119802614,17.94221231822076,2878.3578803376045,17.973682993427083,2872.3869698059907,18.036533057819064
93,2883.126788359657,17.845670201628504,2875.8548649040035,17.976218608414268,2887.7291956260733,17.82007494164596,2836.866119802614,17.82914608997827,2878.3578803376045,18.01877570836471,2872.3869698059907,17.897977110006345
94,2883.126788359657,18.187086812511694,2875.8548649040035,17.94470984959815,2887.7291956260733,17.858537574178218,2836.866119802614,17.892775788732433,2878.3578803376045,17.94229785473006,2872.3869698059907,17.965081575950112
95,2883.126788359657,17.88092897392508,2875.8548649040035,17.715766596402144,2887.7291956260733,17.923459219682773,2836.866119802614,17.87140136393545,2878.3578803376045,17.42349443836492,2872.3869698059907,17.763010118462073
96,2883.126788359657,17.649635060558314,2875.8548649040035,17.820060802276416,2887.7291956260733,18.04088060344266,2836.866119802614,17.498820346233643,2878.3578803376045,17.760504221603792,2872.3869698059907,17.753980206822966
97,2883.126788359657,17.529450055810834,2875.8548649040035,17.81148002011145,2887.7291956260733,17.823062873029546,2836.866119802614,17.686650436012194,2878.3578803376045,17.895138745449216,2872.3869698059907,17.74915642608265
98,2883.126788359657,17.71143204963844,2875.8548649040035,17.937803052043627,2887.7291956260733,17.794172740085855,2836.866119802614,17.755975156355518,2878.3578803376045,17.656904513478057,2872.3869698059907,17.7712575023203
99,2883.126788359657,17.846948808850573,2875.8548649040035,17.718381602222205,2887.7291956260733,17.96412508488373,2836.866119802614,17.951819586558713,2878.3578803376045,17.709016293846094,2872.3869698059907,17.838058275272264
100,2883.126788359657,18.00417049940897,2875.8548649040035,17.508352514639864,2887.7291956260733,18.007175002521723,2836.866119802614,17.924683190416207,2878.3578803376045,18.08556044328216,2872.3869698059907,17.905988330053784
101,2883.126788359657,17.96829315877073,2875.8548649040035,17.649947578020093,2887.7291956260733,17.85436833753377,2836.866119802614,17.96899366124074,2878.3578803376045,17.99244748206867,2872.3869698059907,17.8868100435268
102,2883.126788359657,17.785516327788287,2875.8548649040035,17.79994211701425,2887.7291956260733,17.904636798128944,2836.866119802614,17.983988841995718,2878.3578803376045,17.927473067771324,2872.3869698059907,17.880311430539706
103,2883.126788359657,17.934819993182657,2875.8548649040035,17.747874244504306,2887.7291956260733,17.960785052839693,2836.866119802614,17.891653317281996,2878.3578803376045,17.962347740298792,2872.3869698059907,17.899496069621488
104,2883.126788359657,17.586977548171483,2875.8548649040035,18.128171952320127,2887.7291956260733,17.89284597202936,2836.866119802614,17.887199512053783,2878.3578803376045,17.83989736067746,2872.3869698059907,17.867018469050443
105,2883.126788359657,17.81273244082187,2875.8548649040035,17.949500590011937,2887.7291956260733,17.8266613405656,2836.866119802614,17.89097751485592,2878.3578803376045,17.997549061533,2872.3869698059907,17.895484189557664
106,2883.126788359657,17.695956309711146,2875.8548649040035,17.802876775516836,2887.7291956260733,17.881726886106893,2836.866119802614,17.575601771707202,2878.3578803376045,17.776085953727343,2872.3869698059907,17.746449539353883
107,2883.126788359657,17.76355833217469,2875.8548649040035,18.070050510941627,2887.7291956260733,17.84293856437568,2836.866119802614,17.526066753308235,2878.3578803376045,17.974672318318834,2872.3869698059907,17.835457295823815
108,2883.126788359657,17.753455451707076,2875.8548649040035,18.119266015546494,2887.7291956260733,17.798747792677045,2836.866119802614,17.773776610985344,2878.3578803376045,17.54442533206332,2872.3869698059907,17.797934240595858
109,2883.126788359657,17.95904350461645,2875.8548649040035,17.940872046307593,2887.7291956260733,17.615643837661725,2836.866119802614,17.696422290345556,2878.3578803376045,17.862794300469684,2872.3869698059907,17.814955195880202
110,2883.126788359657,17.688688379755906,2875.8548649040035,17.513165966427668,2887.7291956260733,17.909799284689218,2836.866119802614,17.97117402884615,2878.3578803376045,17.785407669046855,2872.3869698059907,17.77364706575316
111,2883.126788359657,17.78212512261972,2875.8548649040035,17.750475552172606,2887.7291956260733,17.626814882666775,2836.866119802614,17.769327203136836,2878.3578803376045,17.858397829344366,2872.3869698059907,17.757428117988063
112,2883.126788359657,17.852908785278398,2875.8548649040035,17.691970987003597,2887.7291956260733,17.481332800083443,2836.866119802614,18.09037894220008,2878.3578803376045,18.007564192031825,2872.3869698059907,17.824831141319468
113,2883.126788359657,17.877308885268985,2875.8548649040035,17.46149319668562,2887.7291956260733,17.779364465643493,2836.866119802614,18.014588093115233,2878.3578803376045,17.971123919097522,2872.3869698059907,17.82077571196217
114,2883.126788359657,17.986362075788392,2875.8548649040035,17.553077768310366,2887.7291956260733,17.593894251467802,2836.866119802614,17.90924584563779,2878.3578803376045,17.833103687037433,2872.3869698059907,17.77513672564836
115,2883.126788359657,17.88665864880133,2875.8548649040035,17.645120114658095,2887.7291956260733,17.834606873748953,2836.866119802614,17.856007982056536,2878.3578803376045,17.84544513216978,2872.3869698059907,17.81356775028694
116,2883.126788359657,17.884224029825802,2875.8548649040035,17.65262989493521,2887.7291956260733,17.805056980854353,2836.866119802614,17.821256954833345,2878.3578803376045,17.96968582963198,2872.3869698059907,17.826570738016137
117,2883.126788359657,17.998879395892907,2875.8548649040035,17.832468538688,2887.7291956260733,17.896908476220936,2836.866119802614,17.808998515476414,2878.3578803376045,18.127764043681136,2872.3869698059907,17.93300379399188
118,2883.126788359657,17.785443655188473,2875.8548649040035,17.53201351017001,2887.7291956260733,17.802745225519608,2836.866119802614,17.98168213341149,2878.3578803376045,17.994309166151865,2872.3869698059907,17.819238738088288
119,2883.126788359657,17.675820093281267,2875.8548649040035,17.538645820135795,2887.7291956260733,17.603436959671804,2836.866119802614,18.00922476301889,2878.3578803376045,17.899899520319646,2872.3869698059907,17.74540543128548
120,2883.126788359657,18.151136584255088,2875.8548649040035,17.86437814629825,2887.7291956260733,17.771588635581594,2836.866119802614,17.927345973639866,2878.3578803376045,17.944172186552333,2872.3869698059907,17.931724305265426
121,2883.126788359657,18.169524807492156,2875.8548649040035,17.95512533706512,2887.7291956260733,17.77378666034074,2836.866119802614,17.80469674177752,2878.3578803376045,17.871493099679476,2872.3869698059907,17.914925329271
122,2883.126788359657,17.904438591858572,2875.8548649040035,17.9707411421457,2887.7291956260733,17.92062480084624,2836.866119802614,17.85929518426193,2878.3578803376045,17.90200202032985,2872.3869698059907,17.91142034788846
123,2883.126788359657,17.904006899981248,2875.8548649040035,17.89142957206715,2887.7291956260733,17.815561327687092,2836.866119802614,17.758186268846707,2878.3578803376045,17.933249648773128,2872.3869698059907,17.860486743471064
124,2883.126788359657,17.918450908611074,2875.8548649040035,17.870336629411746,2887.7291956260733,17.97414756821313,2836.866119802614,17.919121799167588,2878.3578803376045,17.71705798706911,2872.3869698059907,17.879822978494527
125,2883.126788359657,18.00051330824812,2875.8548649040035,17.806380182195753,2887.7291956260733,17.9284040645339,2836.866119802614,17.776339999106394,2878.3578803376045,17.54338659553118,2872.3869698059907,17.81100482992307
126,2883.126788359657,17.66015037570758,2875.8548649040035,17.629007446599346,2887.7291956260733,17.767146485293683,2836.866119802614,17.719444124576697,2878.3578803376045,17.77648201470775,2872.3869698059907,17.71044608937701
127,2883.126788359657,17.88086761949496,2875.8548649040035,17.89676488604082,2887.7291956260733,17.84578620155294,2836.866119802614,17.597128207454897,2878.3578803376045,17.776791302216864,2872.3869698059907,17.799467643352095
128,2883.126788359657,17.854975926110754,2875.8548649040035,17.969733501140865,2887.7291956260733,17.961013313700334,2836.866119802614,17.89706085161879,2878.3578803376045,17.752469806366094,2872.3869698059907,17.887050679787368
129,2883.126788359657,17.58651854566797,2875.8548649040035,17.939456518661984,2887.7291956260733,18.082078578994686,2836.866119802614,17.846953160672197,2878.3578803376045,17.833725541126928,2872.3869698059907,17.857746469024754
130,2883.126788359657,17.781491423648962,2875.8548649040035,17.963036299395533,2887.7291956260733,18.10105020752882,2836.866119802614,17.833941256413187,2878.3578803376045,17.84547052150657,2872.3869698059907,17.904997941698618
131,2883.126788359657,17.888403475327227,2875.8548649040035,17.637600390483232,2887.7291956260733,18.057491447382343,2836.866119802614,17.80271197209733,2878.3578803376045,17.817730449293418,2872.3869698059907,17.840787546916708
132,2883.126788359657,17.82493601119292,2875.8548649040035,17.724873526720398,2887.7291956260733,18.285629232374774,2836.866119802614,17.847112771290742,2878.3578803376045,17.803680861649337,2872.3869698059907,17.897246480645634
133,2883.126788359657,17.64077413647573,2875.8548649040035,17.63328923531418,2887.7291956260733,17.83821152334901,2836.866119802614,17.750301338476692,2878.3578803376045,17.9803835112683,2872.3869698059907,17.768591948976784
134,2883.126788359657,17.8548812166958,2875.8548649040035,17.83661277832121,2887.7291956260733,17.83890081100251,2836.866119802614,17.778531415764945,2878.3578803376045,17.841818903768043,2872.3869698059907,17.830149025110504
135,2883.126788359657,17.76663437475553,2875.8548649040035,17.80116232162488,2887.7291956260733,17.507786817169148,2836.866119802614,17.700204310958796,2878.3578803376045,17.850834972978298,2872.3869698059907,17.72532455949733
136,2883.126788359657,17.648456887885622,2875.8548649040035,17.75923407536413,2887.7291956260733,17.677492640953865,2836.866119802614,17.60532381156932,2878.3578803376045,17.95043723571772,2872.3869698059907,17.72818893029813
137,2883.126788359657,17.7657750481435,2875.8548649040035,17.801985602470747,2887.7291956260733,17.60037975543709,2836.866119802614,17.85831412824022,2878.3578803376045,17.816302371669195,2872.3869698059907,17.76855138119215
138,2883.126788359657,17.967802419567665,2875.8548649040035,17.897032076118492,2887.7291956260733,17.74980759309453,2836.866119802614,17.919519793075796,2878.3578803376045,17.724877225277037,2872.3869698059907,17.851807821426704
139,2883.126788359657,17.95345636317574,2875.8548649040035,17.926057670350986,2887.7291956260733,17.84451596891964,2836.866119802614,17.731138988660792,2878.3578803376045,17.851302867340195,2872.3869698059907,17.86129437168947
140,2883.126788359657,17.906236447671137,2875.8548649040035,18.36579639226664,2887.7291956260733,17.852870537718065,2836.866119802614,17.901547148913586,2878.3578803376045,17.77983454553014,2872.3869698059907,17.96125701441991
141,2883.126788359657,17.714115191722957,2875.8548649040035,18.00707936541722,2887.7291956260733,17.59553827253682,2836.866119802614,17.882935894862328,2878.3578803376045,17.835450434274005,2872.3869698059907,17.807023831762667
142,2883.126788359657,17.76799818194989,2875.8548649040035,17.628568658238766,2887.7291956260733,17.774375625535757,2836.866119802614,17.900426488541243,2878.3578803376045,17.81151350430303,2872.3869698059907,17.776576491713733
143,2883.126788359657,17.633622485790948,2875.8548649040035,17.721436500368466,2887.7291956260733,17.83603741698662,2836.866119802614,17.836536442665878,2878.3578803376045,17.845003657032493,2872.3869698059907,17.77452730056888
144,2883.126788359657,17.817904936452198,2875.8548649040035,17.570895602279066,2887.7291956260733,17.522818866781165,2836.866119802614,17.79932371771124,2878.3578803376045,17.925020566839713,2872.3869698059907,17.72719273801268
145,2883.126788359657,18.03354544058955,2875.8548649040035,17.78518696181453,2887.7291956260733,17.70586561506978,2836.866119802614,17.88739759405375,2878.3578803376045,17.930798575064443,2872.3869698059907,17.86855883731841
146,2883.126788359657,17.91364700706867,2875.8548649040035,17.855058280459332,2887.7291956260733,17.860963562604876,2836.866119802614,17.789558146787908,2878.3578803376045,17.805442194462646,2872.3869698059907,17.844933838276685
147,2883.126788359657,17.94556846219032,2875.8548649040035,17.7959986330489,2887.7291956260733,18.108900822061223,2836.866119802614,17.72211968267648,2878.3578803376045,17.6535168830172,2872.3869698059907,17.845220896598825
148,2883.126788359657,17.938123268937357,2875.8548649040035,17.94873735230197,2887.7291956260733,17.838307088176638,2836.866119802614,17.83654444242239,2878.3578803376045,17.678663098510132,2872.3869698059907,17.848075050069696
149,2883.126788359657,18.033370813700156,2875.8548649040035,17.986326689856764,2887.7291956260733,17.803964824276402,2836.866119802614,17.92496464555099,2878.3578803376045,17.85326112892136,2872.3869698059907,17.92037762046113
150,2883.126788359657,17.71642189035523,2875.8548649040035,17.836423693105157,2887.7291956260733,17.950306215362925,2836.866119802614,17.859362077060986,2878.3578803376045,17.88684530142093,2872.3869698059907,17.849871835461048
151,2883.126788359657,17.847518275374743,2875.8548649040035,17.754182336781604,2887.7291956260733,17.601433850850313,2836.866119802614,17.81336792396481,2878.3578803376045,17.833448769852545,2872.3869698059907,17.7699902313648
152,2883.126788359657,17.753861899337263,2875.8548649040035,17.937773248135827,2887.7291956260733,17.69791704505257,2836.866119802614,17.717626271927873,2878.3578803376045,17.887828192254347,2872.3869698059907,17.79900133134158
153,2883.126788359657,17.722666379949708,2875.8548649040035,17.84140748918241,2887.7291956260733,17.721503735307174,2836.866119802614,17.708929915209733,2878.3578803376045,17.989354428739635,2872.3869698059907,17.79677238967773
154,2883.126788359657,17.758682713521644,2875.8548649040035,17.51299592376569,2887.7291956260733,17.91553284042023,2836.866119802614,17.396915489612322,2878.3578803376045,17.972835175589317,2872.3869698059907,17.711392428581842
155,2883.126788359657,17.877848198710748,2875.8548649040035,17.814597866974783,2887.7291956260733,17.846277672132597,2836.866119802614,17.65009763117351,2878.3578803376045,17.883658487858227,2872.3869698059907,17.814495971369972
156,2883.126788359657,17.632618712702456,2875.8548649040035,17.558597262912002,2887.7291956260733,17.766198919233478,2836.866119802614,18.07814308884732,2878.3578803376045,17.512229164634242,2872.3869698059907,17.7095574296659
157,2883.126788359657,17.71369889645271,2875.8548649040035,17.7193954110686,2887.7291956260733,17.407874115215815,2836.866119802614,17.9012597450694,2878.3578803376045,17.80093415549247,2872.3869698059907,17.708632464659797
158,2883.126788359657,17.863850396122203,2875.8548649040035,17.680288228690223,2887.7291956260733,17.586383338931768,2836.866119802614,17.90832953714741,2878.3578803376045,17.841144977436475,2872.3869698059907,17.775999295665617
159,2883.126788359657,17.95313993168034,2875.8548649040035,17.77898419635321,2887.7291956260733,17.765795147088756,2836.866119802614,17.590989433422408,2878.3578803376045,17.869706441756804,2872.3869698059907,17.791723030060304
160,2883.126788359657,17.494973563909728,2875.8548649040035,17.945907153107786,2887.7291956260733,17.477906339135345,2836.866119802614,17.84054491077389,2878.3578803376045,17.77111380475084,2872.3869698059907,17.70608915433552
161,2883.126788359657,17.677039613801572,2875.8548649040035,17.856722542389065,2887.7291956260733,17.46504327659141,2836.866119802614,17.771519051590825,2878.3578803376045,17.96617325324115,2872.3869698059907,17.747299547522804
162,2883.126788359657,17.807032962688638,2875.8548649040035,17.78263155810137,2887.7291956260733,17.758716569979207,2836.866119802614,17.901998063294712,2878.3578803376045,17.942223534684835,2872.3869698059907,17.83852053774975
163,2883.126788359657,17.85889618556025,2875.8548649040035,17.671641591624358,2887.7291956260733,17.57634436391856,2836.866119802614,17.779745349549415,2878.3578803376045,17.977748924459608,2872.3869698059907,17.772875283022437
164,2883.126788359657,17.52847087264304,2875.8548649040035,17.720456590434058,2887.7291956260733,17.487157144414226,2836.866119802614,17.727017694290225,2878.3578803376045,17.946932693705445,2872.3869698059907,17.6820069990974
165,2883.126788359657,17.68592621434023,2875.8548649040035,17.829415752426815,2887.7291956260733,17.605057030040594,2836.866119802614,17.930139850231914,2878.3578803376045,17.909938012960374,2872.3869698059907,17.792095371999984
166,2883.126788359657,17.807003046208074,2875.8548649040035,17.875815765257656,2887.7291956260733,17.512329197938744,2836.866119802614,17.861978918651594,2878.3578803376045,17.888537740957375,2872.3869698059907,17.78913293380269
167,2883.126788359657,17.82164006971868,2875.8548649040035,17.801611185044628,2887.7291956260733,17.62524728581399,2836.866119802614,17.848233758527357,2878.3578803376045,17.90935513221973,2872.3869698059907,17.801217486264875
168,2883.126788359657,17.812156310305237,2875.8548649040035,17.76433371242442,2887.7291956260733,17.809866868165194,2836.866119802614,17.960217334141106,2878.3578803376045,17.85528000776025,2872.3869698059907,17.840370846559246
169,2883.126788359657,17.973412449372223,2875.8548649040035,17.681593610944184,2887.7291956260733,17.747857831734297,2836.866119802614,17.969654662240185,2878.3578803376045,17.954360178349457,2872.3869698059907,17.86537574652807
170,2883.126788359657,17.99894052445933,2875.8548649040035,17.382943148177507,2887.7291956260733,17.835978988788035,2836.866119802614,18.18703099997173,2878.3578803376045,17.98804663439465,2872.3869698059907,17.87858805915825
171,2883.126788359657,17.87797669514119,2875.8548649040035,17.719030898780616,2887.7291956260733,17.86284884778166,2836.866119802614,18.10765960842172,2878.3578803376045,17.91377652460994,2872.3869698059907,17.89625851494703
172,2883.126788359657,17.944846828037868,2875.8548649040035,17.902428731590422,2869.285861778096,17.711279267393213,2836.866119802614,17.863263748908484,2878.3578803376045,17.866175453890072,2868.6983030363945,17.85759880596401
173,2883.126788359657,17.72810406827021,2875.8548649040035,17.84241557288469,2869.285861778096,17.54275970825042,2836.866119802614,17.775379549573646,2878.3578803376045,17.866836735964,2868.6983030363945,17.751099126988592
174,2883.126788359657,17.7012074291452,2875.8548649040035,17.932370758398413,2869.285861778096,17.551256844891682,2836.866119802614,17.722896669767266,2878.3578803376045,17.929832902265876,2868.6983030363945,17.767512920893687
175,2883.126788359657,17.786998544819088,2875.8548649040035,17.909142348586595,2869.285861778096,17.972221448347817,2836.866119802614,17.867518989590426,2878.3578803376045,17.942445548413666,2868.6983030363945,17.895665375951516
176,2883.126788359657,17.9232341140466,2875.8548649040035,17.927761686425228,2869.285861778096,17.901773803486243,2836.866119802614,17.971776728670406,2878.3578803376045,17.946257838245305,2868.6983030363945,17.934160834174754
177,2883.126788359657,18.002148644684198,2875.8548649040035,17.65520196056114,2869.285861778096,17.78413022482597,2836.866119802614,17.80652993037227,2878.3578803376045,17.679392975661923,2868.6983030363945,17.7854807472211
178,2883.126788359657,17.964072075543722,2875.8548649040035,17.7059911234024,2869.285861778096,17.511991161502117,2836.866119802614,17.834557984777888,2878.3578803376045,17.862268073091265,2868.6983030363945,17.775776083663477
179,2883.126788359657,17.864069206614868,2875.8548649040035,17.753812426503256,2869.285861778096,17.37629289107994,2836.866119802614,17.977485160255462,2878.3578803376045,18.123445686106262,2868.6983030363945,17.81902107411196
180,2883.126788359657,17.929760991218995,2875.8548649040035,17.847253110851376,2869.285861778096,17.59434539769491,2836.866119802614,17.934270130398883,2878.3578803376045,17.862568525681073,2868.6983030363945,17.833639631169046
181,2883.126788359657,17.98908315838368,2875.8548649040035,17.829498475240438,2869.285861778096,17.810729598405835,2836.866119802614,18.021235041121386,2878.3578803376045,17.893034430673808,2868.6983030363945,17.90871614076503
182,2883.126788359657,17.89884001592716,2875.8548649040035,17.809000365347455,2869.285861778096,17.906593643615167,2836.866119802614,17.9529375532116,2878.3578803376045,17.589178555655277,2868.6983030363945,17.831310026751332
183,2883.126788359657,17.840781797972213,2875.8548649040035,18.032177484795426,2869.285861778096,17.788394759144783,2836.866119802614,17.829381798600473,2878.3578803376045,17.90934052146906,2868.6983030363945,17.88001527239639
184,2883.126788359657,17.700966946797234,2875.8548649040035,18.20391583379854,2869.285861778096,17.911017044612088,2836.866119802614,17.875884950871413,2878.3578803376045,17.541189354941498,2868.6983030363945,17.846594826204154
185,2883.126788359657,17.687706132230975,2875.8548649040035,17.893984505946527,2869.285861778096,17.86098198779234,2836.866119802614,17.892495891506563,2878.3578803376045,17.852947251060286,2868.6983030363945,17.837623153707337
186,2883.126788359657,17.566825975493714,2875.8548649040035,17.967562852150593,2869.285861778096,17.79336331242672,2836.866119802614,18.198348410132656,2878.3578803376045,17.949464682866175,2868.6983030363945,17.89511304661397
187,2883.126788359657,17.803627052735617,2875.8548649040035,17.980570021289413,2869.285861778096,17.465000474173163,2836.866119802614,18.01794570578387,2878.3578803376045,18.223349329909226,2868.6983030363945,17.89809851677826
188,2883.126788359657,17.918910729059785,2875.8548649040035,17.925983075149194,2869.285861778096,17.422177626515257,2836.866119802614,17.90074795434324,2878.3578803376045,17.682019580684305,2868.6983030363945,17.769967793150357
189,2883.126788359657,17.829677553843798,2875.8548649040035,17.82185392952001,2869.285861778096,17.578620840918436,2836.866119802614,17.72125066931903,2878.3578803376045,17.950998054334622,2868.6983030363945,17.78048020958718
190,2883.126788359657,17.832724846616877,2875.8548649040035,17.720760713627058,2869.285861778096,17.647842773104973,2836.866119802614,17.74566009008156,2878.3578803376045,17.788677005114057,2868.6983030363945,17.747133085708903
191,2883.126788359657,17.810644189378753,2875.8548649040035,17.570622966739567,2869.285861778096,17.91928806907184,2836.866119802614,17.846823149281718,2878.3578803376045,17.955117037045532,2868.6983030363945,17.820499082303485
192,2883.126788359657,17.90240211157901,2875.8548649040035,17.325206168611462,2869.285861778096,17.955257712955675,2836.866119802614,17.95805776187918,2878.3578803376045,17.855729718281193,2868.6983030363945,17.799330694661304
193,2883.126788359657,17.819542363654566,2875.8548649040035,17.510090332926282,2869.285861778096,17.86020484610086,2836.866119802614,17.684109649223142,2878.3578803376045,18.008498302138797,2868.6983030363945,17.77648909880873
194,2883.126788359657,18.16846410223677,2875.8548649040035,17.74421396458842,2869.285861778096,18.020128125872116,2836.866119802614,17.731617142340134,2878.3578803376045,17.633660908660847,2868.6983030363945,17.859616848739655
195,2883.126788359657,17.932401240637404,2875.8548649040035,17.71441742321144,2869.285861778096,17.95971494418153,2836.866119802614,17.856382615661953,2878.3578803376045,17.83512706956973,2868.6983030363945,17.859608658652412
196,2883.126788359657,17.84948230625867,2875.8548649040035,17.4971327308317,2869.285861778096,17.896493548442873,2836.866119802614,17.966458262269505,2878.3578803376045,17.838002981626698,2868.6983030363945,17.80951396588589
197,2883.126788359657,17.799208302370197,2875.8548649040035,17.841013091478747,2869.285861778096,17.772657678273784,2836.866119802614,18.11434876417824,2878.3578803376045,17.9319230605243,2868.6983030363945,17.89183017936505
198,2883.126788359657,17.395750499917508,2875.8548649040035,17.907939255828918,2869.285861778096,17.865220259190803,2836.866119802614,18.095678535423552,2878.3578803376045,17.92857453684865,2868.6983030363945,17.838632617441885
199,2883.126788359657,17.503052103541847,2875.8548649040035,17.82488739742762,2869.285861778096,17.71686194340165,2836.866119802614,17.91556168785825,2878.3578803376045,17.95135064160938,2868.6983030363945,17.782342754767747
200,2883.126788359657,17.49901716599509,2875.8548649040035,17.976877507704042,2869.285861778096,17.754539099368877,2836.866119802614,17.905284620307516,2878.3578803376045,17.694978453258184,2868.6983030363945,17.766139369326744
201,2883.126788359657,17.80396748796303,2875.8548649040035,17.57885482535233,2869.285861778096,17.765759795069556,2836.866119802614,18.2648686511465,2878.3578803376045,18.05904758603965,2868.6983030363945,17.894499669114214
202,2883.126788359657,17.807783601330776,2875.8548649040035,17.751409471956123,2869.285861778096,17.579038719193598,2836.866119802614,17.879489219136488,2878.3578803376045,18.098587673684573,2868.6983030363945,17.823261737060314
203,2883.126788359657,17.898348230666326,2875.8548649040035,18.13509550175855,2869.285861778096,17.676080999524522,2836.866119802614,18.239022428881892,2878.3578803376045,17.905457467544444,2868.6983030363945,17.970800925675142
204,2883.126788359657,17.788447192083314,2875.8548649040035,17.889825046649214,2869.285861778096,17.847109112817233,2836.866119802614,17.923258924103212,2878.3578803376045,17.95437688088136,2868.6983030363945,17.880603431306866
205,2883.126788359657,17.72928106277894,2875.8548649040035,17.9123874887788,2869.285861778096,17.731051524856603,2836.866119802614,17.872795948404697,2878.3578803376045,17.737482447395042,2868.6983030363945,17.796599694442815
206,2883.126788359657,17.805367030589295,2875.8548649040035,17.55202886940992,2869.285861778096,17.74308523880782,2836.866119802614,17.861390067116417,2878.3578803376045,17.8678037174896,2868.6983030363945,17.76593498468261
207,2883.126788359657,17.724553855012374,2875.8548649040035,17.461820980560457,2869.285861778096,17.832941634112107,2836.866119802614,17.876435053605565,2878.3578803376045,17.884144002280593,2868.6983030363945,17.755979105114218
208,2883.126788359657,17.78062569824798,2875.8548649040035,17.69152076176617,2869.285861778096,17.887244094121694,2836.866119802614,18.022352475647207,2878.3578803376045,17.94150394795577,2868.6983030363945,17.864649395547765
209,2883.126788359657,17.67020712254182,2875.8548649040035,17.741390502364183,2869.285861778096,17.924816454719455,2836.866119802614,17.865708081448588,2878.3578803376045,17.884334401034568,2868.6983030363945,17.817291312421723
210,2883.126788359657,18.10464155834507,2875.8548649040035,17.772502195338383,2869.285861778096,17.712439920994278,2836.866119802614,17.920363597804965,2878.3578803376045,17.786113247970366,2868.6983030363945,17.85921210409061
211,2883.126788359657,18.041314629911383,2875.8548649040035,17.916007253790053,2869.285861778096,17.723349327280896,2836.866119802614,17.727217288662253,2878.3578803376045,17.830204314483193,2868.6983030363945,17.84761856282556
212,2883.126788359657,17.939416815194996,2875.8548649040035,17.893740500995527,2869.285861778096,17.938386382102657,2836.866119802614,17.785310249657797,2878.3578803376045,17.518539895809443,2868.6983030363945,17.81507876875208
213,2883.126788359657,17.955386414861685,2875.8548649040035,17.75903879342489,2869.285861778096,17.794872219692028,2836.866119802614,17.59601101809842,2878.3578803376045,17.7378375913225,2868.6983030363945,17.768629207479904
214,2883.126788359657,17.920229715797596,2875.8548649040035,17.767772374147555,2869.285861778096,17.5177296289905,2836.866119802614,17.90800586911107,2878.3578803376045,17.79261298169992,2868.6983030363945,17.781270113949326
215,2883.126788359657,17.853082658273845,2875.8548649040035,17.95278199266386,2869.285861778096,17.790002397916176,2836.866119802614,17.89376278779216,2878.3578803376045,17.839245356390098,2868.6983030363945,17.86577503860723
216,2883.126788359657,17.66670267443336,2875.8548649040035,17.560085000498294,2869.285861778096,17.838228294692506,2836.866119802614,17.92318070595287,2878.3578803376045,17.86335906287799,2868.6983030363945,17.770311147691004
217,2883.126788359657,17.832382936794566,2875.8548649040035,17.892600844885195,2869.285861778096,17.874707436405732,2836.866119802614,17.75091069008175,2878.3578803376045,17.943255940548056,2868.6983030363945,17.858771569743062
218,2883.126788359657,17.752177491417665,2875.8548649040035,17.76654899371245,2869.285861778096,17.946569333983167,2836.866119802614,17.85766126128443,2878.3578803376045,17.839830835649693,2868.6983030363945,17.832557583209482
219,2883.126788359657,17.889091223403582,2875.8548649040035,17.879325586582134,2869.285861778096,17.83810173218317,2836.866119802614,17.73091652385546,2878.3578803376045,17.62345761709661,2868.6983030363945,17.79217853662419
220,2883.126788359657,17.894467353455088,2875.8548649040035,17.643143210157202,2869.285861778096,17.897326069364873,2836.866119802614,17.50710672950616,2878.3578803376045,17.67290399076086,2868.6983030363945,17.722989470648834
221,2883.126788359657,17.91310994733704,2875.8548649040035,17.450367681054985,2869.285861778096,17.941864525551942,2836.866119802614,17.486342987734375,2878.3578803376045,17.628949805411384,2868.6983030363945,17.684126989417944
222,2883.126788359657,17.932392569497505,2875.8548649040035,18.05270449587514,2869.285861778096,17.898066971475867,2836.866119802614,17.737972536135015,2878.3578803376045,17.362181648022112,2868.6983030363945,17.79666364420113
223,2883.126788359657,17.8683575064775,2875.8548649040035,18.07612155746939,2869.285861778096,17.890220933276396,2836.866119802614,17.767332395331216,2878.3578803376045,17.566967973312906,2868.6983030363945,17.833800073173478
224,2883.126788359657,18.168780079379697,2875.8548649040035,18.002701753812588,2869.285861778096,17.631785074762927,2836.866119802614,17.783919950604812,2878.3578803376045,17.933252851054117,2868.6983030363945,17.904087941922832
225,2883.126788359657,18.11405104352827,2875.8548649040035,18.021147163587887,2869.285861778096,17.70116629106772,2836.866119802614,17.438501360203045,2878.3578803376045,17.81843000572795,2868.6983030363945,17.818659172822976
226,2883.126788359657,17.980346150978185,2875.8548649040035,17.91716850666038,2869.285861778096,17.643181654860882,2836.866119802614,17.723075415236227,2878.3578803376045,17.9051214874009,2868.6983030363945,17.833778643027316
227,2883.126788359657,17.813115901180808,2875.8548649040035,17.90493363204225,2869.285861778096,17.59526275940672,2836.866119802614,17.901057773668075,2878.3578803376045,17.497080287506787,2868.6983030363945,17.742290070760927
228,2883.126788359657,17.71884742239042,2875.8548649040035,17.85023974318901,2869.285861778096,18.10887630382317,2836.866119802614,17.833537611674824,2878.3578803376045,17.550757521300216,2868.6983030363945,17.81245172047553
229,2883.126788359657,17.812725770117492,2875.8548649040035,17.87890475242058,2869.285861778096,18.06316866928269,2836.866119802614,17.886394415598946,2878.3578803376045,17.61528293454043,2868.6983030363945,17.85129530839203
230,2883.126788359657,17.91498464754431,2875.8548649040035,17.95880258921943,2869.285861778096,18.04665279535725,2836.866119802614,17.89876896338275,2878.3578803376045,17.87983634140807,2868.6983030363945,17.939809067382363
231,2883.126788359657,17.87074734685836,2875.8548649040035,17.925486062594832,2869.285861778096,17.997968796203924,2836.866119802614,17.941835285872923,2878.3578803376045,17.83648845717129,2868.6983030363945,17.914505189740265
232,2883.126788359657,17.686910520835255,2875.8548649040035,17.962897455163915,2869.285861778096,17.926859107943432,2836.866119802614,17.749026115963613,2878.3578803376045,17.92142955590571,2868.6983030363945,17.849424551162382
233,2883.126788359657,17.780346413882032,2875.8548649040035,17.75238516498267,2869.285861778096,17.883457183101942,2836.866119802614,17.941261441795092,2878.3578803376045,17.74952284522226,2868.6983030363945,17.821394609796798
234,2883.126788359657,17.669012866229757,2875.8548649040035,17.826275451722328,2869.285861778096,17.984679873440626,2836.866119802614,17.915583373622418,2878.3578803376045,17.919120618090844,2868.6983030363945,17.862934436621195
235,2883.126788359657,17.69732278565738,2875.8548649040035,17.946232834949967,2869.285861778096,17.94473330090772,2836.866119802614,17.824455531919845,2878.3578803376045,17.81351552219912,2868.6983030363945,17.84525199512681
236,2883.126788359657,17.80816378089227,2875.8548649040035,17.872427857431042,2869.285861778096,17.884586546971075,2836.866119802614,17.865035414366787,2878.3578803376045,17.814848251349613,2868.6983030363945,17.849012370202157
237,2883.126788359657,17.748524727255923,2875.8548649040035,17.811035200488508,2869.285861778096,17.95594815047209,2836.866119802614,17.904768432967746,2878.3578803376045,17.922648406621818,2868.6983030363945,17.868584983561217
238,2883.126788359657,17.815064365888873,2875.8548649040035,18.010113071951174,2869.285861778096,17.9973143969447,2836.866119802614,17.421770849853168,2878.3578803376045,17.963169866561426,2868.6983030363945,17.841486510239868
239,2883.126788359657,17.92873028826411,2875.8548649040035,17.812038410557882,2869.285861778096,18.3278785815933,2836.866119802614,17.66477075841082,2878.3578803376045,17.89299804125731,2868.6983030363945,17.925283216016688
240,2883.126788359657,17.904597795915542,2875.8548649040035,17.66774896217602,2869.285861778096,18.03464974578968,2836.866119802614,17.84991701214227,2878.3578803376045,17.637241826832124,2868.6983030363945,17.81883106857113
241,2883.126788359657,17.746468853440252,2875.8548649040035,17.838286109798393,2869.285861778096,17.99085124153466,2836.866119802614,17.826302235043208,2878.3578803376045,17.943614903274604,2868.6983030363945,17.869104668618224
242,2883.126788359657,17.82135133068071,2875.8548649040035,17.871346866316795,2869.285861778096,17.946528516826962,2836.866119802614,17.86471753953007,2878.3578803376045,17.85466849339264,2868.6983030363945,17.871722549349435
243,2883.126788359657,17.856323845125765,2875.8548649040035,17.91699808281573,2869.285861778096,17.877039876467368,2836.866119802614,17.679056752520896,2878.3578803376045,17.752285851527866,2868.6983030363945,17.816340881691524
244,2883.126788359657,17.883126360980075,2875.8548649040035,17.879174895651275,2869.285861778096,17.95325021444736,2836.866119802614,17.918284743811846,2878.3578803376045,17.269918781760556,2868.6983030363945,17.78075099933022
245,2883.126788359657,17.891053093641887,2875.8548649040035,17.91512328108895,2869.285861778096,17.961937768710023,2836.866119802614,17.89998149179715,2878.3578803376045,17.071665110386128,2868.6983030363945,17.74795214912483
246,2883.126788359657,17.84618867934234,2875.8548649040035,17.883831851660652,2869.285861778096,17.90388620415769,2836.866119802614,18.08625670017839,2847.596757111008,17.582584521180465,2862.5460783910758,17.860549591303904
247,2883.126788359657,17.730648661083883,2875.8548649040035,17.78560128101911,2869.285861778096,17.671839381686745,2836.866119802614,18.364408332077083,2847.596757111008,17.382586875723742,2862.5460783910758,17.787016906318115
248,2883.126788359657,17.49991659701475,2875.8548649040035,17.83866873742315,2869.285861778096,17.76717621485063,2836.866119802614,18.083404969112475,2847.596757111008,17.793788220500264,2862.5460783910758,17.796590947780253
249,2883.126788359657,17.766937955074884,2875.8548649040035,17.980806467414503,2869.285861778096,17.868153411463425,2836.866119802614,17.954777523132968,2847.596757111008,17.809959135029636,2862.5460783910758,17.87612689842308
250,2883.126788359657,17.887621364070814,2875.8548649040035,17.82891745586403,2869.285861778096,17.74252386812536,2836.866119802614,17.870668335004744,2847.596757111008,17.790255664046438,2862.5460783910758,17.823997337422277
251,2883.126788359657,17.946176591839084,2875.8548649040035,17.82052850198144,2869.285861778096,17.922774245302715,2836.866119802614,17.92939544632467,2847.596757111008,17.828812299006763,2862.5460783910758,17.88953741689093
252,2883.126788359657,17.959357276949873,2875.8548649040035,17.82857385523614,2869.285861778096,17.651298651728144,2836.866119802614,17.827413020153212,2847.596757111008,18.020517870568384,2862.5460783910758,17.85743213492715
253,2883.126788359657,17.643830889304326,2875.8548649040035,17.631689995973137,2869.285861778096,17.853420039607727,2836.866119802614,17.777619926116845,2847.596757111008,17.536790596820158,2862.5460783910758,17.688670289564435
254,2883.126788359657,17.72259811645418,2875.8548649040035,17.516820480672013,2869.285861778096,17.85225208024668,2836.866119802614,17.820638507795366,2847.596757111008,17.93936004619568,2862.5460783910758,17.77033384627278
255,2883.126788359657,17.758633583783578,2875.8548649040035,17.570784113954023,2869.285861778096,17.533170029253494,2836.866119802614,17.671977760762353,2847.596757111008,18.03010925359751,2862.5460783910758,17.712934948270192
256,2883.126788359657,17.91054793110721,2875.8548649040035,17.77443572017292,2869.285861778096,17.467069919945885,2836.866119802614,17.75107980776893,2847.596757111008,17.993499146956456,2862.5460783910758,17.77932650519028
257,2883.126788359657,17.89242594866215,2875.8548649040035,18.19861197002054,2869.285861778096,17.619057145964174,2836.866119802614,18.215130291000975,2847.596757111008,17.813671070366407,2862.5460783910758,17.94777928520285
258,2883.126788359657,17.83174442702532,2875.8548649040035,18.057747665437166,2869.285861778096,17.774940774285284,2836.866119802614,18.26865249934759,2847.596757111008,17.900434895900858,2862.5460783910758,17.966704052399244
259,2883.126788359657,17.787756549781385,2875.8548649040035,17.918046390272576,2869.285861778096,17.784191246377294,2836.866119802614,18.040741326239402,2847.596757111008,17.915037201629318,2862.5460783910758,17.88915454285999
260,2883.126788359657,17.741432442749357,2875.8548649040035,17.826744567358663,2869.285861778096,17.932162493435786,2836.866119802614,17.99738761765073,2847.596757111008,18.01099058028985,2862.5460783910758,17.901743540296877
261,2883.126788359657,17.473222056248705,2875.8548649040035,17.74630324134818,2869.285861778096,18.155994070834282,2836.866119802614,17.94980776018469,2847.596757111008,17.824703321936536,2862.5460783910758,17.83000609011048
262,2883.126788359657,17.674375650813747,2875.8548649040035,17.95170810330307,2869.285861778096,17.992897415263645,2836.866119802614,17.578918760517787,2847.596757111008,17.795102986655056,2862.5460783910758,17.798600583310662
263,2883.126788359657,17.717107396755182,2875.8548649040035,17.807587881284043,2869.285861778096,17.945159626393195,2836.866119802614,17.93420894016746,2847.596757111008,17.77725722826289,2862.5460783910758,17.836264214572555
264,2883.126788359657,17.859035301964653,2875.8548649040035,17.59154215128885,2869.285861778096,17.89661065321425,2836.866119802614,17.741049542055098,2847.596757111008,17.643719331375873,2862.5460783910758,17.746391395979746
265,2883.126788359657,17.94853373092211,2875.8548649040035,17.620286918273088,2869.285861778096,17.833222722662935,2836.866119802614,17.218957534693804,2847.596757111008,17.494284335732413,2862.5460783910758,17.62305704845687
266,2883.126788359657,17.799131262968647,2875.8548649040035,17.950109914620164,2869.285861778096,18.11239315763135,2836.866119802614,17.33982534340236,2847.596757111008,17.46626849836628,2862.5460783910758,17.733545635397757
267,2883.126788359657,17.504935167119722,2875.8548649040035,17.937635710127648,2869.285861778096,17.88469801856102,2836.866119802614,17.69852758020567,2847.596757111008,17.647356259766077,2862.5460783910758,17.734630547156023
268,2883.126788359657,17.727693325851565,2875.8548649040035,17.896298554924545,2869.285861778096,17.811839245072335,2836.866119802614,17.85751007313551,2847.596757111008,17.707990601645168,2862.5460783910758,17.800266360125825
269,2883.126788359657,17.817450455747306,2875.8548649040035,18.182576961362074,2869.285861778096,17.816759445932558,2836.866119802614,17.84361734167947,2847.596757111008,17.806364927154917,2862.5460783910758,17.893353826375265
270,2883.126788359657,17.797446785108043,2875.8548649040035,18.08963739351249,2869.285861778096,17.79338350170872,2836.866119802614,17.885851773039775,2847.596757111008,17.708560831189768,2862.5460783910758,17.85497605691176
271,2883.126788359657,17.84483042585414,2875.8548649040035,17.88576048759982,2869.285861778096,17.7887746284704,2836.866119802614,17.707309332677767,2847.596757111008,17.802752665098765,2862.5460783910758,17.805885507940182
272,2883.126788359657,17.971364936037197,2875.8548649040035,17.850202427036,2869.285861778096,17.883858086140012,2836.866119802614,17.521413012345864,2847.596757111008,17.912424655069266,2862.5460783910758,17.82785262332567
273,2883.126788359657,18.15214138311899,2875.8548649040035,17.917367444438707,2869.285861778096,17.626834045538438,2836.866119802614,17.768989595631453,2847.596757111008,18.018470861767764,2862.5460783910758,17.89676066609907
274,2883.126788359657,18.034865807232713,2875.8548649040035,18.105555780195818,2869.285861778096,17.79160348024663,2836.866119802614,17.921791490442743,2847.596757111008,17.910981920018635,2862.5460783910758,17.952959695627307
275,2883.126788359657,17.93765508276449,2875.8548649040035,17.787555026730093,2869.285861778096,17.978326452094937,2836.866119802614,18.028078757056324,2847.596757111008,17.951886825951213,2862.5460783910758,17.93670042891941
276,2883.126788359657,17.9232441834096,2875.8548649040035,17.84585983829887,2869.285861778096,17.987725737518772,2836.866119802614,17.712732189966946,2847.596757111008,17.914365432026017,2862.5460783910758,17.87678547624404
277,2883.126788359657,17.96379880782568,2875.8548649040035,17.922807005072496,2869.285861778096,17.821533692552055,2836.866119802614,17.936823426748234,2847.596757111008,17.905788564834282,2862.5460783910758,17.91015029940655
278,2883.126788359657,17.781820338991555,2875.8548649040035,17.880638201976165,2869.285861778096,17.871076121759767,2836.866119802614,18.043837674930522,2847.596757111008,17.922238500874776,2862.5460783910758,17.899922167706556
279,2883.126788359657,17.808586366961823,2875.8548649040035,17.572381887668385,2869.285861778096,18.00333246591868,2836.866119802614,17.878518123221337,2847.596757111008,17.603616408895803,2862.5460783910758,17.773287050533206
280,2883.126788359657,17.8616350628607,2875.8548649040035,17.710277577286853,2869.285861778096,18.04602415561898,2836.866119802614,17.627023431173587,2847.596757111008,17.78733550734225,2862.5460783910758,17.806459146856476
281,2883.126788359657,17.93976935435209,2875.8548649040035,17.77191819807391,2869.285861778096,17.886296294209203,2836.866119802614,17.809334656138724,2847.596757111008,17.33523101085597,2862.5460783910758,17.74850990272598
282,2883.126788359657,17.995912736134727,2875.8548649040035,17.818682584191933,2869.285861778096,17.81883453014918,2836.866119802614,17.742496264141636,2847.596757111008,17.770512399353287,2862.5460783910758,17.829287702794154
283,2883.126788359657,17.821203942048584,2875.8548649040035,17.793508696566274,2869.285861778096,17.857464479115016,2836.866119802614,17.491621718495843,2847.596757111008,17.673738193927772,2862.5460783910758,17.7275074060307
284,2883.126788359657,17.86798167640577,2875.8548649040035,17.768107282341845,2869.285861778096,18.083010443984666,2836.866119802614,17.824797374309714,2847.596757111008,17.268777624216607,2862.5460783910758,17.76253488025172
285,2883.126788359657,17.868761558373713,2875.8548649040035,17.901948057251616,2869.285861778096,17.868083789981654,2836.866119802614,17.909650617898148,2847.596757111008,17.44353158627765,2862.5460783910758,17.798395121956553
286,2883.126788359657,17.88266219243585,2875.8548649040035,17.637870033525648,2869.285861778096,17.872810674870305,2836.866119802614,17.826206977002766,2847.596757111008,17.761214460049974,2862.5460783910758,17.796152867576907
287,2883.126788359657,17.937147662464252,2875.8548649040035,17.943607371575844,2869.285861778096,17.848089691081125,2836.866119802614,17.726431986110338,2847.596757111008,17.862054449083224,2862.5460783910758,17.863466232062954
288,2883.126788359657,17.89303904665509,2875.8548649040035,17.97625581582442,2869.285861778096,17.87063916145806,2836.866119802614,17.791077329857554,2847.596757111008,17.884430311380854,2862.5460783910758,17.883088333035197
289,2883.126788359657,17.921257952843966,2875.8548649040035,17.7589654671616,2869.285861778096,17.598201829762832,2836.866119802614,17.91291403735745,2847.596757111008,17.8146386794012,2862.5460783910758,17.801195593305412
290,2883.126788359657,17.787297318848186,2875.8548649040035,17.94916227458473,2869.285861778096,17.9837246425548,2836.866119802614,17.944890311648265,2847.596757111008,17.35806618481388,2862.5460783910758,17.80462814648997
291,2883.126788359657,17.879403664512434,2875.8548649040035,17.95687135917083,2869.285861778096,17.961286712114934,2836.866119802614,17.49757657772234,2847.596757111008,17.4091932684433,2862.5460783910758,17.74086631639277
292,2883.126788359657,17.728961326871282,2875.8548649040035,18.075014152911912,2869.285861778096,17.90987288926837,2836.866119802614,17.866049834289242,2847.596757111008,17.635964604438154,2862.5460783910758,17.843172561555793
293,2883.126788359657,17.680255260104687,2875.8548649040035,17.9211109109868,2869.285861778096,17.91614678073101,2836.866119802614,17.795589466604657,2847.596757111008,17.945082186817153,2862.5460783910758,17.85163692104886
294,2883.126788359657,17.852257060257767,2868.525022775448,17.781892271094527,2869.285861778096,17.767135378834883,2836.866119802614,17.70844138978957,2847.596757111008,17.453511383576554,2861.0801099653645,17.71264749671066
295,2883.126788359657,17.713459796662494,2868.525022775448,17.748340173217453,2869.285861778096,17.78363449373107,2836.866119802614,17.69678907760613,2847.596757111008,17.288797729246067,2861.0801099653645,17.646204254092645
296,2883.126788359657,17.82078877602675,2868.525022775448,17.496125232772187,2869.285861778096,17.587963170669575,2836.866119802614,17.860809617523408,2847.596757111008,17.83344827074897,2861.0801099653645,17.719827013548176
297,2883.126788359657,17.886213193836742,2868.525022775448,17.79978337325748,2869.285861778096,17.44448391425795,2836.866119802614,17.808410003664402,2847.596757111008,17.844943039663118,2861.0801099653645,17.756766704935938
298,2883.126788359657,17.955654973096344,2868.525022775448,17.765979943697094,2869.285861778096,17.687038940633293,2836.866119802614,17.630045900003577,2847.596757111008,17.987108095818552,2861.0801099653645,17.80516557064977
299,2883.126788359657,17.87515337651765,2868.525022775448,17.685417519212937,2869.285861778096,17.676591848916722,2836.866119802614,17.757998157839797,2847.596757111008,17.80071383937436,2861.0801099653645,17.759174948372294
300,2883.126788359657,17.812400902812044,2868.525022775448,17.838796894579506,2869.285861778096,17.779852726272743,2836.866119802614,17.96457794771597,2847.596757111008,18.160072844418455,2861.0801099653645,17.911140263159744
301,2883.126788359657,17.963010614431433,2868.525022775448,17.868968127991753,2869.285861778096,17.77870037634623,2836.866119802614,18.082906583212573,2847.596757111008,17.771178311836092,2861.0801099653645,17.892952802763617
302,2883.126788359657,18.02172289679405,2868.525022775448,17.904008797329805,2869.285861778096,17.8080508430191,2836.866119802614,17.90827617670479,2847.596757111008,17.900444330599193,2861.0801099653645,17.908500608889387
303,2883.126788359657,17.84116455096895,2868.525022775448,17.913005785768963,2869.285861778096,17.771764791665078,2836.866119802614,17.879053101687006,2847.596757111008,17.900094402561074,2861.0801099653645,17.861016526530214
304,2883.126788359657,17.792956313847576,2868.525022775448,17.853695377991187,2869.285861778096,17.97432054118658,2836.866119802614,17.84445153327825,2847.596757111008,17.896496434304225,2861.0801099653645,17.872384040121563
305,2883.126788359657,17.97685471033369,2868.525022775448,17.79696876396648,2869.285861778096,17.85065114791359,2836.866119802614,17.869071584744855,2847.596757111008,17.692244813997778,2861.0801099653645,17.83715820419128
306,2883.126788359657,17.89137685269634,2868.525022775448,17.946423311535167,2869.285861778096,17.619397124730686,2836.866119802614,17.68853343257145,2847.596757111008,18.017700846284395,2861.0801099653645,17.832686313563606
307,2883.126788359657,17.90647344979684,2868.525022775448,17.600430271149563,2869.285861778096,17.775813855856153,2836.866119802614,17.55338693419481,2847.596757111008,17.947021711887672,2861.0801099653645,17.756625244577005
308,2883.126788359657,17.797113076968373,2868.525022775448,17.77479389494005,2869.285861778096,17.8717861346348,2836.866119802614,17.73498690069956,2847.596757111008,17.908861790836365,2861.0801099653645,17.81750835961583
309,2883.126788359657,17.944928164368037,2868.525022775448,17.839671429204877,2869.285861778096,17.64929574747781,2836.866119802614,17.82749009354093,2847.596757111008,17.791901089207958,2861.0801099653645,17.81065730475992
310,2883.126788359657,17.939357635954394,2868.525022775448,17.878180123665604,2869.285861778096,17.60695351001899,2836.866119802614,17.77290712928507,2847.596757111008,18.03612660275801,2861.0801099653645,17.846705000336414
311,2883.126788359657,17.67993475333735,2868.525022775448,17.86646858531644,2869.285861778096,17.523710206602534,2836.866119802614,17.688099918783074,2847.596757111008,18.146134839287065,2861.0801099653645,17.780869660665292
312,2883.126788359657,17.83898987260899,2868.525022775448,17.812716554031496,2869.285861778096,17.751762730008505,2836.866119802614,17.801200722679106,2847.596757111008,17.891519644853613,2861.0801099653645,17.819237904836342
313,2883.126788359657,17.844012903819248,2868.525022775448,17.88085527004244,2869.285861778096,17.9207876134923,2836.866119802614,17.61481971956276,2847.596757111008,18.03045643814008,2861.0801099653645,17.858186389011365
314,2883.126788359657,17.859754727171797,2868.525022775448,17.675738424020444,2869.285861778096,17.902227490518104,2836.866119802614,17.725459488792318,2847.596757111008,17.889399472644143,2861.0801099653645,17.810515920629364
315,2883.126788359657,17.97129551660771,2868.525022775448,17.48007793428614,2869.285861778096,17.512333029720725,2836.866119802614,18.179887217605735,2847.596757111008,17.636867292704707,2861.0801099653645,17.756092198185005
316,2883.126788359657,17.722643943322524,2868.525022775448,17.566061841817746,2869.285861778096,17.621667348144584,2836.866119802614,18.085875719652,2847.596757111008,17.55303875638248,2861.0801099653645,17.709857521863864
317,2883.126788359657,17.874828969152503,2868.525022775448,17.842455692769505,2869.285861778096,17.485083202557345,2836.866119802614,17.71486999086662,2847.596757111008,17.818087075233326,2861.0801099653645,17.74706498611586
318,2883.126788359657,17.913614597902637,2868.525022775448,17.926584537576968,2869.285861778096,17.6290976107997,2836.866119802614,17.748641069270008,2847.596757111008,17.859729658314702,2861.0801099653645,17.815533494772804
319,2883.126788359657,17.900742430926023,2868.525022775448,17.96282950906376,2869.285861778096,17.817096325618895,2836.866119802614,17.66589622089567,2847.596757111008,17.83166544172786,2861.0801099653645,17.835645985646444
320,2883.126788359657,17.971794749140756,2868.525022775448,17.901877874029054,2869.285861778096,17.816716323951947,2836.866119802614,17.714397429347617,2847.596757111008,17.921027413521283,2861.0801099653645,17.86516275799813
321,2883.126788359657,17.53051800367033,2868.525022775448,17.642352601815368,2869.285861778096,17.765357515923746,2836.866119802614,17.90806212789205,2847.596757111008,17.860654800390055,2861.0801099653645,17.74138900993831
322,2883.126788359657,18.127017193182763,2868.525022775448,17.84094568744302,2869.285861778096,17.786348688168452,2836.866119802614,17.845829550007657,2847.596757111008,17.778264924006862,2861.0801099653645,17.87568120856175
323,2883.126788359657,17.863100507009676,2868.525022775448,17.790101490942078,2869.285861778096,17.585677083132456,2836.866119802614,17.82010446114732,2847.596757111008,17.731341532557508,2861.0801099653645,17.758065014957808
324,2883.126788359657,17.72962129409914,2868.525022775448,17.706748553138052,2869.285861778096,17.660210545399856,2836.866119802614,17.864980647874283,2847.596757111008,17.796194033403957,2861.0801099653645,17.751551014783058
325,2883.126788359657,17.791923830054575,2868.525022775448,17.88842018713734,2869.285861778096,17.758192987657242,2836.866119802614,17.818457353375074,2847.596757111008,17.88885899564998,2861.0801099653645,17.829170670774843
326,2883.126788359657,17.629778596594978,2868.525022775448,17.911124286314113,2869.285861778096,17.801107266751902,2836.866119802614,17.913162353534688,2847.596757111008,17.722368472091627,2861.0801099653645,17.79550819505746
327,2883.126788359657,17.890889171745254,2868.525022775448,17.961849856526513,2869.285861778096,17.926171498963832,2836.866119802614,17.683337916519758,2847.596757111008,17.49813101575824,2861.0801099653645,17.79207589190272
328,2883.126788359657,17.702998650045412,2868.525022775448,17.998670145763594,2869.285861778096,17.924794190967532,2836.866119802614,17.81066246071962,2847.596757111008,17.575182540272458,2861.0801099653645,17.802461597553723
329,2883.126788359657,17.979710416895564,2868.525022775448,17.958259134879942,2869.285861778096,17.773902317851654,2836.866119802614,17.844514118437484,2847.596757111008,17.66625092454747,2861.0801099653645,17.844527382522422
330,2883.126788359657,17.819273726828786,2868.525022775448,17.9059077171378,2869.285861778096,17.672384444022807,2836.866119802614,17.951920429449697,2847.596757111008,17.788458876263753,2861.0801099653645,17.82758903874057
331,2883.126788359657,17.56952737396282,2868.525022775448,17.905677269259307,2869.285861778096,17.810123827324883,2836.866119802614,17.913320944941376,2847.596757111008,17.85539061375825,2861.0801099653645,17.810808005849328
332,2883.126788359657,17.809080974305072,2868.525022775448,17.774639717927027,2869.285861778096,17.898182019789488,2836.866119802614,17.82820555734905,2847.596757111008,17.47772652902602,2861.0801099653645,17.75756695967933
333,2883.126788359657,17.938829082535424,2868.525022775448,17.812659948325887,2869.285861778096,17.786544177220595,2836.866119802614,17.772695750855206,2847.596757111008,17.65164908675393,2861.0801099653645,17.792475609138208
334,2883.126788359657,17.511935888111843,2868.525022775448,17.77229270666303,2869.285861778096,17.552222700279394,2836.866119802614,17.804468233430537,2847.596757111008,17.593855895889067,2861.0801099653645,17.646955084874772
335,2883.126788359657,17.844450069558928,2868.525022775448,17.981308920948,2869.285861778096,17.853374744900545,2836.866119802614,17.734559079588372,2847.596757111008,17.556290955868633,2861.0801099653645,17.793996754172895
336,2883.126788359657,17.782436850613543,2868.525022775448,17.525203875041406,2869.285861778096,17.94823419580772,2836.866119802614,17.637261903849666,2847.596757111008,17.657259956267385,2861.0801099653645,17.710079356315944
337,2883.126788359657,17.713857452252366,2868.525022775448,17.419177571848714,2869.285861778096,17.848101654994977,2836.866119802614,17.63527076214534,2847.596757111008,17.768029001123427,2861.0801099653645,17.67688728847296
338,2883.126788359657,17.853230547772295,2868.525022775448,17.705322161895555,2869.285861778096,17.704642046204015,2836.866119802614,17.594213548131993,2847.596757111008,17.882734700458148,2861.0801099653645,17.7480286008924
339,2883.126788359657,17.694084874844144,2868.525022775448,17.883033693167985,2869.285861778096,17.908943720505594,2836.866119802614,17.57036307117728,2847.596757111008,17.81120506743109,2861.0801099653645,17.773526085425218
340,2883.126788359657,17.516845721597853,2868.525022775448,17.877503344450183,2869.285861778096,17.932621561202293,2836.866119802614,17.619819105313226,2847.596757111008,17.752317709037932,2861.0801099653645,17.739821488320295
341,2883.126788359657,17.687136910625384,2868.525022775448,17.864600098439503,2869.285861778096,17.815168572156256,2836.866119802614,17.745609857670367,2847.596757111008,17.94492070466272,2861.0801099653645,17.811487228710845
342,2883.126788359657,17.86411404960337,2868.525022775448,17.836670919781316,2869.285861778096,17.949536875210256,2836.866119802614,17.75152058408012,2847.596757111008,17.97741395894455,2861.0801099653645,17.87585127752392
343,2883.126788359657,17.82394164096951,2868.525022775448,17.887621380239217,2869.285861778096,17.8895381028687,2836.866119802614,17.80786821540391,2847.596757111008,17.943754736395203,2861.0801099653645,17.87054481517531
344,2883.126788359657,18.100318538869093,2868.525022775448,17.614657177338398,2869.285861778096,18.02681714771562,2836.866119802614,17.776270958534845,2847.596757111008,17.6459455831063,2861.0801099653645,17.83280188111285
345,2883.126788359657,18.101440112767328,2868.525022775448,17.826793608151412,2869.285861778096,17.807345146350414,2836.866119802614,17.83682633254297,2847.596757111008,17.671449600485644,2861.0801099653645,17.848770960059554
346,2883.126788359657,17.863927553550564,2868.525022775448,17.782182156213718,2869.285861778096,17.79023186082428,2836.866119802614,17.787002480801174,2847.596757111008,17.77254608328811,2861.0801099653645,17.79917802693557
347,2883.126788359657,17.723231267902047,2868.525022775448,17.81406055527957,2869.285861778096,17.850236805703133,2836.866119802614,17.870065963812472,2847.596757111008,17.595108010745093,2861.0801099653645,17.770540520688463
348,2883.126788359657,17.833665188547332,2868.525022775448,17.763320334155203,2869.285861778096,18.15732594130561,2836.866119802614,17.805957474866307,2847.596757111008,17.440317462474166,2861.0801099653645,17.800117280269724
349,2883.126788359657,17.8672647279406,2868.525022775448,17.580723552940622,2869.285861778096,18.060613720281562,2836.866119802614,17.950721194462076,2847.596757111008,17.719467226905053,2861.0801099653645,17.835758084505983
350,2883.126788359657,18.030986058486167,2868.525022775448,17.464982264252296,2869.285861778096,17.919775225052817,2836.866119802614,17.577687364670254,2847.596757111008,18.017113650481743,2861.0801099653645,17.802108912588658
351,2883.126788359657,17.741894703209272,2868.525022775448,17.92630342507779,2869.285861778096,17.973742718433538,2836.866119802614,17.400599772352354,2847.596757111008,17.944261080405422,2861.0801099653645,17.797360339895675
352,2883.126788359657,17.860461186554062,2868.525022775448,17.903331752703068,2869.285861778096,17.845752915105795,2836.866119802614,17.639270962060237,2847.596757111008,17.953356402290538,2861.0801099653645,17.84043464374274
353,2883.126788359657,17.94660007845607,2868.525022775448,17.93295317964841,2869.285861778096,17.479811403892704,2836.866119802614,17.86657076245864,2847.596757111008,17.503184101579805,2861.0801099653645,17.745823905207125
354,2883.126788359657,17.803172943108994,2868.525022775448,17.48193666369073,2869.285861778096,17.61756396742609,2836.866119802614,17.781775419751398,2847.596757111008,17.72694570947618,2861.0801099653645,17.68227894069068
355,2883.126788359657,18.089608899040726,2868.525022775448,17.387464480457197,2869.285861778096,17.78388464790224,2836.866119802614,17.587191486404727,2847.596757111008,17.91932561333034,2861.0801099653645,17.753495025427046
356,2883.126788359657,17.957182824048825,2868.525022775448,17.47664997350717,2869.285861778096,17.92721472501153,2836.866119802614,17.56761049085178,2847.596757111008,17.670557533863875,2861.0801099653645,17.719843109456637
357,2883.126788359657,17.904450646490368,2868.525022775448,17.81588154339349,2869.285861778096,17.98475110488109,2836.866119802614,17.77601511062327,2847.596757111008,17.955967851121326,2861.0801099653645,17.88741325130191
358,2883.126788359657,17.750407203673788,2868.525022775448,17.577785487263192,2869.285861778096,17.941827995900532,2836.866119802614,17.815822969249,2847.596757111008,17.824165817485046,2861.0801099653645,17.782001894714313
359,2883.126788359657,17.825283827523855,2868.525022775448,17.848964501971768,2869.285861778096,17.916723368145192,2836.866119802614,17.74245248057661,2847.596757111008,17.892802590286355,2861.0801099653645,17.845245353700754
360,2883.126788359657,17.994703723047394,2868.525022775448,17.82065490207488,2869.285861778096,17.93160234808131,2836.866119802614,17.95908465885326,2847.596757111008,17.829733223908153,2861.0801099653645,17.907155771192997
361,2883.126788359657,17.968049595776748,2868.525022775448,17.611248527647206,2869.285861778096,18.062237936626683,2836.866119802614,17.848614588333252,2847.596757111008,17.875700380229393,2861.0801099653645,17.873170205722655
362,2883.126788359657,17.837590452693423,2868.525022775448,17.820072841996097,2869.285861778096,18.165785341293734,2836.866119802614,17.870017612861595,2847.596757111008,17.746045889599948,2861.0801099653645,17.88790242768896
363,2883.126788359657,17.724515988807347,2868.525022775448,17.981513843849317,2869.285861778096,18.0182131824219,2836.866119802614,17.901297970689193,2847.596757111008,17.8023349266782,2861.0801099653645,17.885575182489195
364,2883.126788359657,17.85534771950726,2868.525022775448,17.975437739367273,2869.285861778096,18.0650591514327,2836.866119802614,17.993750499641493,2847.596757111008,17.856444666806247,2861.0801099653645,17.949207955350992
365,2883.126788359657,17.809250164359554,2868.525022775448,17.958648826369927,2869.285861778096,18.146340768836588,2836.866119802614,18.012587135062798,2847.596757111008,17.81254574955198,2861.0801099653645,17.947874528836167
366,2883.126788359657,17.879845667257644,2868.525022775448,17.99936239415667,2869.285861778096,18.09289014414963,2836.866119802614,18.22851632456973,2847.596757111008,17.817042247658048,2861.0801099653645,18.003531355558344
367,2883.126788359657,17.87258884162333,2868.525022775448,17.842153732356667,2869.285861778096,18.016830923962484,2836.866119802614,18.063235477524497,2847.596757111008,17.977060891531075,2861.0801099653645,17.954373973399612
368,2883.126788359657,17.95899261529894,2868.525022775448,17.821763343556835,2869.285861778096,17.954703836777707,2836.866119802614,17.878209993491062,2847.596757111008,18.034311097695866,2861.0801099653645,17.929596177364083
369,2883.126788359657,17.902428308319568,2868.525022775448,17.880023534179113,2869.285861778096,18.23142215045026,2836.866119802614,17.847511087668675,2847.596757111008,17.90335458885284,2861.0801099653645,17.95294793389409
370,2883.126788359657,17.658809489534455,2868.525022775448,17.76714930066466,2869.285861778096,18.024192367877607,2836.866119802614,17.948403342483807,2847.596757111008,17.905960025133503,2861.0801099653645,17.860902905138808
371,2883.126788359657,17.80251734464031,2868.525022775448,17.72011222288443,2869.285861778096,18.0553474146937,2836.866119802614,17.85349129778264,2847.596757111008,17.760339115289856,2861.0801099653645,17.838361479058186
372,2883.126788359657,17.893767972270826,2868.525022775448,17.991444520868978,2869.285861778096,18.019175331280138,2836.866119802614,17.834338138091187,2847.596757111008,17.777372399384014,2861.0801099653645,17.903219672379027
373,2883.126788359657,17.649471239275467,2868.525022775448,17.906148168009093,2869.285861778096,17.86138211201083,2836.866119802614,17.609621073376967,2847.596757111008,17.898932146771617,2861.0801099653645,17.785110947888793
374,2883.126788359657,17.830846237026787,2868.525022775448,17.89653351117095,2869.285861778096,17.835904746179533,2836.866119802614,17.7582813224075,2847.596757111008,17.658023920222927,2861.0801099653645,17.79591794740154
375,2883.126788359657,17.45813865587974,2868.525022775448,17.954095630260372,2869.285861778096,17.82400289706553,2836.866119802614,17.829559495176554,2847.596757111008,18.058840787755603,2861.0801099653645,17.82492749322756
376,2883.126788359657,17.80038360597062,2868.525022775448,17.85148890473513,2869.285861778096,17.911475790066675,2836.866119802614,17.855245362921387,2847.596757111008,17.604897327932264,2861.0801099653645,17.804698198325216
377,2883.126788359657,17.69322558228527,2868.525022775448,17.99878890889152,2869.285861778096,17.48156963150955,2836.866119802614,17.827958627367536,2847.596757111008,17.999235763917614,2861.0801099653645,17.8001557027943
378,2883.126788359657,17.809476953687255,2868.525022775448,17.914499694800508,2869.285861778096,17.987441455288256,2836.866119802614,17.602916237846493,2847.596757111008,17.97363408256009,2861.0801099653645,17.85759368483652
379,2883.126788359657,17.8721482712394,2868.525022775448,17.906649258223098,2869.285861778096,18.00211724146429,2836.866119802614,17.672953502868598,2847.596757111008,17.929133054036942,2861.0801099653645,17.876600265566463
380,2883.126788359657,17.90498640366882,2868.525022775448,17.783894277434445,2869.285861778096,17.72409421735789,2836.866119802614,17.92541573897322,2847.596757111008,17.942990325714327,2861.0801099653645,17.856276192629743
381,2883.126788359657,17.862171679949736,2868.525022775448,17.688810214407884,2869.285861778096,17.973727601099878,2836.866119802614,17.80834810700416,2847.596757111008,17.9315524329736,2861.0801099653645,17.852922007087052
382,2883.126788359657,17.915806156041885,2868.525022775448,17.654338259677772,2869.285861778096,18.02187739893482,2836.866119802614,18.160881589985053,2847.596757111008,17.932323527663062,2861.0801099653645,17.937045386460518
383,2883.126788359657,18.01690119941199,2868.525022775448,17.808823561898933,2869.285861778096,17.86841823196992,2836.866119802614,17.954432928419088,2847.596757111008,17.884855718872142,2861.0801099653645,17.906686328114414
384,2883.126788359657,17.761491032345166,2868.525022775448,17.761344554429833,2869.285861778096,17.6809844424181,2836.866119802614,17.808758878540715,2847.596757111008,17.62768635716615,2861.0801099653645,17.728053052979995
385,2883.126788359657,17.754590342861515,2868.525022775448,17.81416546878334,2869.285861778096,17.894808751507476,2836.866119802614,17.946128423063527,2847.596757111008,17.81152276141665,2861.0801099653645,17.844243149526502
386,2883.126788359657,17.83664523947973,2868.525022775448,17.792354046701735,2869.285861778096,18.086124413079276,2836.866119802614,17.882670564606364,2847.596757111008,17.749494171174018,2861.0801099653645,17.86945768700823
387,2883.126788359657,17.920247683920664,2868.525022775448,17.76439671898378,2869.285861778096,18.032508999058994,2836.866119802614,17.814590580052602,2847.596757111008,17.732618163431315,2861.0801099653645,17.852872429089466
388,2883.126788359657,17.961772526869208,2868.525022775448,17.636505334935627,2869.285861778096,17.62154857250743,2836.866119802614,17.80702820499846,2847.596757111008,17.63076692286815,2861.0801099653645,17.731524312435774
389,2883.126788359657,17.943121954659155,2868.525022775448,17.61580035102732,2869.285861778096,17.827574951140164,2836.866119802614,17.948116082414217,2847.596757111008,17.880127593853725,2861.0801099653645,17.84294818661892
390,2883.126788359657,17.85979115131521,2868.525022775448,17.7529527846366,2869.285861778096,17.824703914980663,2836.866119802614,18.040765590182826,2847.596757111008,17.86695980685995,2861.0801099653645,17.86903464959505
391,2883.126788359657,17.800132009886845,2868.525022775448,17.97292859205059,2869.285861778096,17.80975794335098,2836.866119802614,17.883852203674465,2847.596757111008,17.6090949930278,2861.0801099653645,17.815153148398135
392,2883.126788359657,17.71312391185552,2868.525022775448,17.68255218785561,2869.285861778096,17.981854886742706,2836.866119802614,17.75800852762792,2847.596757111008,17.890119767042385,2861.0801099653645,17.80513185622483
393,2883.126788359657,17.784808590182042,2868.525022775448,17.808658308769726,2869.285861778096,18.199386465211553,2836.866119802614,17.937330566885667,2847.596757111008,17.951955918297724,2861.0801099653645,17.936427969869342
394,2883.126788359657,18.212592386350178,2868.525022775448,17.760566084177903,2869.285861778096,17.99580345067391,2836.866119802614,17.90286187046847,2847.596757111008,17.641279800211624,2861.0801099653645,17.90262071837642
395,2883.126788359657,17.887660992250442,2868.525022775448,17.887789418939196,2869.285861778096,17.791627134794357,2836.866119802614,17.685564467120535,2847.596757111008,17.81817415755706,2861.0801099653645,17.814163234132316
396,2883.126788359657,17.702266666573244,2868.525022775448,17.924633631891396,2869.285861778096,17.911875610432006,2836.866119802614,17.865124860589,2847.596757111008,17.905823648035867,2861.0801099653645,17.8619448835043
397,2883.126788359657,17.83885490145874,2868.525022775448,17.902876992879833,2869.285861778096,17.92645871596869,2836.866119802614,17.86061508440262,2847.596757111008,17.591124407229508,2861.0801099653645,17.823986020387878
398,2883.126788359657,17.875692890026013,2868.525022775448,17.79303648421436,2869.285861778096,17.922298522836115,2836.866119802614,17.850131370975344,2847.596757111008,17.75038004695557,2861.0801099653645,17.838307863001482
399,2883.126788359657,17.87576609094371,2868.525022775448,17.765068900174075,2869.285861778096,17.87327807729208,2836.866119802614,17.852095946638507,2829.801794279957,17.748898526060607,2857.5211173991543,17.823021508221796
400,2883.126788359657,17.9523787612462,2868.525022775448,17.684838862802472,2869.285861778096,17.919473275217086,2836.866119802614,17.892163152009772,2829.801794279957,17.72684595028449,2857.5211173991543,17.835140000312002
401,2883.126788359657,17.86247365843305,2868.525022775448,17.761827709312783,2869.285861778096,18.23921849737243,2836.866119802614,17.88947021046066,2829.801794279957,17.786647644316115,2857.5211173991543,17.907927543979007
402,2883.126788359657,17.67873251528009,2868.525022775448,17.889879014846553,2869.285861778096,17.634994361547015,2836.866119802614,18.20572801358355,2829.801794279957,17.923303041680082,2857.5211173991543,17.86652738938746
403,2883.126788359657,17.89267435466306,2868.525022775448,17.837701899087516,2869.285861778096,17.858997424769978,2836.866119802614,17.736102804298028,2829.801794279957,17.940727993173446,2857.5211173991543,17.853240895198404
404,2883.126788359657,17.831906564798956,2868.525022775448,17.463675244234636,2869.285861778096,17.798065390195614,2836.866119802614,17.585763124287755,2829.801794279957,17.859859677820086,2857.5211173991543,17.70785400026741
405,2883.126788359657,17.595404000243125,2868.525022775448,17.81653523767761,2869.285861778096,17.85548281992372,2836.866119802614,17.721456936078805,2829.801794279957,17.897053805428005,2857.5211173991543,17.777186559870252
406,2883.126788359657,17.57569695170778,2868.525022775448,17.744071592067705,2869.285861778096,17.786227705648592,2836.866119802614,17.90931792490381,2829.801794279957,17.97547152637542,2857.5211173991543,17.79815714014066
407,2883.126788359657,17.935419063953294,2868.525022775448,17.806620277207085,2869.285861778096,17.810942647121784,2836.866119802614,17.723962185346704,2829.801794279957,17.92386956769542,2857.5211173991543,17.840162748264856
408,2883.126788359657,17.89962391678575,2868.525022775448,17.82140866295965,2869.285861778096,17.839862695941353,2836.866119802614,17.72434786393962,2829.801794279957,17.814094097881707,2857.5211173991543,17.819867447501615
409,2883.126788359657,17.984290105004373,2868.525022775448,17.8025678865321,2869.285861778096,17.81661696061092,2836.866119802614,17.78074190187595,2829.801794279957,17.8744292377676,2857.5211173991543,17.85172921835819
410,2883.126788359657,17.90008213204827,2868.525022775448,17.782138295792574,2869.285861778096,18.001746379908354,2836.866119802614,17.7935577994373,2829.801794279957,17.80941735050743,2857.5211173991543,17.857388391538784
411,2883.126788359657,17.822242962671936,2868.525022775448,17.606644228062944,2869.285861778096,17.985127322218815,2836.866119802614,18.132400390917766,2829.801794279957,17.85105184787511,2857.5211173991543,17.879493350349314
412,2883.126788359657,17.745504850908954,2868.525022775448,17.626978252059704,2869.285861778096,17.85286297030621,2836.866119802614,17.868867364917733,2829.801794279957,17.548579217359567,2857.5211173991543,17.728558531110433
413,2883.126788359657,17.87612205445578,2868.525022775448,18.032343102704363,2869.285861778096,17.9188752136472,2836.866119802614,17.783792474338092,2829.801794279957,17.42758139622485,2857.5211173991543,17.80774284827406
414,2883.126788359657,18.121903513713978,2868.525022775448,18.098328159728503,2869.285861778096,17.891961620201503,2836.866119802614,17.695390822878416,2829.801794279957,17.819810995616354,2857.5211173991543,17.92547902242775
415,2883.126788359657,17.879487911835263,2868.525022775448,17.908196506151935,2869.285861778096,17.791997688146626,2836.866119802614,17.583671605247844,2829.801794279957,17.817516600205245,2857.5211173991543,17.79617406231738
416,2883.126788359657,17.883986989767315,2868.525022775448,18.048444313936244,2869.285861778096,17.70381306988083,2836.866119802614,17.74942704251437,2829.801794279957,17.725900035737485,2857.5211173991543,17.82231429036725
417,2883.126788359657,17.811670249521597,2868.525022775448,18.02546642248707,2869.285861778096,17.929342629145335,2836.866119802614,17.654603080971622,2829.801794279957,17.67454160607978,2857.5211173991543,17.819124797641084
418,2883.126788359657,18.030378487418343,2868.525022775448,18.078876734808627,2869.285861778096,17.870573496380626,2836.866119802614,17.64388887009898,2829.801794279957,17.986337075868292,2857.5211173991543,17.922010932914972
419,2883.126788359657,17.69070900747394,2868.525022775448,18.321260968055075,2869.285861778096,17.847772374720968,2836.866119802614,17.81987639176771,2829.801794279957,17.907155179746923,2857.5211173991543,17.917354784352924
420,2883.126788359657,17.957683778898467,2868.525022775448,18.047994371109855,2869.285861778096,17.565950163162366,2836.866119802614,17.83686725479059,2829.801794279957,17.897947053133436,2857.5211173991543,17.861288524218942
421,2883.126788359657,17.712178581566416,2868.525022775448,17.844343574528686,2869.285861778096,17.896725271477003,2836.866119802614,17.55181953936118,2829.801794279957,17.819287243914058,2857.5211173991543,17.76487084216947
422,2883.126788359657,17.44151154758571,2868.525022775448,17.75985885948005,2869.285861778096,17.842923258712815,2836.866119802614,17.730034072661205,2829.801794279957,17.73814759376391,2857.5211173991543,17.70249506644074
423,2883.126788359657,17.91483060742561,2868.525022775448,17.79764362359198,2869.285861778096,17.842446888281447,2836.866119802614,17.56841591398536,2829.801794279957,17.75752075478788,2857.5211173991543,17.776171557614454
424,2883.126788359657,17.807536971583545,2868.525022775448,17.888194010349554,2869.285861778096,17.712025864391123,2836.866119802614,17.780010738192995,2829.801794279957,17.964265467227836,2857.5211173991543,17.83040661034901
425,2883.126788359657,17.876592998938804,2868.525022775448,18.05776847739315,2869.285861778096,17.903773350429177,2836.866119802614,17.598582106695698,2829.801794279957,17.794553372567076,2857.5211173991543,17.84625406120478
426,2883.126788359657,17.722388458220646,2868.525022775448,17.83644976612057,2869.285861778096,17.886262077524357,2836.866119802614,17.667933261285825,2829.801794279957,17.92418985794637,2857.5211173991543,17.807444684219554
427,2883.126788359657,17.59329207629575,2868.525022775448,17.855384685834668,2869.285861778096,17.82683962569189,2836.866119802614,17.788656577446236,2829.801794279957,17.91887837911301,2857.5211173991543,17.79661026887631
428,2883.126788359657,17.54760541286922,2868.525022775448,17.92802854943041,2869.285861778096,17.896679701918906,2836.866119802614,18.025932454765286,2829.801794279957,17.98024935806645,2857.5211173991543,17.875699095410056
429,2883.126788359657,17.626890110215513,2868.525022775448,18.008551555002974,2869.285861778096,17.91615221975586,2836.866119802614,17.932436004162525,2829.801794279957,17.520728727347375,2857.5211173991543,17.80095172329685
430,2883.126788359657,17.78573031742453,2868.525022775448,17.999116784970763,2869.285861778096,17.74098677527886,2836.866119802614,17.966226682465187,2829.801794279957,17.712856718230153,2857.5211173991543,17.8409834556739
431,2883.126788359657,17.389859744865294,2868.525022775448,17.9361160883802,2869.285861778096,17.8366054713927,2836.866119802614,17.964407542304368,2829.801794279957,17.759673694982602,2857.5211173991543,17.777332508385037
432,2883.126788359657,17.504058772431364,2868.525022775448,17.73462454299771,2869.285861778096,18.01702139645529,2836.866119802614,17.877967764767593,2829.801794279957,17.54617543534358,2857.5211173991543,17.735969582399107
433,2883.126788359657,17.616251981063076,2868.525022775448,17.886541639173487,2869.285861778096,17.876152802154728,2836.866119802614,17.643902712959154,2829.801794279957,17.501800298583927,2857.5211173991543,17.704929886786875
434,2883.126788359657,17.708536679486286,2868.525022775448,17.839284975526205,2869.285861778096,17.85645072302013,2836.866119802614,17.796849124973573,2829.801794279957,17.70945343068332,2857.5211173991543,17.782114986737902
435,2883.126788359657,17.591673998445508,2868.525022775448,17.92285918753783,2869.285861778096,17.76738162501454,2836.866119802614,17.929565409345916,2829.801794279957,17.8032314514975,2857.5211173991543,17.802942334368257
436,2883.126788359657,17.742037295006554,2868.525022775448,17.95965834626404,2869.285861778096,17.848363209060693,2836.866119802614,17.787491244302913,2829.801794279957,17.932953318072762,2857.5211173991543,17.854100682541393
437,2883.126788359657,17.631707192436217,2868.525022775448,17.765230626098827,2869.285861778096,17.837367032607567,2836.866119802614,17.70235787666838,2829.801794279957,17.929872157207868,2857.5211173991543,17.77330697700377
438,2883.126788359657,17.816848475142347,2868.525022775448,17.657225358271404,2869.285861778096,18.020207707936322,2836.866119802614,17.896572135922366,2829.801794279957,17.737852955779108,2857.5211173991543,17.82574132661031
439,2883.126788359657,17.283717201826615,2868.525022775448,17.660013543772898,2869.285861778096,18.020400403980037,2836.866119802614,17.956887122069364,2829.801794279957,17.760569982172903,2857.5211173991543,17.736317650764363
440,2883.126788359657,17.699377287435677,2868.525022775448,17.84134114232704,2869.285861778096,17.90178815726845,2836.866119802614,17.9639690762344,2829.801794279957,17.999864081000656,2857.5211173991543,17.881267948853242
441,2883.126788359657,17.602950209634987,2868.525022775448,17.69997492947874,2869.285861778096,17.843276122600585,2836.866119802614,17.808415747412667,2829.801794279957,17.87849526344912,2857.5211173991543,17.766622454515222
442,2883.126788359657,17.660493168801093,2868.525022775448,17.517582738844524,2869.285861778096,17.820273436239773,2836.866119802614,17.77196988604953,2829.801794279957,17.752881670919624,2857.5211173991543,17.70464018017091
443,2883.126788359657,17.851806794878396,2868.525022775448,17.815375080307465,2869.285861778096,17.74529737482451,2836.866119802614,17.765484120394305,2829.801794279957,17.845890914714136,2857.5211173991543,17.80477085702376
444,2883.126788359657,17.615658008298514,2868.525022775448,17.929754622439617,2869.285861778096,17.931971654605167,2836.866119802614,17.77956717443081,2829.801794279957,17.87042012046626,2857.5211173991543,17.825474316048073
445,2883.126788359657,17.49867701075665,2868.525022775448,17.93737913263605,2869.285861778096,17.51629294018159,2836.866119802614,17.703044087441118,2829.801794279957,17.586519294882198,2857.5211173991543,17.64838249317952
446,2883.126788359657,17.914935141910078,2868.525022775448,18.113744248042533,2869.285861778096,17.55697672086634,2836.866119802614,17.586626606219657,2829.801794279957,17.708212735266933,2857.5211173991543,17.77609909046111
447,2883.126788359657,18.212492093736405,2868.525022775448,17.95515533405807,2869.285861778096,17.634671969666414,2836.866119802614,17.418411119914282,2829.801794279957,17.818397090705105,2857.5211173991543,17.807825521616056
448,2883.126788359657,17.87718746764121,2868.525022775448,17.913205651776554,2869.285861778096,17.821814053722797,2836.866119802614,17.729136538705667,2829.801794279957,18.024619965237058,2857.5211173991543,17.87319273541666
449,2883.126788359657,17.743019811334534,2868.525022775448,18.203207848493328,2869.285861778096,17.880500071425377,2836.866119802614,17.887260852483507,2829.801794279957,17.77557689107712,2857.5211173991543,17.897913094962774
450,2883.126788359657,17.615507845731695,2868.525022775448,17.89385747726873,2869.285861778096,17.849348185294584,2836.866119802614,17.79087166121311,2829.801794279957,17.78945777001831,2857.5211173991543,17.78780858790529
451,2883.126788359657,17.652163813718094,2868.525022775448,17.72253177009028,2869.285861778096,17.68371799426146,2836.866119802614,17.886260870708345,2829.801794279957,17.838239886393087,2857.5211173991543,17.75658286703425
452,2883.126788359657,17.3033995789885,2868.525022775448,17.76069051263512,2869.285861778096,17.772447835770297,2836.866119802614,17.407547032058016,2829.801794279957,17.889351499829772,2857.5211173991543,17.626687291856342
453,2883.126788359657,17.63181059053148,2868.525022775448,17.754609840059,2869.285861778096,17.834448318869516,2836.866119802614,17.82164498902804,2829.801794279957,17.549158437622463,2857.5211173991543,17.7183344352221
454,2883.126788359657,17.88588214254912,2868.525022775448,17.918456836037834,2869.285861778096,18.041253938829122,2836.866119802614,17.744783873702797,2829.801794279957,17.840147826305135,2857.5211173991543,17.8861049234848
455,2883.126788359657,17.724567879882184,2868.525022775448,17.810804560241582,2869.285861778096,17.941106504672614,2836.866119802614,17.718240052713412,2829.801794279957,17.934866025661503,2857.5211173991543,17.82591700463426
456,2883.126788359657,17.952096731517756,2868.525022775448,17.826749983833576,2869.285861778096,17.970740505478002,2836.866119802614,17.896115724850873,2829.801794279957,17.985853238094084,2857.5211173991543,17.92631123675486
457,2883.126788359657,17.811213349103117,2868.525022775448,17.601939201563887,2869.285861778096,17.88835905568698,2836.866119802614,17.536836545475463,2829.801794279957,17.979419306398942,2857.5211173991543,17.763553491645677
458,2883.126788359657,17.83936838199749,2868.525022775448,17.68505228414906,2869.285861778096,17.833864845769153,2836.866119802614,17.731123590754102,2829.801794279957,17.960414658295417,2857.5211173991543,17.809964752193046
459,2883.126788359657,17.90757488222862,2868.525022775448,17.390300060366272,2869.285861778096,17.903780560162286,2836.866119802614,17.926672802368998,2829.801794279957,17.884344404710028,2857.5211173991543,17.80253454196724
460,2883.126788359657,17.81373753387162,2868.525022775448,17.713684705464207,2869.285861778096,17.77245916602151,2836.866119802614,17.884639307394075,2829.801794279957,17.930794756723675,2857.5211173991543,17.823063093895016
461,2883.126788359657,17.776544104145135,2868.525022775448,17.807321661802128,2869.285861778096,17.919159138197696,2836.866119802614,17.773341722610542,2829.801794279957,17.890718965878328,2857.5211173991543,17.833417118526768
462,2883.126788359657,17.577670936841933,2868.525022775448,18.03197318705898,2869.285861778096,17.921622490924957,2836.866119802614,17.487104477379855,2829.801794279957,17.654051444980446,2857.5211173991543,17.734484507437237
463,2883.126788359657,17.67651961310297,2868.525022775448,17.927866312882298,2869.285861778096,18.00226304658751,2836.866119802614,17.471954832956484,2829.801794279957,17.848360962008282,2857.5211173991543,17.78539295350751
464,2883.126788359657,17.332178324907247,2868.525022775448,17.880572469721663,2869.285861778096,17.955672390309342,2836.866119802614,17.814469659480157,2829.801794279957,17.910819972311785,2857.5211173991543,17.778742563346036
465,2883.126788359657,17.360403214995696,2868.525022775448,17.862712651947838,2869.285861778096,17.787485188843608,2836.866119802614,17.985816018275354,2829.801794279957,17.806108680434175,2857.5211173991543,17.760505150899334
466,2883.126788359657,17.665654617765355,2868.525022775448,17.8618806253628,2869.285861778096,17.826799708419905,2836.866119802614,17.915958054784017,2829.801794279957,17.97094750207736,2857.5211173991543,17.84824810168189
467,2883.126788359657,17.731767261258298,2868.525022775448,17.762123603998965,2869.285861778096,17.786275678088494,2836.866119802614,17.42421394750226,2829.801794279957,17.77427046144019,2857.5211173991543,17.695730190457642
468,2883.126788359657,17.801147601845866,2868.525022775448,17.839890188926084,2869.285861778096,17.836450308431765,2836.866119802614,17.82088649325945,2829.801794279957,17.838927154138503,2857.5211173991543,17.827460349320333
469,2883.126788359657,17.858256861525803,2868.525022775448,17.59718127201928,2869.285861778096,17.729397172465003,2836.866119802614,17.781411009023145,2829.801794279957,17.650139795373647,2857.5211173991543,17.723277222081375
470,2883.126788359657,17.61130561393647,2868.525022775448,17.808707993121715,2869.285861778096,17.778847338481068,2836.866119802614,17.793750688128295,2829.801794279957,17.72587224161564,2857.5211173991543,17.74369677505664
471,2883.126788359657,17.768882240875534,2868.525022775448,17.84277881477704,2869.285861778096,17.896241486856297,2836.866119802614,17.922139337095214,2829.801794279957,17.53889759680846,2857.5211173991543,17.79378789528251
472,2883.126788359657,17.62919991825496,2868.525022775448,17.80810994408492,2869.285861778096,17.939098528373496,2836.866119802614,17.90657888882691,2829.801794279957,17.77751110375798,2857.5211173991543,17.812099676659653
473,2883.126788359657,17.79197869242045,2868.525022775448,17.76498832368266,2869.285861778096,17.81469813324903,2836.866119802614,17.72704499342423,2829.801794279957,17.847938754919063,2857.5211173991543,17.789329779539088
474,2883.126788359657,17.77977489632303,2868.525022775448,17.907861996911038,2869.285861778096,17.64729604588411,2836.866119802614,17.862039303302574,2829.801794279957,17.879404692178216,2857.5211173991543,17.815275386919794
475,2883.126788359657,17.796138074004862,2868.525022775448,17.859364817818605,2869.285861778096,17.966100120912234,2836.866119802614,17.70925187370252,2829.801794279957,17.87652605079706,2857.5211173991543,17.841476187447057
476,2883.126788359657,17.869269504250838,2868.525022775448,18.24690711559884,2869.285861778096,17.910255577344763,2836.866119802614,17.68436165716991,2829.801794279957,17.954147205497776,2857.5211173991543,17.932988211972425
477,2883.126788359657,17.796776176419975,2868.525022775448,18.236787499795454,2869.285861778096,17.92659776313654,2836.866119802614,17.42016907537734,2829.801794279957,17.80711383430073,2857.5211173991543,17.83748886980601
478,2883.126788359657,17.59929612892885,2868.525022775448,17.591124213348834,2869.285861778096,17.733113300623646,2836.866119802614,17.494934511153758,2829.801794279957,17.96934385732199,2857.5211173991543,17.677562402275417
479,2883.126788359657,17.693104913457624,2868.525022775448,17.846447045614426,2869.285861778096,17.557424391330084,2836.866119802614,17.638653746289187,2829.801794279957,18.01426151163396,2857.5211173991543,17.749978321665058
480,2883.126788359657,17.959685542354062,2868.525022775448,17.79990390351438,2869.285861778096,17.818940753690885,2836.866119802614,17.48843956431638,2829.801794279957,17.656084021913465,2857.5211173991543,17.744610757157837
481,2883.126788359657,17.841203145296774,2868.525022775448,17.770209006177073,2869.285861778096,17.91227128799524,2836.866119802614,17.752931311349272,2829.801794279957,18.038336245302055,2857.5211173991543,17.862990199224082
482,2883.126788359657,18.11257403670629,2868.525022775448,17.78527755766844,2869.285861778096,17.823080437959803,2836.866119802614,17.868157372053805,2829.801794279957,18.14377556068706,2857.5211173991543,17.946572993015078
483,2883.126788359657,18.013480760787704,2868.525022775448,17.778082260123778,2869.285861778096,17.88691482008879,2836.866119802614,17.785726405097346,2829.801794279957,17.953169487264383,2857.5211173991543,17.883474746672402
484,2883.126788359657,17.568768642538128,2868.525022775448,17.644037704927378,2869.285861778096,17.856127831839544,2836.866119802614,17.896792336623015,2829.801794279957,17.707688319703035,2857.5211173991543,17.73468296712622
485,2883.126788359657,17.723976152309373,2868.525022775448,17.76913729175889,2869.285861778096,17.637024912106664,2836.866119802614,17.596912593756105,2829.801794279957,17.879624752057143,2857.5211173991543,17.721335140397635
486,2883.126788359657,17.59336940406397,2868.525022775448,17.74693102852362,2869.285861778096,17.823067356142833,2836.866119802614,17.750615378278802,2829.801794279957,17.809161792272885,2857.5211173991543,17.744628991856423
487,2883.126788359657,17.661313248323964,2868.525022775448,17.85795128222198,2869.285861778096,17.78235181472662,2836.866119802614,17.74202576724443,2829.801794279957,17.729078028146965,2857.5211173991543,17.75454402813279
488,2883.126788359657,17.759670050748905,2868.525022775448,17.651776243160597,2869.285861778096,17.795133140316896,2836.866119802614,17.834753563806327,2829.801794279957,17.46146310989585,2857.5211173991543,17.700559221585713
489,2883.126788359657,18.020664998795514,2868.525022775448,17.71401112814421,2869.285861778096,17.969876450013835,2836.866119802614,17.975105449990338,2829.801794279957,17.64916715863788,2857.5211173991543,17.865765037116354
490,2883.126788359657,18.08694382192167,2868.525022775448,17.536951043374426,2869.285861778096,17.708694894928183,2836.866119802614,17.84270044141942,2829.801794279957,17.71372116826773,2857.5211173991543,17.777802273982285
491,2883.126788359657,17.960228172196736,2868.525022775448,17.83664613249945,2869.285861778096,17.50337074473494,2836.866119802614,17.746875725621578,2829.801794279957,17.635985767107417,2857.5211173991543,17.736621308432024
492,2883.126788359657,18.076989232704314,2868.525022775448,17.871429514768412,2869.285861778096,18.054195339233456,2836.866119802614,17.608776252431312,2829.801794279957,17.641194635105307,2857.5211173991543,17.85051699484856
493,2883.126788359657,17.91064147319361,2868.525022775448,17.894668045328775,2869.285861778096,17.92496080241549,2836.866119802614,17.401880563064953,2829.801794279957,17.871135539294784,2857.5211173991543,17.800657284659522
494,2883.126788359657,18.076578688528542,2868.525022775448,17.857771299849595,2869.285861778096,17.892640630403122,2836.866119802614,17.571241163008324,2829.801794279957,17.851473977910597,2857.5211173991543,17.849941151940037
495,2883.126788359657,17.819211102059146,2868.525022775448,17.656767257203196,2869.285861778096,17.75236521589222,2836.866119802614,17.783854044604638,2829.801794279957,18.207388305202137,2857.5211173991543,17.843917184992268
496,2883.126788359657,17.866637880397803,2868.525022775448,17.75016481341161,2869.285861778096,17.770785724205773,2836.866119802614,17.553661018097092,2829.801794279957,18.087305274865674,2857.5211173991543,17.805710942195592
497,2883.126788359657,17.722574176487562,2868.525022775448,17.87985043289704,2869.285861778096,17.53889612692575,2836.866119802614,17.694681027095267,2829.801794279957,17.9509833774058,2857.5211173991543,17.757397028162284
498,2883.126788359657,17.88681370762755,2868.525022775448,17.731185306654574,2869.285861778096,17.769110021214182,2836.866119802614,17.663591299458396,2829.801794279957,17.97947860441553,2857.5211173991543,17.806035787874045
499,2883.126788359657,17.927242953554984,2868.525022775448,17.836279072782485,2869.285861778096,17.884436159811703,2836.866119802614,17.855706694906043,2829.801794279957,17.996395627588605,2857.5211173991543,17.900012101728766
500,2883.126788359657,17.811702100342636,2868.525022775448,17.864893110397862,2869.285861778096,17.742009858583533,2836.866119802614,17.897654338625586,2829.801794279957,17.901799285318887,2857.5211173991543,17.8436117386537
