generation,fitness_run_1,diversity_run_1,fitness_run_2,diversity_run_2,fitness_run_3,diversity_run_3,fitness_run_4,diversity_run_4,fitness_run_5,diversity_run_5,fitness_average,diversity_average
1,3083.2941042251377,98.56487341772151,3091.0886265052736,98.61677215189873,3081.3669650554134,98.65696202531646,2979.788210052161,98.51645569620253,3132.303992329175,98.61867088607595,3073.5683796334315,98.59474683544303
2,3083.2941042251377,98.45411392405063,3091.0886265052736,98.01012658227847,3081.3669650554134,98.55506329113923,2979.788210052161,98.41582278481013,3132.303992329175,98.36867088607595,3073.5683796334315,98.36075949367088
3,3073.674200199262,98.21107594936709,3091.0886265052736,97.96392405063291,3020.189037602765,98.44367088607595,2979.788210052161,98.12689873417722,3082.9468645928423,98.43955696202532,3049.5373877904613,98.2370253164557
4,3045.7008016410227,97.9490506329114,3091.0886265052736,98.1756329113924,3020.189037602765,98.10601265822785,2883.123107563913,98.00696202531645,3037.096452828881,98.19810126582279,3015.439605228371,98.08715189873418
5,3045.7008016410227,97.85791139240506,3054.9100178668295,98.06360759493671,3020.189037602765,98.04778481012659,2883.123107563913,97.85569620253165,3037.096452828881,98.00284810126583,3008.2038835006824,97.96556962025316
6,3028.6059983004307,97.55822784810127,3054.9100178668295,97.94113924050633,3020.189037602765,97.97215189873418,2883.123107563913,97.75379746835443,3037.096452828881,97.84018987341773,3004.784922832564,97.81310126582278
7,3028.6059983004307,97.6990506329114,3054.9100178668295,97.43481012658228,2980.9819882947795,97.83417721518987,2883.123107563913,97.77721518987342,3018.8998945427256,97.8262658227848,2993.3042013137356,97.71430379746835
8,3024.549913403534,97.52784810126582,2981.5646624849687,97.39145569620253,2980.9819882947795,97.91803797468354,2883.123107563913,97.5873417721519,3018.8998945427256,97.55791139240506,2977.8239132579847,97.59651898734177
9,3003.315477681482,97.51202531645569,2981.5646624849687,97.42246835443038,2980.9819882947795,97.71329113924051,2883.123107563913,97.24905063291139,3018.8998945427256,97.42120253164558,2973.577026113574,97.46360759493672
10,3003.315477681482,97.325,2981.5646624849687,97.37943037974684,2980.9819882947795,96.575,2883.123107563913,96.9136075949367,3018.8998945427256,97.49113924050633,2973.577026113574,97.13683544303797
11,3003.315477681482,97.38037974683544,2981.5646624849687,97.29715189873417,2980.9819882947795,96.3626582278481,2883.123107563913,96.98069620253165,3018.8998945427256,97.5886075949367,2973.577026113574,97.12189873417722
12,3003.315477681482,97.28892405063291,2981.5646624849687,97.30981012658228,2980.9819882947795,95.90854430379747,2883.123107563913,96.58291139240507,3018.8998945427256,97.13196202531645,2973.577026113574,96.84443037974685
13,2928.1364199090895,97.1876582278481,2981.5646624849687,97.53227848101265,2980.9819882947795,95.94082278481012,2883.123107563913,96.10854430379747,2949.0087283350795,96.96930379746836,2944.5629813175665,96.74772151898733
14,2928.1364199090895,97.21518987341773,2981.5646624849687,97.30759493670887,2980.9819882947795,95.75379746835443,2883.123107563913,95.99841772151899,2937.4709825101318,96.90696202531646,2942.2554321525763,96.63639240506329
15,2928.1364199090895,97.15379746835443,2981.5646624849687,97.17246835443038,2980.9819882947795,96.13069620253165,2881.402483957631,95.69588607594936,2937.4709825101318,96.93101265822784,2941.91130743132,96.61677215189873
16,2928.1364199090895,97.13101265822785,2981.5646624849687,97.12025316455696,2980.9819882947795,95.78386075949368,2881.402483957631,95.58449367088608,2937.4709825101318,97.02974683544304,2941.91130743132,96.52987341772152
17,2928.1364199090895,97.03101265822785,2981.5646624849687,97.198417721519,2980.9819882947795,96.09398734177215,2881.402483957631,95.2756329113924,2937.4709825101318,96.85126582278481,2941.91130743132,96.49006329113924
18,2928.1364199090895,96.58924050632912,2981.5646624849687,97.08132911392406,2961.2517033679123,96.05601265822784,2881.402483957631,95.03481012658227,2883.167304644463,96.75506329113924,2927.1045148728126,96.30329113924051
19,2928.1364199090895,96.86297468354431,2981.5646624849687,96.92405063291139,2961.2517033679123,95.93322784810127,2881.402483957631,94.89208860759494,2883.167304644463,96.60569620253165,2927.1045148728126,96.24360759493672
20,2928.1364199090895,96.71772151898735,2981.5646624849687,96.83924050632912,2961.2517033679123,95.72405063291139,2881.402483957631,95.12689873417722,2883.167304644463,96.31424050632911,2927.1045148728126,96.14443037974682
21,2928.1364199090895,96.62310126582278,2981.5646624849687,96.68037974683544,2961.2517033679123,96.19177215189873,2881.402483957631,94.81424050632911,2883.167304644463,96.54715189873417,2927.1045148728126,96.17132911392405
22,2928.1364199090895,96.62848101265823,2981.5646624849687,96.52974683544304,2961.2517033679123,96.01803797468355,2870.063503659236,94.91329113924051,2883.167304644463,96.58227848101266,2924.8367188131338,96.1343670886076
23,2928.1364199090895,96.52848101265823,2981.5646624849687,96.47183544303797,2961.2517033679123,96.04240506329114,2821.8372284861994,95.23955696202532,2883.167304644463,96.61582278481012,2915.1914637785267,96.17962025316456
24,2928.1364199090895,96.63829113924051,2981.5646624849687,96.74272151898734,2961.2517033679123,96.13037974683544,2821.8372284861994,95.30664556962026,2883.167304644463,96.37341772151899,2915.1914637785267,96.2382911392405
25,2928.1364199090895,96.5493670886076,2981.5646624849687,96.59651898734177,2961.2517033679123,96.30727848101266,2821.8372284861994,95.29208860759493,2883.167304644463,96.02594936708861,2915.1914637785267,96.15424050632912
26,2928.1364199090895,96.33259493670886,2974.8128224099746,96.74746835443038,2961.2517033679123,96.24303797468355,2821.8372284861994,95.21645569620253,2883.167304644463,96.15981012658227,2913.841095763528,96.13987341772153
27,2928.1364199090895,95.88575949367089,2974.8128224099746,96.43512658227849,2949.7856461986066,96.27341772151898,2821.8372284861994,95.46392405063291,2875.222934709016,96.23512658227848,2909.959010342577,96.05867088607594
28,2928.1364199090895,95.62848101265823,2974.8128224099746,96.54810126582278,2881.316381112374,96.1506329113924,2821.8372284861994,95.64177215189873,2791.4687275354972,96.17278481012659,2879.514315890627,96.02835443037975
29,2928.1364199090895,95.8240506329114,2912.9867345518287,96.16044303797469,2881.316381112374,96.29462025316455,2821.8372284861994,95.72563291139241,2791.4687275354972,96.04683544303798,2867.149098318998,96.0103164556962
30,2928.1364199090895,95.75601265822785,2912.9867345518287,96.15316455696203,2881.316381112374,96.04525316455697,2821.8372284861994,95.60569620253165,2791.4687275354972,95.98037974683544,2867.149098318998,95.90810126582278
31,2928.1364199090895,95.65379746835443,2912.9867345518287,96.13702531645569,2881.316381112374,96.03101265822785,2821.8372284861994,95.26202531645569,2791.4687275354972,96.09651898734177,2867.149098318998,95.83607594936709
32,2928.1364199090895,95.74272151898734,2912.9867345518287,96.24177215189873,2881.316381112374,96.03987341772152,2821.8372284861994,94.94651898734178,2791.4687275354972,96.18924050632911,2867.149098318998,95.8320253164557
33,2928.1364199090895,95.74113924050633,2912.9867345518287,96.34335443037975,2881.316381112374,95.96550632911392,2821.8372284861994,95.40506329113924,2791.4687275354972,96.25094936708861,2867.149098318998,95.94120253164557
34,2928.1364199090895,95.99082278481012,2912.9867345518287,96.41044303797469,2881.316381112374,95.87056962025316,2821.8372284861994,95.63227848101266,2791.4687275354972,96.40632911392404,2867.149098318998,96.06208860759493
35,2928.1364199090895,95.9636075949367,2912.9867345518287,96.25474683544304,2881.316381112374,96.25696202531645,2821.8372284861994,95.41424050632911,2791.4687275354972,96.17848101265822,2867.149098318998,96.0136075949367
36,2928.1364199090895,95.75158227848101,2912.9867345518287,96.03544303797469,2779.514974056127,96.0870253164557,2821.8372284861994,95.1009493670886,2791.4687275354972,96.37689873417722,2846.7888169077482,95.87037974683544
37,2928.1364199090895,96.05822784810127,2912.9867345518287,96.08322784810126,2779.514974056127,96.17626582278481,2811.540965863632,94.87278481012659,2791.4687275354972,96.26993670886075,2844.729564383235,95.89208860759494
38,2928.1364199090895,95.93924050632911,2912.9867345518287,96.32183544303797,2779.514974056127,96.1120253164557,2810.5386353839403,95.12943037974684,2791.4687275354972,96.2259493670886,2844.5290982872966,95.94569620253165
39,2928.1364199090895,96.0240506329114,2912.9867345518287,96.1623417721519,2779.514974056127,96.31993670886077,2780.293277425976,94.9123417721519,2791.4687275354972,96.21044303797468,2838.4800266957036,95.92582278481015
40,2928.1364199090895,95.70284810126583,2912.9867345518287,96.3370253164557,2779.514974056127,96.02943037974684,2686.734173646602,95.27721518987342,2791.4687275354972,95.90253164556962,2819.768205939829,95.84981012658228
41,2928.1364199090895,95.56075949367089,2912.9867345518287,96.3117088607595,2779.514974056127,96.15664556962025,2686.734173646602,95.52120253164557,2791.4687275354972,95.79367088607594,2819.768205939829,95.86879746835443
42,2928.1364199090895,95.11677215189873,2852.0158288492876,96.57246835443038,2779.514974056127,96.29303797468354,2686.734173646602,95.17215189873417,2791.4687275354972,95.84303797468354,2807.574024799321,95.79949367088606
43,2908.9457619263812,95.05126582278481,2852.0158288492876,96.69588607594936,2779.514974056127,95.97246835443038,2686.734173646602,95.32721518987341,2791.4687275354972,95.84018987341773,2803.735893202779,95.77740506329113
44,2908.9457619263812,95.65696202531646,2852.0158288492876,96.71455696202531,2779.514974056127,96.22753164556963,2686.734173646602,95.4006329113924,2791.4687275354972,96.02056962025317,2803.735893202779,96.00405063291139
45,2908.9457619263812,95.56582278481012,2852.0158288492876,96.58101265822785,2779.514974056127,96.1003164556962,2686.734173646602,95.39493670886075,2791.4687275354972,95.92689873417721,2803.735893202779,95.91379746835443
46,2908.9457619263812,95.63386075949367,2852.0158288492876,96.18860759493671,2779.514974056127,96.3009493670886,2686.734173646602,95.35221518987342,2791.4687275354972,95.81487341772151,2803.735893202779,95.85810126582278
47,2889.2083647608306,95.60601265822785,2852.0158288492876,95.97056962025316,2779.514974056127,96.11772151898734,2686.734173646602,95.26708860759494,2791.4687275354972,95.6737341772152,2799.7884137696688,95.7270253164557
48,2889.2083647608306,95.63544303797468,2852.0158288492876,95.83829113924051,2779.514974056127,95.8743670886076,2686.734173646602,94.8123417721519,2791.4687275354972,95.97405063291139,2799.7884137696688,95.62689873417722
49,2839.4737786600763,95.62879746835443,2852.0158288492876,95.44398734177216,2779.514974056127,95.98386075949367,2686.734173646602,95.43069620253165,2791.4687275354972,95.9126582278481,2789.841496549518,95.68
50,2839.4737786600763,95.5996835443038,2852.0158288492876,95.53164556962025,2779.514974056127,95.79018987341772,2686.734173646602,95.61297468354431,2791.4687275354972,95.87658227848101,2789.841496549518,95.6822151898734
51,2839.4737786600763,95.7493670886076,2852.0158288492876,95.24018987341772,2779.514974056127,95.5363924050633,2686.734173646602,95.59018987341773,2791.4687275354972,95.73892405063292,2789.841496549518,95.57101265822786
52,2839.4737786600763,95.0886075949367,2852.0158288492876,95.16835443037975,2779.514974056127,95.79240506329114,2686.734173646602,95.20094936708861,2791.4687275354972,95.78291139240507,2789.841496549518,95.40664556962025
53,2839.4737786600763,94.97626582278481,2852.0158288492876,95.39683544303797,2779.514974056127,95.85221518987342,2686.734173646602,95.21772151898735,2791.4687275354972,95.62848101265823,2789.841496549518,95.41430379746835
54,2839.4737786600763,95.53955696202532,2852.0158288492876,95.42689873417721,2779.514974056127,95.90854430379747,2686.734173646602,95.13702531645569,2791.4687275354972,95.25949367088607,2789.841496549518,95.45430379746836
55,2839.4737786600763,95.70601265822785,2852.0158288492876,95.2756329113924,2779.514974056127,95.99873417721518,2686.734173646602,94.9253164556962,2791.4687275354972,95.90632911392404,2789.841496549518,95.56240506329114
56,2839.4737786600763,96.10696202531645,2852.0158288492876,95.2382911392405,2778.8526207498385,95.69746835443038,2686.734173646602,94.4382911392405,2791.4687275354972,95.75284810126583,2789.7090258882604,95.44677215189873
57,2839.4737786600763,95.72373417721519,2852.0158288492876,95.17974683544304,2778.8526207498385,95.90822784810126,2686.734173646602,94.7113924050633,2791.4687275354972,95.75189873417722,2789.7090258882604,95.455
58,2839.4737786600763,95.87911392405063,2852.0158288492876,95.52436708860759,2778.8526207498385,95.73259493670886,2686.734173646602,94.81582278481012,2791.4687275354972,95.58196202531646,2789.7090258882604,95.50677215189873
59,2839.4737786600763,95.79240506329114,2852.0158288492876,95.70506329113924,2778.8526207498385,95.71677215189874,2686.734173646602,94.59335443037975,2791.4687275354972,95.65094936708861,2789.7090258882604,95.4917088607595
60,2839.4737786600763,95.73259493670886,2852.0158288492876,95.44556962025317,2778.8526207498385,95.65981012658227,2686.734173646602,95.04303797468354,2791.4687275354972,95.77246835443037,2789.7090258882604,95.53069620253164
61,2839.4737786600763,95.53481012658227,2852.0158288492876,95.48037974683544,2778.8526207498385,95.92879746835443,2686.734173646602,95.10379746835443,2791.4687275354972,95.5373417721519,2789.7090258882604,95.51702531645569
62,2839.4737786600763,95.46075949367089,2852.0158288492876,95.54303797468354,2778.8526207498385,95.89050632911392,2686.734173646602,95.01329113924051,2791.4687275354972,95.62056962025316,2789.7090258882604,95.5056329113924
63,2839.4737786600763,95.08607594936709,2852.0158288492876,95.51107594936708,2778.8526207498385,95.75443037974684,2686.734173646602,95.08417721518987,2791.4687275354972,95.81772151898734,2789.7090258882604,95.45069620253165
64,2839.4737786600763,95.61297468354431,2852.0158288492876,94.70664556962025,2778.8526207498385,95.39778481012658,2686.734173646602,95.25886075949367,2791.4687275354972,95.99113924050633,2789.7090258882604,95.39348101265823
65,2839.4737786600763,95.72753164556963,2848.4166732592385,94.57753164556962,2778.8526207498385,95.5,2686.734173646602,94.62341772151899,2791.4687275354972,96.13829113924051,2788.9891947702504,95.31335443037975
66,2827.38567423867,95.2870253164557,2848.4166732592385,94.88702531645569,2778.8526207498385,95.81075949367089,2672.150205064567,94.14936708860759,2791.4687275354972,95.96518987341773,2783.6547801695624,95.21987341772152
67,2827.38567423867,95.4379746835443,2841.1998833289563,94.7123417721519,2778.8526207498385,95.31012658227849,2663.2546946299867,93.84683544303797,2791.4687275354972,95.88892405063291,2780.4323200965896,95.03924050632911
68,2827.38567423867,95.6737341772152,2841.1998833289563,94.54493670886076,2778.8526207498385,95.37848101265823,2663.2546946299867,93.89113924050633,2791.4687275354972,95.86898734177215,2780.4323200965896,95.07145569620253
69,2827.38567423867,95.4993670886076,2841.1998833289563,94.32879746835442,2778.8526207498385,95.59240506329114,2663.2546946299867,93.32246835443038,2791.4687275354972,95.8246835443038,2780.4323200965896,94.91354430379747
70,2827.38567423867,95.35886075949367,2817.100118881206,93.52879746835443,2778.8526207498385,95.57594936708861,2663.2546946299867,93.25158227848101,2791.4687275354972,95.83386075949367,2775.61236720704,94.70981012658227
71,2762.8959311527583,95.53512658227848,2817.100118881206,93.95601265822785,2778.8526207498385,95.29335443037975,2663.2546946299867,93.27278481012658,2791.4687275354972,95.87056962025316,2762.714418589857,94.78556962025316
72,2762.8959311527583,95.4512658227848,2817.100118881206,93.25379746835443,2738.2731134215505,95.48386075949367,2663.2546946299867,93.60886075949367,2791.4687275354972,95.70158227848101,2754.5985171241996,94.69987341772152
73,2762.8959311527583,95.46487341772152,2817.100118881206,94.02120253164557,2738.2731134215505,95.83101265822785,2663.2546946299867,93.96012658227848,2791.4687275354972,95.52215189873418,2754.5985171241996,94.95987341772152
74,2762.8959311527583,95.1132911392405,2817.100118881206,94.3253164556962,2738.2731134215505,96.00854430379746,2663.2546946299867,94.36708860759494,2791.4687275354972,95.4759493670886,2754.5985171241996,95.05803797468354
75,2762.8959311527583,95.07594936708861,2817.100118881206,94.53512658227848,2695.5654964720634,96.04746835443038,2663.2546946299867,94.54905063291139,2791.4687275354972,95.29082278481013,2746.056993734302,95.09968354430382
76,2762.8959311527583,95.03512658227848,2777.5108585144835,94.31835443037974,2695.5654964720634,96.0487341772152,2663.2546946299867,94.82658227848101,2785.7285474064925,95.5123417721519,2736.9911056351566,95.14822784810126
77,2762.8959311527583,94.91677215189874,2777.5108585144835,94.32911392405063,2695.5654964720634,95.98132911392405,2663.2546946299867,94.90791139240507,2720.471554601987,95.67879746835443,2723.9397070742557,95.1627848101266
78,2762.8959311527583,95.05316455696203,2721.20555132772,94.22405063291139,2695.5654964720634,96.03607594936709,2663.2546946299867,94.60253164556963,2720.471554601987,95.80601265822784,2712.678645636903,95.1443670886076
79,2762.8959311527583,95.37784810126583,2721.20555132772,94.01518987341773,2695.5654964720634,95.64936708860759,2663.2546946299867,94.6753164556962,2720.471554601987,95.62151898734177,2712.678645636903,95.06784810126582
80,2762.8959311527583,95.2376582278481,2721.20555132772,94.43955696202532,2695.5654964720634,95.33259493670886,2663.2546946299867,94.77594936708861,2720.471554601987,95.74398734177215,2712.678645636903,95.10594936708861
81,2762.8959311527583,94.86582278481012,2721.20555132772,94.08227848101266,2695.5654964720634,95.05949367088607,2663.2546946299867,94.71487341772152,2720.471554601987,95.23164556962026,2712.678645636903,94.79082278481012
82,2762.8959311527583,94.4623417721519,2721.20555132772,94.3370253164557,2695.5654964720634,95.26677215189873,2663.2546946299867,95.18322784810127,2720.471554601987,95.29462025316455,2712.678645636903,94.90879746835444
83,2762.8959311527583,94.77943037974684,2721.20555132772,94.13512658227847,2695.5654964720634,95.18322784810127,2663.2546946299867,95.00791139240506,2720.471554601987,95.36550632911393,2712.678645636903,94.89424050632911
84,2762.8959311527583,94.88164556962025,2633.2458593287465,94.34398734177215,2695.5654964720634,94.94556962025317,2663.2546946299867,95.03386075949368,2720.471554601987,95.10569620253165,2695.0867072371084,94.86215189873418
85,2762.8959311527583,94.62278481012659,2633.2458593287465,94.24905063291139,2695.5654964720634,95.24240506329114,2663.2546946299867,94.74177215189873,2720.471554601987,95.13924050632912,2695.0867072371084,94.79905063291139
86,2762.8959311527583,94.3376582278481,2633.2458593287465,94.37341772151899,2695.5654964720634,94.59493670886076,2663.2546946299867,93.75822784810127,2720.471554601987,95.25474683544304,2695.0867072371084,94.46379746835443
87,2762.8959311527583,94.9370253164557,2633.2458593287465,94.56139240506329,2695.5654964720634,94.83829113924051,2663.2546946299867,93.03481012658227,2648.733808483354,95.20791139240507,2680.7391580133817,94.51588607594935
88,2762.8959311527583,94.75348101265823,2633.2458593287465,94.69525316455696,2695.5654964720634,94.76487341772152,2663.2546946299867,92.02341772151898,2648.733808483354,94.65253164556962,2680.7391580133817,94.17791139240506
89,2762.8959311527583,94.5753164556962,2633.2458593287465,94.98132911392405,2695.5654964720634,94.85981012658227,2663.2546946299867,93.15822784810126,2648.733808483354,94.91487341772152,2680.7391580133817,94.49791139240506
90,2762.8959311527583,94.58924050632912,2633.2458593287465,94.87025316455696,2695.5654964720634,94.86677215189873,2663.2546946299867,93.65696202531646,2648.733808483354,94.75791139240506,2680.7391580133817,94.54822784810126
91,2762.8959311527583,94.77848101265823,2633.2458593287465,94.57848101265823,2695.5654964720634,94.81360759493671,2663.2546946299867,93.85411392405064,2648.733808483354,94.63449367088607,2680.7391580133817,94.53183544303798
92,2762.8959311527583,94.8509493670886,2633.2458593287465,94.52911392405063,2695.5654964720634,94.6873417721519,2663.2546946299867,94.37974683544304,2648.733808483354,94.71993670886076,2680.7391580133817,94.63341772151898
93,2762.8959311527583,95.00348101265823,2633.2458593287465,94.61898734177215,2695.5654964720634,94.38291139240506,2663.2546946299867,93.82246835443038,2648.733808483354,95.20284810126583,2680.7391580133817,94.60613924050634
94,2762.8959311527583,94.67689873417721,2633.2458593287465,94.4636075949367,2670.5828526701252,94.44588607594936,2663.2546946299867,94.12658227848101,2648.733808483354,95.03924050632911,2675.742629252994,94.55044303797469
95,2762.8959311527583,94.63512658227847,2633.2458593287465,94.3626582278481,2670.5828526701252,94.5503164556962,2663.2546946299867,94.47183544303797,2648.733808483354,95.01898734177215,2675.742629252994,94.60778481012657
96,2762.8959311527583,94.63259493670886,2633.2458593287465,94.23069620253165,2670.5828526701252,94.74303797468355,2663.2546946299867,94.64240506329114,2648.733808483354,95.47405063291139,2675.742629252994,94.74455696202531
97,2762.8959311527583,94.57025316455696,2633.2458593287465,94.01139240506329,2635.4314456712295,94.64462025316456,2663.2546946299867,94.74905063291139,2648.733808483354,95.25031645569621,2668.712347853215,94.6451265822785
98,2762.8959311527583,94.78607594936709,2633.2458593287465,93.21962025316456,2635.4314456712295,94.44462025316456,2662.097100242215,94.60189873417721,2648.733808483354,95.22753164556963,2668.4808289756606,94.4559493670886
99,2762.8959311527583,94.5632911392405,2633.2458593287465,93.24968354430379,2635.4314456712295,94.5740506329114,2662.097100242215,94.54715189873417,2648.733808483354,94.69810126582279,2668.4808289756606,94.32645569620254
100,2762.8959311527583,94.08354430379747,2633.2458593287465,92.6743670886076,2635.4314456712295,94.39272151898734,2662.097100242215,93.88227848101266,2648.733808483354,94.27120253164557,2668.4808289756606,93.86082278481013
101,2762.8959311527583,93.95822784810126,2633.2458593287465,92.76898734177215,2635.4314456712295,94.52689873417721,2662.097100242215,93.22151898734177,2648.733808483354,93.86518987341772,2668.4808289756606,93.66816455696201
102,2762.8959311527583,94.1753164556962,2633.2458593287465,93.60443037974683,2635.4314456712295,94.50506329113924,2574.4907900199314,93.41898734177215,2648.733808483354,93.90949367088608,2650.959566931204,93.9226582278481
103,2762.8959311527583,94.45443037974684,2629.593889042309,93.45664556962025,2606.527726393302,94.3873417721519,2574.4907900199314,93.22405063291139,2648.733808483354,93.9882911392405,2644.448429018331,93.90215189873418
104,2759.1461155049597,94.70791139240507,2618.0945302116847,93.65221518987342,2606.527726393302,94.3009493670886,2574.4907900199314,93.66740506329114,2648.733808483354,94.21424050632912,2641.3985941226465,94.10854430379747
105,2759.1461155049597,94.43386075949367,2618.0945302116847,93.48196202531645,2606.527726393302,94.56898734177216,2574.4907900199314,93.75854430379746,2648.733808483354,94.14272151898734,2641.3985941226465,94.07721518987341
106,2759.1461155049597,94.51139240506329,2618.0945302116847,93.29651898734177,2526.1645408069603,94.7756329113924,2574.4907900199314,93.78354430379747,2648.733808483354,94.11772151898734,2625.325957005378,94.09696202531646
107,2738.225189076832,94.59525316455696,2618.0945302116847,93.46170886075949,2526.1645408069603,95.09018987341773,2574.4907900199314,93.49018987341772,2648.733808483354,94.21044303797468,2621.1417717197523,94.16955696202533
108,2738.225189076832,94.73449367088608,2618.0945302116847,93.51424050632912,2526.1645408069603,94.8123417721519,2574.4907900199314,93.75822784810127,2648.733808483354,94.09493670886076,2621.1417717197523,94.18284810126582
109,2738.225189076832,94.49588607594937,2618.0945302116847,93.85316455696203,2526.1645408069603,94.57088607594936,2574.4907900199314,93.22974683544304,2648.733808483354,94.38575949367089,2621.1417717197523,94.10708860759493
110,2738.225189076832,94.01044303797468,2618.0945302116847,93.92025316455697,2526.1645408069603,94.86962025316456,2574.4907900199314,93.34050632911392,2648.733808483354,94.2756329113924,2621.1417717197523,94.0832911392405
111,2691.881978310643,93.75569620253165,2618.0945302116847,93.6376582278481,2526.1645408069603,94.66012658227848,2574.4907900199314,93.44462025316456,2648.733808483354,94.21708860759493,2611.8731295665143,93.94303797468355
112,2691.881978310643,93.5626582278481,2618.0945302116847,93.4493670886076,2526.1645408069603,94.44462025316456,2574.4907900199314,93.94050632911393,2648.733808483354,93.26962025316456,2611.8731295665143,93.73335443037975
113,2691.881978310643,93.56867088607595,2618.0945302116847,93.44430379746835,2526.1645408069603,94.72784810126582,2574.4907900199314,94.10949367088608,2648.733808483354,93.78322784810126,2611.8731295665143,93.92670886075949
114,2691.881978310643,93.36550632911393,2618.0945302116847,92.86012658227848,2510.43078785487,94.16550632911392,2574.4907900199314,94.36107594936709,2648.733808483354,94.03386075949368,2608.726378976097,93.75721518987342
115,2683.3801387765375,93.78544303797469,2618.0945302116847,93.10949367088608,2510.43078785487,94.05221518987342,2574.4907900199314,94.15506329113924,2648.733808483354,93.98069620253165,2607.0260110692752,93.81658227848102
116,2683.3801387765375,93.54018987341772,2618.0945302116847,93.3867088607595,2510.43078785487,94.09113924050632,2574.4907900199314,93.94367088607595,2643.395078506883,94.42025316455697,2605.9582650739812,93.87639240506329
117,2683.3801387765375,93.38132911392405,2618.0945302116847,93.4389240506329,2510.43078785487,94.21867088607596,2574.4907900199314,93.73639240506328,2629.676245534044,94.3240506329114,2603.214498479413,93.81987341772151
118,2683.3801387765375,93.33449367088608,2618.0945302116847,93.53607594936709,2383.271292320557,94.42183544303798,2574.4907900199314,94.0629746835443,2621.494631644059,93.86392405063292,2576.1462765945535,93.84386075949367
119,2683.3801387765375,93.34398734177215,2618.0945302116847,93.0256329113924,2353.4431591673547,94.19525316455696,2574.4907900199314,94.11772151898734,2621.494631644059,94.13544303797468,2570.1806499639133,93.7636075949367
120,2639.3493931285407,93.41677215189874,2618.0945302116847,93.13924050632912,2353.4431591673547,94.1373417721519,2574.4907900199314,93.90886075949368,2621.494631644059,94.33449367088608,2561.374500834314,93.7873417721519
121,2638.6862030101893,93.33164556962025,2618.0945302116847,93.45253164556962,2353.4431591673547,94.0253164556962,2574.4907900199314,93.85727848101266,2578.9818373814155,94.2879746835443,2552.7393039581157,93.7909493670886
122,2638.6862030101893,93.1123417721519,2618.0945302116847,93.80474683544304,2353.4431591673547,94.23449367088608,2574.4907900199314,93.81835443037974,2578.9818373814155,94.48892405063292,2552.7393039581157,93.89177215189872
123,2638.6862030101893,93.31582278481012,2618.0945302116847,94.10822784810127,2353.4431591673547,94.20822784810126,2574.4907900199314,93.39272151898734,2578.9818373814155,94.55759493670887,2552.7393039581157,93.91651898734177
124,2625.5946735042135,93.47056962025316,2618.0945302116847,94.05601265822784,2353.4431591673547,94.25316455696202,2515.507715278321,93.58386075949367,2578.9818373814155,94.68227848101266,2538.324383108598,94.00917721518987
125,2538.499528324796,93.69145569620254,2618.0945302116847,93.36170886075949,2353.4431591673547,94.41898734177215,2515.507715278321,93.82088607594936,2578.9818373814155,94.84810126582279,2520.9053540727145,94.02822784810127
126,2538.499528324796,93.30696202531645,2618.0945302116847,93.03037974683544,2353.4431591673547,94.7246835443038,2515.507715278321,93.8110759493671,2578.9818373814155,94.87405063291139,2520.9053540727145,93.94943037974683
127,2538.499528324796,93.6367088607595,2554.7966078036434,93.17025316455697,2353.4431591673547,94.2879746835443,2461.4964081763956,93.61297468354431,2578.9818373814155,94.9136075949367,2497.443508170721,93.92430379746835
128,2538.499528324796,93.73322784810127,2554.7966078036434,93.24208860759494,2353.4431591673547,94.27879746835443,2461.4964081763956,93.57183544303797,2578.9818373814155,95.0117088607595,2497.443508170721,93.96753164556961
129,2538.499528324796,93.25886075949367,2554.7966078036434,93.31487341772151,2353.4431591673547,94.16044303797469,2461.4964081763956,93.76867088607595,2578.9818373814155,94.90506329113924,2497.443508170721,93.88158227848102
130,2538.499528324796,93.41550632911392,2554.7966078036434,93.25791139240506,2353.4431591673547,94.34113924050632,2461.4964081763956,94.22373417721519,2578.9818373814155,94.90158227848102,2497.443508170721,94.02797468354431
131,2538.499528324796,93.47879746835443,2554.7966078036434,93.06139240506329,2353.4431591673547,94.45253164556962,2461.4964081763956,94.42310126582278,2578.9818373814155,94.94620253164557,2497.443508170721,94.07240506329113
132,2538.499528324796,93.32974683544303,2554.7966078036434,93.2006329113924,2353.4431591673547,94.57056962025317,2461.4964081763956,94.4379746835443,2578.9818373814155,94.55348101265822,2497.443508170721,94.01848101265821
133,2538.499528324796,92.86898734177215,2554.7966078036434,93.19873417721519,2353.4431591673547,94.1746835443038,2461.4964081763956,94.39778481012658,2578.9818373814155,94.95727848101266,2497.443508170721,93.91949367088608
134,2538.499528324796,92.73069620253165,2554.7966078036434,93.4753164556962,2353.4431591673547,94.33449367088608,2461.4964081763956,94.33037974683545,2578.9818373814155,94.79367088607594,2497.443508170721,93.93291139240505
135,2538.499528324796,92.84588607594937,2554.7966078036434,93.45759493670886,2353.4431591673547,94.46930379746836,2461.4964081763956,94.11297468354431,2578.9818373814155,94.60126582278481,2497.443508170721,93.89740506329113
136,2538.499528324796,93.03322784810126,2554.7966078036434,93.72056962025316,2353.4431591673547,94.676582278481,2461.4964081763956,93.52278481012658,2578.9818373814155,94.29905063291139,2497.443508170721,93.8504430379747
137,2538.499528324796,92.89841772151898,2554.7966078036434,93.70664556962025,2353.4431591673547,94.81044303797468,2461.4964081763956,94.10632911392405,2578.9818373814155,94.14588607594936,2497.443508170721,93.93354430379746
138,2538.499528324796,92.57943037974684,2554.7966078036434,93.79905063291139,2353.4431591673547,94.9373417721519,2461.4964081763956,94.30411392405064,2578.9818373814155,94.13132911392405,2497.443508170721,93.95025316455695
139,2538.499528324796,92.77753164556962,2554.7966078036434,93.6753164556962,2353.4431591673547,94.69335443037974,2461.4964081763956,94.13607594936708,2578.9818373814155,94.1243670886076,2497.443508170721,93.88132911392405
140,2538.499528324796,92.97816455696203,2461.340379488518,93.30727848101266,2353.4431591673547,94.46012658227848,2461.4964081763956,93.87468354430379,2578.9818373814155,94.10379746835443,2478.752262507696,93.74481012658228
141,2538.499528324796,93.39683544303797,2461.340379488518,91.82816455696202,2353.4431591673547,94.39050632911392,2461.4964081763956,93.61044303797469,2535.861098031279,94.0996835443038,2470.1281146376687,93.46512658227849
142,2538.499528324796,93.65727848101265,2461.340379488518,92.25537974683544,2353.4431591673547,94.33164556962025,2461.4964081763956,93.91740506329114,2486.6219467989226,94.14113924050633,2460.2802843911973,93.66056962025317
143,2538.499528324796,93.61392405063292,2461.340379488518,92.97753164556963,2353.4431591673547,94.35443037974683,2461.4964081763956,93.84810126582279,2486.6219467989226,94.04525316455697,2460.2802843911973,93.76784810126583
144,2538.499528324796,93.58512658227848,2461.340379488518,93.51107594936708,2353.4431591673547,94.0886075949367,2461.4964081763956,94.06677215189873,2486.6219467989226,93.88512658227847,2460.2802843911973,93.8273417721519
145,2538.499528324796,93.50886075949367,2461.340379488518,93.2993670886076,2353.4431591673547,93.99620253164557,2461.4964081763956,94.28291139240507,2486.6219467989226,93.54715189873417,2460.2802843911973,93.72689873417721
146,2538.499528324796,93.31487341772151,2456.019940514282,93.27848101265823,2353.4431591673547,94.5746835443038,2461.4964081763956,94.16772151898734,2486.6219467989226,93.7629746835443,2459.2161965963505,93.81974683544304
147,2538.499528324796,93.45917721518987,2456.019940514282,92.97879746835443,2333.174973442035,94.15949367088608,2461.4964081763956,94.28164556962025,2486.6219467989226,93.82911392405063,2455.1625594512866,93.74164556962026
148,2538.499528324796,93.27373417721519,2456.019940514282,92.85569620253165,2333.174973442035,94.02151898734178,2461.4964081763956,93.96424050632912,2486.6219467989226,93.96518987341773,2455.1625594512866,93.6160759493671
149,2538.499528324796,93.11012658227848,2456.019940514282,93.06867088607595,2333.174973442035,93.60822784810127,2461.4964081763956,94.36297468354431,2486.6219467989226,93.96107594936709,2455.1625594512866,93.62221518987342
150,2538.499528324796,93.2259493670886,2456.019940514282,92.83987341772152,2333.174973442035,94.35791139240506,2461.4964081763956,94.56012658227849,2453.825460869266,94.07848101265823,2448.603262265355,93.81246835443038
151,2538.499528324796,93.45791139240507,2456.019940514282,93.34398734177215,2333.174973442035,94.7753164556962,2461.4964081763956,94.58164556962025,2453.825460869266,93.96518987341773,2448.603262265355,94.02481012658228
152,2538.499528324796,93.5873417721519,2456.019940514282,93.15569620253164,2333.174973442035,94.7006329113924,2461.4964081763956,94.66740506329114,2453.825460869266,93.69651898734178,2448.603262265355,93.96151898734178
153,2538.499528324796,93.37721518987341,2456.019940514282,92.9253164556962,2314.525806369033,94.6626582278481,2461.4964081763956,94.50822784810127,2453.825460869266,93.88987341772152,2444.8734288507544,93.8726582278481
154,2538.499528324796,93.76898734177215,2456.019940514282,93.04240506329114,2314.525806369033,94.426582278481,2461.4964081763956,94.0509493670886,2453.825460869266,94.1870253164557,2444.8734288507544,93.8951898734177
155,2538.499528324796,93.99018987341772,2456.019940514282,93.44810126582279,2314.525806369033,94.62310126582278,2461.4964081763956,93.93544303797468,2453.825460869266,93.91170886075949,2444.8734288507544,93.9817088607595
156,2538.499528324796,93.99525316455696,2456.019940514282,93.60727848101266,2314.525806369033,94.24715189873417,2461.4964081763956,93.48196202531645,2453.825460869266,94.2123417721519,2444.8734288507544,93.90879746835444
157,2538.499528324796,93.97120253164557,2456.019940514282,93.69303797468355,2314.525806369033,94.13417721518988,2461.4964081763956,93.20569620253164,2453.825460869266,94.36044303797469,2444.8734288507544,93.87291139240507
158,2538.499528324796,93.92721518987342,2456.019940514282,93.29841772151899,2314.525806369033,94.36803797468355,2461.4964081763956,93.3129746835443,2453.825460869266,94.04493670886076,2444.8734288507544,93.79031645569621
159,2538.499528324796,94.07310126582279,2456.019940514282,93.30537974683544,2314.525806369033,94.27056962025317,2461.4964081763956,93.3256329113924,2453.825460869266,93.41708860759493,2444.8734288507544,93.67835443037976
160,2538.499528324796,94.11645569620254,2456.019940514282,93.18417721518988,2314.525806369033,94.07088607594936,2461.4964081763956,93.24525316455696,2453.825460869266,93.66518987341772,2444.8734288507544,93.6563924050633
161,2538.499528324796,94.25411392405063,2456.019940514282,93.25949367088607,2314.525806369033,93.94462025316456,2461.4964081763956,92.66075949367088,2453.825460869266,93.80601265822784,2444.8734288507544,93.585
162,2538.499528324796,94.23955696202532,2456.019940514282,93.28544303797469,2314.525806369033,94.17943037974683,2461.4964081763956,93.37531645569621,2453.825460869266,93.70791139240507,2444.8734288507544,93.75753164556963
163,2538.499528324796,94.18291139240506,2456.019940514282,93.68291139240506,2314.525806369033,93.61708860759494,2461.4964081763956,93.49620253164557,2453.825460869266,93.73924050632911,2444.8734288507544,93.74367088607595
164,2538.499528324796,94.0639240506329,2456.019940514282,93.81835443037974,2314.525806369033,93.46392405063291,2461.4964081763956,93.0373417721519,2453.825460869266,94.08670886075949,2444.8734288507544,93.69405063291137
165,2538.499528324796,94.12405063291139,2456.019940514282,93.56424050632911,2314.525806369033,93.20506329113924,2461.4964081763956,93.18006329113923,2453.825460869266,93.65664556962025,2444.8734288507544,93.54601265822785
166,2538.499528324796,94.20443037974684,2456.019940514282,93.6746835443038,2314.525806369033,93.28132911392404,2461.4964081763956,93.66107594936709,2453.825460869266,93.88575949367089,2444.8734288507544,93.74145569620254
167,2538.499528324796,94.43354430379746,2456.019940514282,94.01867088607595,2314.525806369033,92.81613924050633,2461.4964081763956,93.85506329113925,2453.825460869266,94.11455696202532,2444.8734288507544,93.84759493670886
168,2538.499528324796,94.1126582278481,2456.019940514282,94.2879746835443,2314.525806369033,93.2136075949367,2461.4964081763956,93.70569620253164,2453.825460869266,94.25569620253165,2444.8734288507544,93.91512658227848
169,2538.499528324796,94.53512658227848,2456.019940514282,93.77310126582279,2314.525806369033,92.9389240506329,2461.4964081763956,93.58512658227848,2453.825460869266,94.34462025316456,2444.8734288507544,93.83537974683544
170,2538.499528324796,94.4503164556962,2456.019940514282,93.41645569620253,2314.525806369033,92.79556962025316,2461.4964081763956,93.57310126582279,2453.825460869266,94.71645569620253,2444.8734288507544,93.79037974683544
171,2463.124668548908,94.35696202531645,2456.019940514282,93.62025316455696,2314.525806369033,93.01962025316456,2461.4964081763956,93.49082278481012,2453.825460869266,94.19177215189873,2429.798456895577,93.73588607594937
172,2463.124668548908,94.09810126582279,2456.019940514282,93.51202531645569,2314.525806369033,93.00917721518988,2461.4964081763956,93.50569620253165,2453.825460869266,94.25474683544304,2429.798456895577,93.6759493670886
173,2463.124668548908,94.17341772151899,2456.019940514282,93.2253164556962,2314.525806369033,93.12689873417722,2461.4964081763956,93.65474683544304,2453.825460869266,94.2012658227848,2429.798456895577,93.67632911392406
174,2463.124668548908,94.13892405063291,2456.019940514282,92.82848101265823,2314.525806369033,93.16582278481013,2461.4964081763956,93.77341772151898,2453.825460869266,93.93860759493671,2429.798456895577,93.5690506329114
175,2463.124668548908,94.02658227848102,2456.019940514282,93.19683544303797,2314.525806369033,92.79430379746836,2461.4964081763956,94.051582278481,2453.825460869266,94.198417721519,2429.798456895577,93.65354430379747
176,2463.124668548908,93.78227848101265,2451.2929147865607,93.0117088607595,2314.525806369033,91.8386075949367,2461.4964081763956,94.05822784810127,2453.825460869266,93.89208860759494,2428.8530517500326,93.31658227848102
177,2463.124668548908,93.59620253164557,2451.2929147865607,93.0509493670886,2314.525806369033,92.15727848101265,2461.4964081763956,93.69018987341772,2453.825460869266,94.14873417721519,2428.8530517500326,93.32867088607597
178,2463.124668548908,93.57911392405063,2451.2929147865607,93.00474683544304,2314.525806369033,91.94810126582279,2461.4964081763956,93.81044303797468,2453.825460869266,94.07120253164557,2428.8530517500326,93.28272151898734
179,2418.7551726043216,93.6990506329114,2451.2929147865607,92.49620253164557,2314.525806369033,92.21392405063291,2461.4964081763956,93.55221518987342,2453.825460869266,93.74050632911393,2419.9791525611154,93.14037974683545
180,2418.7551726043216,93.88575949367089,2451.2929147865607,92.64145569620253,2314.525806369033,92.81930379746835,2461.4964081763956,93.27310126582279,2453.825460869266,93.77278481012658,2419.9791525611154,93.27848101265822
181,2418.7551726043216,93.57246835443038,2451.2929147865607,92.95569620253164,2314.525806369033,92.96455696202531,2461.4964081763956,93.40221518987342,2453.825460869266,93.92120253164558,2419.9791525611154,93.36322784810126
182,2418.7551726043216,93.32943037974684,2451.2929147865607,92.90158227848102,2314.525806369033,93.13860759493672,2461.4964081763956,93.72310126582279,2453.825460869266,94.1620253164557,2419.9791525611154,93.45094936708861
183,2418.7551726043216,93.65854430379747,2451.2929147865607,92.5629746835443,2314.525806369033,93.20506329113924,2461.4964081763956,93.95886075949367,2453.825460869266,93.823417721519,2419.9791525611154,93.44177215189873
184,2418.7551726043216,93.81930379746835,2451.2929147865607,92.96550632911392,2314.525806369033,93.04841772151899,2461.4964081763956,93.91075949367088,2453.825460869266,94.09746835443038,2419.9791525611154,93.5682911392405
185,2418.7551726043216,93.53829113924051,2446.177921797939,93.0740506329114,2314.525806369033,93.04810126582278,2461.4964081763956,93.72626582278481,2453.825460869266,94.14810126582279,2418.956153963391,93.50696202531645
186,2415.9106306641,93.93386075949367,2446.177921797939,93.10727848101266,2314.525806369033,93.11297468354431,2461.4964081763956,93.48164556962026,2453.825460869266,94.05791139240506,2418.3872455753467,93.53873417721519
187,2415.9106306641,94.01329113924051,2438.201166741187,93.86424050632911,2314.525806369033,93.11582278481012,2461.4964081763956,93.15664556962025,2453.825460869266,93.98607594936709,2416.7918945639963,93.62721518987341
188,2415.9106306641,93.87278481012659,2438.201166741187,93.80537974683544,2314.525806369033,93.36392405063292,2461.4964081763956,93.3623417721519,2453.825460869266,94.2756329113924,2416.7918945639963,93.73601265822785
189,2415.9106306641,93.85,2438.201166741187,93.93291139240506,2314.525806369033,93.60158227848102,2461.4964081763956,93.22816455696203,2453.825460869266,93.93575949367089,2416.7918945639963,93.7096835443038
190,2302.4746545078888,94.11867088607595,2438.201166741187,94.19082278481012,2314.525806369033,93.82246835443038,2461.4964081763956,93.42278481012659,2453.825460869266,94.04746835443038,2394.104699332754,93.92044303797468
191,2302.4746545078888,93.91392405063291,2438.201166741187,93.94525316455696,2314.525806369033,93.92120253164558,2461.4964081763956,93.64778481012658,2453.825460869266,93.83607594936709,2394.104699332754,93.85284810126583
192,2302.4746545078888,94.00854430379746,2438.201166741187,94.0746835443038,2314.525806369033,93.71518987341773,2461.4964081763956,93.83544303797468,2453.825460869266,94.05917721518988,2394.104699332754,93.93860759493671
193,2302.4746545078888,93.76424050632912,2438.201166741187,94.27658227848102,2314.525806369033,93.78544303797469,2461.4964081763956,93.98449367088608,2441.4851391683346,94.07120253164557,2391.636634992568,93.9763924050633
194,2302.4746545078888,93.48259493670886,2438.201166741187,94.64335443037974,2314.525806369033,93.7246835443038,2461.4964081763956,93.926582278481,2440.8237268902085,93.58924050632912,2391.504352536943,93.87329113924051
195,2302.4746545078888,93.5620253164557,2438.201166741187,94.4503164556962,2314.525806369033,93.7012658227848,2461.4964081763956,93.76329113924051,2404.912977731329,93.47120253164557,2384.322202705167,93.78962025316456
196,2302.4746545078888,93.73259493670886,2438.201166741187,94.05822784810127,2314.525806369033,93.44810126582279,2461.4964081763956,94.0126582278481,2359.251325271141,92.9743670886076,2375.189872213129,93.64518987341772
197,2302.4746545078888,93.79177215189874,2438.201166741187,94.31740506329113,2314.525806369033,93.52943037974684,2461.4964081763956,93.55917721518988,2359.251325271141,92.54113924050633,2375.189872213129,93.54778481012659
198,2302.4746545078888,94.10411392405064,2438.201166741187,94.12974683544304,2314.525806369033,93.75284810126583,2461.4964081763956,93.70158227848101,2359.251325271141,91.59082278481013,2375.189872213129,93.45582278481012
199,2302.4746545078888,94.37816455696202,2438.201166741187,94.15727848101265,2314.525806369033,93.78132911392404,2461.4964081763956,93.78101265822785,2359.251325271141,91.00506329113924,2375.189872213129,93.42056962025315
200,2302.4746545078888,94.11708860759494,2438.201166741187,94.13702531645569,2314.525806369033,93.62246835443038,2461.4964081763956,93.46898734177215,2359.251325271141,91.46075949367089,2375.189872213129,93.36126582278482
201,2302.4746545078888,94.16107594936709,2438.201166741187,94.36708860759494,2314.525806369033,93.75126582278482,2461.4964081763956,94.07373417721519,2359.251325271141,90.97563291139241,2375.189872213129,93.46575949367089
202,2302.4746545078888,94.0503164556962,2438.201166741187,94.29272151898734,2314.525806369033,93.69272151898734,2461.4964081763956,94.28227848101265,2359.251325271141,90.79272151898734,2375.189872213129,93.42215189873417
203,2302.4746545078888,94.14651898734178,2422.4030592120616,94.32025316455696,2314.525806369033,93.64715189873418,2461.4964081763956,94.33227848101266,2359.251325271141,91.15,2372.030250707304,93.51924050632913
204,2302.4746545078888,93.87278481012659,2422.4030592120616,94.21044303797468,2314.525806369033,93.69177215189873,2461.4964081763956,94.54841772151899,2359.251325271141,91.4993670886076,2372.030250707304,93.5645569620253
205,2302.4746545078888,93.9136075949367,2422.4030592120616,94.1003164556962,2314.525806369033,93.35696202531645,2461.4964081763956,94.27816455696203,2235.8364912553357,91.42974683544304,2347.347283904143,93.41575949367088
206,2302.4746545078888,94.30886075949367,2422.4030592120616,93.98987341772153,2314.525806369033,93.07025316455696,2461.4964081763956,94.18259493670887,2235.8364912553357,92.16107594936709,2347.347283904143,93.54253164556962
207,2302.4746545078888,94.30474683544304,2422.4030592120616,94.46835443037975,2314.525806369033,92.9389240506329,2461.4964081763956,94.25949367088607,2235.8364912553357,91.84841772151898,2347.347283904143,93.56398734177215
208,2302.4746545078888,94.54303797468354,2422.4030592120616,94.57879746835442,2314.525806369033,92.84240506329114,2461.4964081763956,94.16962025316455,2235.8364912553357,91.67056962025316,2347.347283904143,93.56088607594937
209,2302.4746545078888,94.37056962025316,2422.4030592120616,94.54113924050633,2314.525806369033,92.58037974683545,2461.4964081763956,94.11803797468355,2235.8364912553357,90.71107594936709,2347.347283904143,93.26424050632912
210,2302.4746545078888,94.5610759493671,2422.4030592120616,94.66455696202532,2314.525806369033,92.71708860759493,2461.4964081763956,94.3990506329114,2235.8364912553357,91.06550632911393,2347.347283904143,93.48145569620253
211,2302.4746545078888,94.2753164556962,2422.4030592120616,94.50474683544304,2314.525806369033,92.54208860759493,2461.4964081763956,94.19683544303797,2235.8364912553357,91.37689873417722,2347.347283904143,93.37917721518988
212,2302.4746545078888,94.15632911392404,2422.4030592120616,94.5126582278481,2297.7340594082016,92.76677215189873,2461.4964081763956,94.21740506329114,2235.8364912553357,91.12531645569621,2343.9889345119764,93.35569620253166
213,2302.4746545078888,94.49177215189873,2422.4030592120616,94.11993670886076,2297.7340594082016,92.97689873417721,2461.4964081763956,94.22151898734177,2235.8364912553357,91.52943037974684,2343.9889345119764,93.46791139240506
214,2302.4746545078888,94.38132911392405,2422.4030592120616,93.90474683544304,2297.7340594082016,92.9003164556962,2461.4964081763956,94.06930379746835,2235.8364912553357,91.5740506329114,2343.9889345119764,93.36594936708862
215,2302.4746545078888,94.25348101265823,2422.4030592120616,93.55253164556962,2297.7340594082016,93.1503164556962,2461.4964081763956,94.26107594936708,2235.8364912553357,92.02911392405063,2343.9889345119764,93.44930379746835
216,2302.4746545078888,93.79493670886076,2422.4030592120616,93.22183544303797,2297.7340594082016,93.06898734177216,2461.4964081763956,93.50158227848101,2235.8364912553357,91.65759493670886,2343.9889345119764,93.04898734177216
217,2302.4746545078888,93.41075949367088,2422.4030592120616,93.57974683544303,2297.7340594082016,93.30601265822784,2461.4964081763956,93.3363924050633,2235.8364912553357,91.7873417721519,2343.9889345119764,93.08405063291139
218,2302.4746545078888,93.2740506329114,2422.4030592120616,93.49493670886076,2297.7340594082016,93.4360759493671,2461.4964081763956,92.51487341772152,2235.8364912553357,91.55221518987342,2343.9889345119764,92.85443037974684
219,2278.3870737185216,92.89746835443037,2422.4030592120616,93.5993670886076,2297.7340594082016,93.65601265822785,2461.4964081763956,93.13322784810127,2235.8364912553357,91.66645569620253,2339.1714183541035,92.99050632911393
220,2278.3870737185216,91.9873417721519,2373.143410737472,93.46803797468354,2297.7340594082016,93.72025316455696,2461.4964081763956,93.21582278481013,2235.8364912553357,91.74588607594937,2329.3194886591855,92.8274683544304
221,2278.3870737185216,92.14493670886075,2361.159681578993,93.23322784810127,2209.515799575645,93.82879746835442,2461.4964081763956,93.34841772151898,2235.8364912553357,91.88702531645569,2309.279090860978,92.88848101265823
222,2202.286883144761,92.0996835443038,2361.159681578993,92.40601265822785,2209.515799575645,93.9379746835443,2461.4964081763956,93.56455696202532,2235.8364912553357,91.72784810126582,2294.059052746226,92.74721518987342
223,2202.286883144761,92.48132911392405,2361.159681578993,92.29398734177215,2209.515799575645,94.05759493670887,2461.4964081763956,93.61993670886076,2235.8364912553357,91.67689873417721,2294.059052746226,92.82594936708861
224,2202.286883144761,92.55,2361.159681578993,92.77879746835443,2209.515799575645,93.87120253164557,2461.4964081763956,93.79240506329114,2235.8364912553357,91.71708860759493,2294.059052746226,92.94189873417722
225,2202.286883144761,92.9120253164557,2361.159681578993,92.25126582278482,2209.515799575645,93.2756329113924,2461.4964081763956,93.47816455696203,2235.8364912553357,91.4870253164557,2294.059052746226,92.68082278481013
226,2176.5922504076257,92.96107594936709,2361.159681578993,91.50917721518988,2209.515799575645,92.65284810126582,2461.4964081763956,93.86044303797469,2235.8364912553357,91.26518987341773,2288.920126198799,92.44974683544305
227,2176.5922504076257,92.85063291139241,2361.159681578993,91.72310126582279,2209.515799575645,92.5246835443038,2461.4964081763956,93.96329113924051,2235.8364912553357,91.60411392405064,2288.920126198799,92.53316455696202
228,2176.5922504076257,92.96012658227848,2361.159681578993,91.6990506329114,2209.515799575645,92.50917721518988,2461.4964081763956,94.27689873417721,2235.8364912553357,91.91677215189874,2288.920126198799,92.67240506329114
229,2176.5922504076257,92.60791139240506,2361.159681578993,91.47373417721519,2136.6356729307813,92.89082278481013,2461.4964081763956,94.13227848101266,2235.8364912553357,91.8006329113924,2274.344100869826,92.58107594936709
230,2176.5922504076257,92.10727848101266,2361.159681578993,91.30917721518988,2136.6356729307813,93.12405063291139,2461.4964081763956,93.36518987341772,2235.8364912553357,92.2746835443038,2274.344100869826,92.4360759493671
231,2176.5922504076257,91.63322784810127,2361.159681578993,91.46898734177215,2136.6356729307813,93.22278481012658,2461.4964081763956,93.01329113924051,2235.8364912553357,92.00284810126583,2274.344100869826,92.26822784810126
232,2176.5922504076257,91.32594936708861,2350.108852546283,91.51139240506329,2136.6356729307813,93.2756329113924,2461.4964081763956,92.88322784810127,2235.8364912553357,92.0993670886076,2272.133935063284,92.21911392405063
233,2176.5922504076257,91.24525316455696,2350.108852546283,91.89018987341773,2136.6356729307813,93.35284810126582,2461.4964081763956,92.68575949367089,2235.8364912553357,91.80696202531645,2272.133935063284,92.19620253164558
234,2176.5922504076257,90.62721518987341,2350.108852546283,92.29746835443038,2136.6356729307813,93.32594936708861,2461.4964081763956,92.35537974683544,2235.8364912553357,91.65569620253164,2272.133935063284,92.05234177215189
235,2176.5922504076257,90.77626582278481,2350.108852546283,92.80664556962026,2136.6356729307813,93.19208860759494,2461.4964081763956,91.8493670886076,2235.8364912553357,91.52721518987342,2272.133935063284,92.0303164556962
236,2176.5922504076257,91.05474683544304,2350.108852546283,93.176582278481,2136.6356729307813,93.1496835443038,2461.4964081763956,91.96835443037975,2235.8364912553357,91.45537974683545,2272.133935063284,92.1609493670886
237,2176.5922504076257,91.1623417721519,2350.108852546283,93.06487341772151,2136.6356729307813,92.97816455696203,2461.4964081763956,91.68322784810127,2235.8364912553357,91.26107594936708,2272.133935063284,92.02993670886076
238,2176.5922504076257,91.2879746835443,2350.108852546283,92.73259493670886,2136.6356729307813,93.68227848101266,2461.4964081763956,91.62689873417722,2235.8364912553357,91.93006329113923,2272.133935063284,92.25196202531646
239,2176.5922504076257,91.05822784810127,2350.108852546283,92.9129746835443,2136.6356729307813,93.74841772151899,2461.4964081763956,91.04493670886076,2235.8364912553357,91.58575949367089,2272.133935063284,92.07006329113923
240,2176.5922504076257,91.08829113924051,2350.108852546283,93.18544303797468,2136.6356729307813,94.05537974683544,2461.4964081763956,91.64303797468355,2235.8364912553357,90.84050632911392,2272.133935063284,92.16253164556962
241,2176.5922504076257,91.38575949367089,2350.108852546283,92.90822784810126,2136.6356729307813,93.99177215189873,2461.4964081763956,92.33987341772152,2234.766848980362,90.29588607594937,2271.9200066082894,92.18430379746835
242,2176.5922504076257,91.35537974683544,2350.108852546283,92.90822784810126,2136.6356729307813,94.00379746835443,2461.4964081763956,92.62468354430379,2218.5211283681856,90.0632911392405,2268.670862485854,92.19107594936709
243,2176.5922504076257,91.61424050632911,2350.108852546283,93.18069620253165,2136.6356729307813,93.56424050632911,2461.4964081763956,92.7753164556962,2218.5211283681856,89.89620253164557,2268.670862485854,92.20613924050633
244,2112.2602513821676,91.66550632911392,2350.108852546283,93.0126582278481,2136.6356729307813,93.68322784810127,2461.4964081763956,92.15537974683544,2218.5211283681856,89.39208860759494,2255.8044626807628,91.98177215189872
245,2112.2602513821676,91.46582278481013,2350.108852546283,93.12246835443038,2136.6356729307813,93.74556962025316,2461.4964081763956,92.21107594936709,2218.5211283681856,89.43322784810127,2255.8044626807628,91.9956329113924
246,2112.2602513821676,91.6879746835443,2350.108852546283,92.8509493670886,2136.6356729307813,93.64335443037974,2461.4964081763956,92.47373417721519,2218.5211283681856,90.14715189873418,2255.8044626807628,92.16063291139241
247,2112.2602513821676,91.53544303797469,2350.108852546283,92.92784810126582,2136.6356729307813,93.91962025316455,2461.4964081763956,92.64873417721519,2218.5211283681856,89.88132911392405,2255.8044626807628,92.18259493670885
248,2112.2602513821676,91.09905063291139,2350.108852546283,93.11518987341772,2136.6356729307813,93.84430379746836,2446.04082911047,92.30664556962026,2217.264817446558,89.8376582278481,2252.462084683252,92.04056962025318
249,2112.2602513821676,91.04145569620253,2350.108852546283,93.09651898734177,2136.6356729307813,93.49556962025316,2446.04082911047,92.26993670886075,2217.264817446558,90.52088607594936,2252.462084683252,92.08487341772152
250,2112.2602513821676,91.54746835443038,2350.108852546283,93.37215189873417,2136.6356729307813,93.38829113924051,2446.04082911047,92.46772151898735,2217.264817446558,89.87753164556962,2252.462084683252,92.1306329113924
251,2112.2602513821676,91.801582278481,2350.108852546283,92.99208860759494,2136.6356729307813,93.45949367088608,2446.04082911047,92.47183544303797,2217.264817446558,89.98544303797469,2252.462084683252,92.14208860759494
252,2112.2602513821676,91.76740506329114,2350.108852546283,93.43322784810127,2136.6356729307813,93.39398734177215,2446.04082911047,92.35506329113925,2217.264817446558,90.45474683544303,2252.462084683252,92.28088607594935
253,2112.2602513821676,91.95696202531646,2350.108852546283,93.25601265822785,2136.6356729307813,93.325,2446.04082911047,92.57183544303797,2217.264817446558,90.90316455696203,2252.462084683252,92.40259493670885
254,2112.2602513821676,91.75664556962025,2350.108852546283,92.77943037974684,2136.6356729307813,93.57373417721519,2436.2113471247612,92.80284810126582,2217.264817446558,90.77626582278481,2250.4961882861103,92.33778481012658
255,2112.2602513821676,91.5129746835443,2350.108852546283,93.05664556962026,2127.760482310429,93.05284810126582,2356.2110100616746,92.823417721519,2217.264817446558,90.74493670886076,2232.7210827494223,92.238164556962
256,2112.2602513821676,91.63639240506329,2256.885540830188,92.97373417721519,2127.760482310429,93.12689873417722,2356.2110100616746,93.09145569620253,2163.276933994424,90.36930379746835,2203.278843715777,92.23955696202532
257,2112.2602513821676,91.69240506329113,2256.885540830188,92.84430379746836,2127.760482310429,93.4493670886076,2356.2110100616746,92.34715189873418,2163.276933994424,90.91993670886076,2203.278843715777,92.2506329113924
258,2112.2602513821676,91.59746835443038,2256.885540830188,92.98544303797469,2127.760482310429,93.27721518987342,2329.559744679765,92.90854430379747,2163.276933994424,91.14525316455696,2197.9485906393948,92.38278481012658
259,2112.2602513821676,91.66487341772152,2256.885540830188,92.76772151898734,2127.760482310429,93.01582278481013,2329.559744679765,92.68987341772151,2160.3997586912174,91.04272151898734,2197.3731555787535,92.23620253164557
260,2112.2602513821676,91.91044303797469,2256.885540830188,92.69398734177216,2127.760482310429,93.06708860759494,2322.742024717136,92.84810126582279,2160.3997586912174,91.51012658227847,2196.0096115862275,92.4059493670886
261,2112.2602513821676,92.6996835443038,2256.885540830188,93.17056962025316,2127.760482310429,93.1882911392405,2322.742024717136,92.60316455696203,2160.3997586912174,91.65348101265823,2196.0096115862275,92.66303797468355
262,2112.2602513821676,92.55854430379746,2256.885540830188,93.40727848101265,2127.760482310429,93.07816455696202,2322.742024717136,92.7136075949367,2160.3997586912174,91.78575949367088,2196.0096115862275,92.70867088607595
263,2112.2602513821676,92.16392405063291,2256.885540830188,93.45727848101266,2127.760482310429,93.2753164556962,2322.742024717136,92.58101265822785,2160.3997586912174,92.20569620253164,2196.0096115862275,92.73664556962026
264,2099.2103754830755,92.12816455696202,2256.885540830188,93.40791139240507,2127.760482310429,92.99240506329114,2322.742024717136,92.27721518987342,2160.3997586912174,92.14620253164557,2193.3996364064087,92.59037974683545
265,2099.2103754830755,91.50031645569621,2256.885540830188,93.48322784810127,2127.760482310429,92.98892405063292,2322.742024717136,92.53987341772152,2160.3997586912174,91.48354430379747,2193.3996364064087,92.3991772151899
266,2027.8788785988195,90.99810126582278,2256.885540830188,93.25854430379746,2127.760482310429,92.89873417721519,2322.742024717136,92.49556962025316,2160.3997586912174,91.46392405063291,2179.133337029558,92.2229746835443
267,2022.8715234549525,89.77753164556962,2256.885540830188,93.65886075949368,2086.701376982775,93.06803797468355,2322.742024717136,91.69177215189873,2160.3997586912174,91.42943037974683,2169.920044935254,91.92512658227847
268,1966.2890107100857,89.06518987341772,2256.885540830188,93.59620253164557,2086.701376982775,92.62373417721518,2322.742024717136,91.31708860759494,2160.3997586912174,91.0626582278481,2158.6035423862804,91.5329746835443
269,1966.2890107100857,88.77848101265823,2256.885540830188,93.77848101265823,2081.036202971906,92.37911392405063,2286.620601080393,91.24145569620254,2160.3997586912174,91.1996835443038,2150.246222856758,91.47544303797469
270,1966.2890107100857,88.66740506329114,2256.885540830188,93.80569620253165,2081.036202971906,91.86740506329114,2256.556795893068,91.11297468354431,2160.3997586912174,90.81518987341772,2144.233461819293,91.2537341772152
271,1966.2890107100857,88.8386075949367,2256.885540830188,93.30253164556962,2081.036202971906,91.66107594936709,2240.2917288300496,90.7246835443038,2160.3997586912174,91.05126582278481,2140.980448406689,91.11563291139241
272,1966.2890107100857,89.00411392405063,2256.4558895846,92.84113924050632,2047.7266711356092,91.6379746835443,2223.408977488072,90.95379746835442,2156.1724832012087,91.20537974683545,2130.0106064239153,91.12848101265823
273,1966.2890107100857,89.67405063291139,2256.4558895846,92.52436708860759,2047.7266711356092,91.87911392405063,2223.408977488072,89.50854430379746,2156.1724832012087,91.57848101265823,2130.0106064239153,91.03291139240505
274,1966.2890107100857,89.34240506329114,2256.4558895846,92.49778481012659,2047.7266711356092,91.48481012658227,2223.408977488072,89.93164556962026,2156.1724832012087,91.9259493670886,2130.0106064239153,91.03651898734176
275,1966.2890107100857,90.00569620253165,2209.6377758741537,91.50917721518988,2047.7266711356092,91.29525316455697,2223.408977488072,90.36962025316456,2148.076857217723,91.87974683544304,2119.0278584851285,91.01189873417721
276,1966.2890107100857,90.28481012658227,2209.6377758741537,90.92088607594937,2047.7266711356092,91.57278481012658,2223.408977488072,90.83101265822785,2148.076857217723,92.37531645569621,2119.0278584851285,91.19696202531645
277,1966.2890107100857,90.61835443037975,2209.6377758741537,91.44177215189873,2047.7266711356092,91.22120253164557,2223.408977488072,90.8632911392405,2148.076857217723,92.30316455696203,2119.0278584851285,91.28955696202533
278,1966.2890107100857,90.74873417721518,2209.6377758741537,91.42278481012659,2047.7266711356092,91.06424050632911,2223.408977488072,90.61993670886076,2148.076857217723,91.9493670886076,2119.0278584851285,91.16101265822783
279,1966.2890107100857,90.86075949367088,2209.6377758741537,91.77626582278481,2047.7266711356092,91.06803797468355,2223.408977488072,90.35981012658227,2148.076857217723,92.0256329113924,2119.0278584851285,91.21810126582278
280,1966.2890107100857,90.52594936708861,2209.6377758741537,91.76962025316456,2032.441516106127,91.14873417721519,2223.408977488072,90.52848101265823,2148.076857217723,92.40379746835443,2115.970827479232,91.2753164556962
281,1966.2890107100857,90.64651898734178,2209.6377758741537,91.35316455696203,2032.441516106127,90.03987341772152,2223.408977488072,90.79746835443038,2148.076857217723,92.69810126582279,2115.970827479232,91.10702531645572
282,1966.2890107100857,90.65,2209.6377758741537,91.62911392405063,1950.6552245007815,90.36139240506328,2223.408977488072,91.2623417721519,2148.076857217723,92.81613924050633,2099.613569158163,91.34379746835444
283,1966.2890107100857,90.39588607594936,2209.6377758741537,92.00474683544304,1950.6552245007815,90.51962025316456,2223.408977488072,91.44556962025317,2148.076857217723,92.9753164556962,2099.613569158163,91.46822784810126
284,1966.2890107100857,90.54050632911392,2209.6377758741537,92.00632911392405,1950.6552245007815,90.6506329113924,2223.408977488072,91.45506329113924,2148.076857217723,92.80886075949367,2099.613569158163,91.49227848101266
285,1966.2890107100857,90.1636075949367,2209.6377758741537,92.11582278481012,1857.6103748259452,90.91962025316455,2223.408977488072,91.46012658227848,2148.076857217723,92.98164556962026,2081.004599223196,91.52816455696203
286,1966.2890107100857,90.13575949367089,2209.6377758741537,92.15316455696203,1857.6103748259452,90.89493670886075,2223.408977488072,91.75443037974684,2148.076857217723,93.09208860759493,2081.004599223196,91.60607594936708
287,1966.2890107100857,90.14018987341773,2209.6377758741537,92.26329113924051,1857.6103748259452,90.66582278481013,2223.408977488072,92.10696202531645,2148.076857217723,93.13829113924051,2081.004599223196,91.66291139240505
288,1966.2890107100857,90.29841772151899,2209.6377758741537,92.325,1857.6103748259452,89.9620253164557,2223.408977488072,91.9,2148.076857217723,92.28386075949368,2081.004599223196,91.35386075949368
289,1966.2890107100857,90.35759493670886,2209.6377758741537,92.42974683544304,1857.6103748259452,89.88860759493672,2223.408977488072,91.78386075949368,2148.076857217723,92.64177215189873,2081.004599223196,91.42031645569621
290,1966.2890107100857,90.67151898734177,2209.6377758741537,92.55664556962026,1857.6103748259452,89.72405063291139,2223.408977488072,91.7246835443038,2148.076857217723,92.42120253164558,2081.004599223196,91.41962025316455
291,1966.2890107100857,90.59177215189874,2209.6377758741537,92.23449367088608,1857.6103748259452,89.64746835443037,2223.408977488072,91.60632911392405,2148.076857217723,93.11613924050633,2081.004599223196,91.43924050632911
292,1966.2890107100857,90.48449367088608,2209.6377758741537,92.76139240506329,1857.6103748259452,89.79398734177215,2223.408977488072,91.8876582278481,2148.076857217723,92.89272151898734,2081.004599223196,91.56405063291139
293,1966.2890107100857,90.58449367088608,2209.6377758741537,92.50949367088607,1857.6103748259452,90.20189873417722,2204.1062688862057,92.1756329113924,2148.076857217723,92.70886075949367,2077.1440575028223,91.6360759493671
294,1966.2890107100857,90.83892405063291,2209.6377758741537,92.79430379746836,1857.6103748259452,89.98481012658227,2204.1062688862057,91.95284810126583,2148.076857217723,93.02278481012658,2077.1440575028223,91.7187341772152
295,1966.2890107100857,90.85537974683544,2209.6377758741537,93.12943037974684,1857.6103748259452,89.76392405063291,2204.1062688862057,92.1626582278481,2148.076857217723,93.13607594936708,2077.1440575028223,91.80949367088607
296,1966.2890107100857,91.26930379746835,2209.6377758741537,92.89683544303797,1857.6103748259452,89.87405063291139,2204.1062688862057,92.20316455696202,2117.1678827200026,92.87658227848101,2070.9622626032788,91.82398734177215
297,1966.2890107100857,91.26898734177215,2209.6377758741537,92.68101265822784,1857.6103748259452,90.0639240506329,2204.1062688862057,91.85221518987342,2117.1678827200026,92.2886075949367,2070.9622626032788,91.6309493670886
298,1966.2890107100857,90.98322784810127,2209.6377758741537,92.62658227848101,1857.6103748259452,90.75443037974684,2204.1062688862057,92.24240506329114,2117.1678827200026,91.5506329113924,2070.9622626032788,91.63145569620254
299,1966.2890107100857,91.11170886075949,2167.2107805585388,92.48386075949367,1857.6103748259452,91.10854430379747,2204.1062688862057,92.64145569620253,2117.1678827200026,90.37943037974684,2062.4768635401556,91.545
300,1966.2890107100857,91.10537974683544,2167.2107805585388,92.4503164556962,1857.6103748259452,91.31835443037974,2204.1062688862057,92.12405063291139,2117.1678827200026,90.34778481012658,2062.4768635401556,91.46917721518987
301,1966.2890107100857,91.24841772151899,2167.2107805585388,92.56075949367089,1857.6103748259452,91.15759493670886,2204.1062688862057,92.25411392405063,2117.1678827200026,90.49778481012659,2062.4768635401556,91.54373417721519
302,1966.2890107100857,91.07753164556962,2167.2107805585388,92.41898734177215,1857.6103748259452,91.43512658227849,2204.1062688862057,91.74588607594937,2117.1678827200026,91.48481012658227,2062.4768635401556,91.63246835443039
303,1966.2890107100857,91.31740506329113,2167.2107805585388,91.65696202531646,1857.6103748259452,91.65126582278481,2204.1062688862057,91.59905063291139,2117.1678827200026,92.17341772151899,2062.4768635401556,91.67962025316456
304,1966.2890107100857,91.15822784810126,2167.2107805585388,91.62658227848101,1857.6103748259452,91.6120253164557,2204.1062688862057,92.26930379746835,2117.1678827200026,91.76772151898734,2062.4768635401556,91.68677215189874
305,1966.2890107100857,91.39430379746835,2167.2107805585388,91.95886075949367,1857.6103748259452,92.22911392405064,2204.1062688862057,92.21962025316456,2074.5898636407887,92.08417721518987,2053.961259724313,91.97721518987342
306,1966.2890107100857,91.18322784810127,2167.2107805585388,91.7870253164557,1857.6103748259452,92.61930379746835,2204.1062688862057,90.99525316455696,2034.5839572882526,91.63101265822785,2045.9600784538056,91.64316455696203
307,1966.2890107100857,91.65221518987342,2167.2107805585388,91.91392405063291,1857.6103748259452,92.86962025316456,2204.1062688862057,90.79335443037975,2034.5839572882526,92.0363924050633,2045.9600784538056,91.85310126582279
308,1966.2890107100857,91.42848101265822,2167.2107805585388,91.97183544303797,1857.6103748259452,92.97974683544304,2204.1062688862057,91.25348101265823,1994.3182592392761,91.79778481012659,2037.9069388440105,91.88626582278482
309,1966.2890107100857,91.6867088607595,2167.2107805585388,92.03670886075949,1857.6103748259452,92.72310126582279,2204.1062688862057,91.76772151898734,1994.3182592392761,91.67848101265822,2037.9069388440105,91.97854430379746
310,1966.2890107100857,91.62943037974684,2167.2107805585388,92.27056962025317,1857.6103748259452,92.60601265822785,2204.1062688862057,91.07753164556962,1994.3182592392761,91.1889240506329,2037.9069388440105,91.75449367088608
311,1966.2890107100857,91.09303797468354,2157.8546839258033,92.29588607594937,1857.6103748259452,92.86139240506328,2204.1062688862057,90.7243670886076,1994.3182592392761,90.90822784810126,2036.0357195174633,91.57658227848101
312,1966.2890107100857,91.40094936708861,2156.4273444192436,91.73417721518987,1857.6103748259452,92.89272151898734,2204.1062688862057,90.53924050632911,1994.3182592392761,91.06677215189873,2035.7502516161512,91.52677215189874
313,1966.2890107100857,91.25569620253165,2156.4273444192436,91.69335443037974,1857.6103748259452,92.95094936708861,2204.1062688862057,90.74525316455696,1994.3182592392761,90.83607594936709,2035.7502516161512,91.4962658227848
314,1966.2890107100857,91.17278481012659,2156.4273444192436,91.60253164556963,1857.6103748259452,93.09462025316456,2204.1062688862057,91.325,1994.3182592392761,90.46107594936709,2035.7502516161512,91.53120253164556
315,1966.2890107100857,91.32246835443038,2156.4273444192436,91.51360759493672,1857.6103748259452,93.20379746835442,2204.1062688862057,91.67025316455697,1994.3182592392761,90.45664556962025,2035.7502516161512,91.63335443037975
316,1966.2890107100857,91.21772151898735,2156.4273444192436,91.5873417721519,1857.6103748259452,93.15632911392404,2204.1062688862057,91.6743670886076,1994.3182592392761,89.9623417721519,2035.7502516161512,91.51962025316456
317,1966.2890107100857,91.10569620253165,2156.4273444192436,91.81360759493671,1857.6103748259452,93.0386075949367,2204.1062688862057,91.40379746835443,1994.3182592392761,90.34746835443038,2035.7502516161512,91.54183544303797
318,1966.2890107100857,90.9259493670886,2129.655620372299,91.83006329113924,1857.6103748259452,93.22310126582279,2204.1062688862057,91.6737341772152,1994.3182592392761,90.44177215189873,2030.3959068067622,91.6189240506329
319,1966.2890107100857,90.45917721518987,2129.655620372299,92.0610759493671,1857.6103748259452,93.08101265822785,2204.1062688862057,91.44145569620254,1994.3182592392761,89.93512658227849,2030.3959068067622,91.39556962025316
320,1856.8390860123013,89.74810126582278,2129.655620372299,92.22784810126582,1857.6103748259452,92.64588607594936,2204.1062688862057,91.50031645569621,1994.3182592392761,89.93955696202532,2008.5059218672056,91.2123417721519
321,1856.8390860123013,89.81898734177216,2129.655620372299,92.1256329113924,1857.6103748259452,92.30348101265822,2204.1062688862057,91.45917721518987,1994.3182592392761,89.14873417721519,2008.5059218672056,90.97120253164556
322,1856.8390860123013,89.71329113924051,2129.655620372299,91.52246835443037,1857.6103748259452,92.2993670886076,2204.1062688862057,91.65158227848102,1994.3182592392761,88.99651898734177,2008.5059218672056,90.83664556962026
323,1856.8390860123013,90.16518987341772,2129.655620372299,91.7243670886076,1857.6103748259452,92.67721518987342,2204.1062688862057,91.60506329113925,1994.3182592392761,89.09113924050632,2008.5059218672056,91.05259493670886
324,1856.8390860123013,90.48386075949367,2129.655620372299,91.55126582278481,1857.6103748259452,92.45981012658228,2204.1062688862057,91.56708860759494,1994.3182592392761,89.30854430379746,2008.5059218672056,91.07411392405064
325,1856.8390860123013,90.61708860759494,2118.6730169755037,91.49905063291139,1857.6103748259452,92.70981012658228,2204.1062688862057,92.27626582278481,1994.3182592392761,89.03164556962025,2006.3094011878463,91.22677215189873
326,1856.8390860123013,91.0253164556962,2036.1206927936657,91.05981012658228,1857.6103748259452,92.87848101265823,2204.1062688862057,92.25601265822785,1994.3182592392761,89.77056962025317,1989.798936351479,91.39803797468355
327,1856.8390860123013,91.20158227848101,2036.1206927936657,91.34715189873418,1857.6103748259452,92.823417721519,2204.1062688862057,92.37689873417722,1993.0108138998307,90.09240506329114,1989.5374472835897,91.5682911392405
328,1856.8390860123013,91.24556962025316,2036.1206927936657,91.42879746835443,1857.6103748259452,92.93164556962026,2204.1062688862057,92.44588607594936,1993.0108138998307,90.57816455696202,1989.5374472835897,91.72601265822786
329,1856.8390860123013,91.53512658227848,2036.1206927936657,91.19082278481012,1857.6103748259452,92.85791139240506,2204.1062688862057,92.73544303797469,1993.0108138998307,90.72183544303797,1989.5374472835897,91.80822784810127
330,1856.8390860123013,92.02373417721519,2036.1206927936657,91.16677215189874,1857.6103748259452,92.64493670886075,2204.1062688862057,92.66455696202532,1993.0108138998307,90.7259493670886,1989.5374472835897,91.84518987341772
331,1856.8390860123013,92.3129746835443,2036.1206927936657,90.41170886075949,1857.6103748259452,92.75221518987341,2204.1062688862057,92.62120253164557,1993.0108138998307,90.58417721518987,1989.5374472835897,91.73645569620253
332,1856.8390860123013,92.5256329113924,2036.1206927936657,90.83101265822785,1857.6103748259452,92.70379746835442,2204.1062688862057,92.89398734177215,1993.0108138998307,90.73386075949367,1989.5374472835897,91.93765822784809
333,1856.8390860123013,92.41930379746836,2036.1206927936657,90.65632911392404,1857.6103748259452,92.77341772151898,2204.1062688862057,92.66075949367088,1993.0108138998307,91.13196202531645,1989.5374472835897,91.92835443037974
334,1856.8390860123013,92.29240506329114,2036.1206927936657,90.40221518987342,1857.6103748259452,92.35917721518987,2204.1062688862057,92.88955696202531,1993.0108138998307,90.56740506329113,1989.5374472835897,91.70215189873417
335,1856.8390860123013,92.5876582278481,2036.1206927936657,91.14588607594936,1857.6103748259452,92.4993670886076,2204.1062688862057,92.6867088607595,1993.0108138998307,90.5610759493671,1989.5374472835897,91.89613924050633
336,1856.8390860123013,92.8110759493671,2036.1206927936657,90.69177215189873,1857.6103748259452,92.10506329113925,2204.1062688862057,92.13132911392405,1993.0108138998307,90.96867088607596,1989.5374472835897,91.74158227848102
337,1856.8390860123013,93.01487341772152,2036.1206927936657,90.66772151898734,1857.6103748259452,92.12025316455696,2204.1062688862057,92.48955696202532,1993.0108138998307,90.45949367088608,1989.5374472835897,91.75037974683543
338,1856.8390860123013,92.74240506329114,2036.1206927936657,91.21867088607596,1857.6103748259452,92.56708860759494,2204.1062688862057,93.29746835443038,1993.0108138998307,90.6620253164557,1989.5374472835897,92.09753164556962
339,1856.8390860123013,92.66329113924051,2036.1206927936657,91.06487341772151,1857.6103748259452,92.21835443037975,2204.1062688862057,93.2879746835443,1993.0108138998307,90.83132911392406,1989.5374472835897,92.01316455696204
340,1856.8390860123013,92.64873417721519,2036.1206927936657,90.95664556962025,1857.6103748259452,92.39240506329114,2204.1062688862057,93.26139240506329,1993.0108138998307,90.68069620253165,1989.5374472835897,91.98797468354431
341,1856.8390860123013,92.8493670886076,2036.1206927936657,90.62626582278482,1857.6103748259452,92.47848101265822,2204.1062688862057,93.4629746835443,1993.0108138998307,91.12183544303798,1989.5374472835897,92.10778481012657
342,1856.8390860123013,92.28259493670886,2036.1206927936657,90.46645569620253,1857.6103748259452,92.48924050632911,2204.1062688862057,92.91772151898734,1993.0108138998307,90.91708860759493,1989.5374472835897,91.81462025316455
343,1856.8390860123013,91.99398734177215,2036.1206927936657,89.81613924050633,1857.6103748259452,92.54905063291139,2204.1062688862057,93.33101265822785,1993.0108138998307,90.73322784810127,1989.5374472835897,91.6846835443038
344,1856.8390860123013,92.3120253164557,2034.033479925208,89.14208860759494,1857.6103748259452,92.67784810126582,2204.1062688862057,93.51962025316456,1993.0108138998307,91.14367088607595,1989.1200047098985,91.75905063291141
345,1856.8390860123013,92.03892405063291,2034.033479925208,89.9746835443038,1857.6103748259452,92.57594936708861,2204.1062688862057,92.95601265822785,1993.0108138998307,90.47879746835443,1989.1200047098985,91.60487341772152
346,1856.8390860123013,91.89240506329114,1986.8172177531922,90.00411392405063,1857.6103748259452,92.76424050632912,2204.1062688862057,93.7136075949367,1963.7493697424852,90.39050632911392,1973.824463444026,91.7529746835443
347,1856.8390860123013,92.10158227848102,1986.8172177531922,88.68132911392405,1857.6103748259452,92.51835443037974,2204.1062688862057,93.88259493670886,1963.7493697424852,91.04145569620253,1973.824463444026,91.64506329113925
348,1856.8390860123013,92.53291139240507,1986.8172177531922,87.82848101265823,1857.6103748259452,92.89556962025317,2204.1062688862057,93.3509493670886,1963.7493697424852,90.79810126582278,1973.824463444026,91.48120253164556
349,1856.8390860123013,92.25822784810127,1986.8172177531922,87.13069620253165,1857.6103748259452,92.67278481012659,2204.1062688862057,93.4129746835443,1963.7493697424852,90.87056962025316,1973.824463444026,91.26905063291139
350,1856.8390860123013,92.15917721518987,1986.8172177531922,87.40886075949368,1857.6103748259452,92.85791139240506,2204.1062688862057,93.95189873417722,1963.7493697424852,90.79651898734177,1973.824463444026,91.43487341772152
351,1856.8390860123013,91.5740506329114,1986.8172177531922,88.49272151898734,1857.6103748259452,92.94683544303797,2204.1062688862057,93.66392405063291,1963.7493697424852,90.15379746835443,1973.824463444026,91.36626582278481
352,1856.8390860123013,91.62689873417722,1986.8172177531922,89.16803797468354,1857.6103748259452,93.4113924050633,2204.1062688862057,93.89050632911392,1963.7493697424852,90.26202531645569,1973.824463444026,91.67177215189872
353,1856.8390860123013,91.8620253164557,1986.8172177531922,88.58512658227848,1857.6103748259452,93.22088607594937,2204.1062688862057,94.10474683544304,1946.8671698812786,89.59715189873418,1970.4480234717848,91.47398734177216
354,1856.8390860123013,92.12341772151899,1986.8172177531922,88.32278481012658,1857.6103748259452,93.0870253164557,2204.1062688862057,94.20158227848101,1946.8671698812786,90.14525316455696,1970.4480234717848,91.57601265822784
355,1856.8390860123013,92.50822784810127,1986.8172177531922,88.96962025316456,1857.6103748259452,93.35886075949367,2204.1062688862057,94.14683544303797,1946.8671698812786,89.74367088607595,1970.4480234717848,91.74544303797468
356,1856.8390860123013,92.56139240506329,1986.8172177531922,88.77025316455696,1857.6103748259452,93.09651898734177,2204.1062688862057,94.00727848101266,1946.8671698812786,90.24367088607595,1970.4480234717848,91.73582278481013
357,1856.8390860123013,93.11613924050633,1986.8172177531922,88.69430379746835,1857.6103748259452,92.75759493670886,2204.1062688862057,94.17879746835443,1946.8671698812786,90.2003164556962,1970.4480234717848,91.78943037974685
358,1856.8390860123013,92.9379746835443,1986.8172177531922,89.15917721518987,1857.6103748259452,92.69208860759494,2204.1062688862057,93.81740506329113,1946.8671698812786,88.98101265822785,1970.4480234717848,91.51753164556962
359,1856.8390860123013,92.72373417721519,1986.8172177531922,89.76455696202531,1857.6103748259452,92.051582278481,2204.1062688862057,93.98987341772153,1946.8671698812786,88.41518987341772,1970.4480234717848,91.38898734177215
360,1856.8390860123013,92.56803797468355,1986.8172177531922,90.38512658227847,1857.6103748259452,92.2863924050633,2204.1062688862057,93.80506329113923,1934.0448573386989,88.90791139240507,1967.8835609632686,91.59050632911392
361,1856.8390860123013,92.35348101265822,1986.8172177531922,90.45379746835442,1857.6103748259452,92.66740506329114,2204.1062688862057,94.27341772151898,1934.0448573386989,88.7120253164557,1967.8835609632686,91.6920253164557
362,1856.8390860123013,92.05664556962026,1986.8172177531922,90.43417721518988,1857.6103748259452,92.55126582278481,2204.1062688862057,94.09810126582279,1934.0448573386989,89.22753164556963,1967.8835609632686,91.67354430379746
363,1856.8390860123013,91.14841772151898,1986.8172177531922,90.22341772151898,1857.6103748259452,92.8370253164557,2204.1062688862057,93.948417721519,1934.0448573386989,89.09145569620253,1967.8835609632686,91.44974683544304
364,1856.8390860123013,91.03512658227848,1986.8172177531922,90.17879746835443,1857.6103748259452,92.86740506329114,2204.1062688862057,93.49050632911393,1934.0448573386989,89.25506329113924,1967.8835609632686,91.36537974683544
365,1856.8390860123013,91.17246835443038,1986.8172177531922,90.73101265822785,1857.6103748259452,92.78512658227848,2204.1062688862057,92.69493670886077,1934.0448573386989,89.06708860759494,1967.8835609632686,91.29012658227848
366,1856.8390860123013,91.98512658227848,1986.8172177531922,90.2753164556962,1857.6103748259452,93.22341772151898,2204.1062688862057,92.31772151898734,1934.0448573386989,89.24525316455696,1967.8835609632686,91.4093670886076
367,1856.8390860123013,92.45759493670886,1986.8172177531922,90.07753164556962,1857.6103748259452,93.27974683544304,2204.1062688862057,92.92848101265822,1934.0448573386989,89.05348101265822,1967.8835609632686,91.55936708860759
368,1856.8390860123013,92.62341772151899,1986.8172177531922,89.45569620253164,1857.6103748259452,93.19588607594936,2204.1062688862057,93.02151898734178,1934.0448573386989,89.27784810126582,1967.8835609632686,91.51487341772152
369,1856.8390860123013,92.5370253164557,1986.8172177531922,89.23924050632911,1857.6103748259452,93.01962025316456,2204.1062688862057,93.09620253164557,1934.0448573386989,88.37151898734177,1967.8835609632686,91.25272151898734
370,1856.8390860123013,92.37405063291139,1986.8172177531922,88.92816455696203,1857.6103748259452,92.98544303797469,2204.1062688862057,93.30886075949367,1934.0448573386989,88.99303797468355,1967.8835609632686,91.31791139240507
371,1856.8390860123013,92.57879746835442,1986.8172177531922,89.43860759493671,1857.6103748259452,93.23069620253165,2204.1062688862057,93.46582278481013,1934.0448573386989,89.37531645569621,1967.8835609632686,91.61784810126582
372,1856.8390860123013,92.46455696202531,1986.8172177531922,89.66803797468354,1857.6103748259452,93.5743670886076,2204.1062688862057,93.79208860759493,1934.0448573386989,89.86772151898734,1967.8835609632686,91.87335443037973
373,1856.8390860123013,91.75727848101266,1986.8172177531922,89.94746835443038,1857.6103748259452,93.90759493670886,2204.1062688862057,93.63481012658228,1934.0448573386989,89.46835443037975,1967.8835609632686,91.74310126582279
374,1856.8390860123013,91.75759493670886,1986.8172177531922,89.70569620253164,1857.6103748259452,93.7756329113924,2204.1062688862057,93.575,1934.0448573386989,89.5753164556962,1967.8835609632686,91.67784810126582
375,1856.8390860123013,91.63037974683544,1986.8172177531922,89.81044303797468,1857.6103748259452,94.10158227848102,2204.1062688862057,93.96582278481013,1934.0448573386989,89.57310126582279,1967.8835609632686,91.81626582278481
376,1856.8390860123013,92.0886075949367,1986.8172177531922,90.025,1857.6103748259452,94.06645569620254,2204.1062688862057,93.77879746835443,1934.0448573386989,90.05126582278481,1967.8835609632686,92.00202531645569
377,1856.8390860123013,92.05,1986.8172177531922,90.43575949367089,1857.6103748259452,94.04050632911392,2204.1062688862057,94.00284810126583,1934.0448573386989,89.29525316455697,1967.8835609632686,91.96487341772152
378,1856.8390860123013,91.27626582278481,1986.8172177531922,90.6503164556962,1857.6103748259452,93.75696202531645,2204.1062688862057,93.9746835443038,1934.0448573386989,88.98607594936709,1967.8835609632686,91.72886075949367
379,1856.8390860123013,92.20981012658228,1986.8172177531922,91.15126582278481,1857.6103748259452,93.948417721519,2204.1062688862057,94.22753164556963,1934.0448573386989,90.26202531645569,1967.8835609632686,92.35981012658229
380,1856.8390860123013,92.12531645569621,1986.8172177531922,91.40253164556962,1857.6103748259452,93.90474683544304,2204.1062688862057,94.44050632911393,1934.0448573386989,90.26075949367089,1967.8835609632686,92.42677215189873
381,1856.8390860123013,91.41898734177215,1986.8172177531922,91.14525316455696,1857.6103748259452,93.91487341772152,2204.1062688862057,94.57215189873418,1934.0448573386989,90.86360759493671,1967.8835609632686,92.38297468354429
382,1856.8390860123013,91.34620253164557,1986.8172177531922,92.05601265822784,1857.6103748259452,93.90284810126582,2204.1062688862057,94.5746835443038,1934.0448573386989,90.82911392405063,1967.8835609632686,92.54177215189873
383,1856.8390860123013,91.25158227848101,1986.8172177531922,92.1993670886076,1857.6103748259452,93.26550632911392,2204.1062688862057,94.53575949367088,1934.0448573386989,90.14303797468355,1967.8835609632686,92.27905063291139
384,1856.8390860123013,91.04493670886076,1986.8172177531922,92.31772151898734,1857.6103748259452,92.96645569620253,2204.1062688862057,94.49082278481012,1934.0448573386989,90.09620253164557,1967.8835609632686,92.18322784810127
385,1856.8390860123013,90.68006329113923,1986.8172177531922,92.12056962025316,1857.6103748259452,93.09367088607596,2204.1062688862057,94.63639240506329,1934.0448573386989,90.23544303797469,1967.8835609632686,92.15322784810127
386,1856.8390860123013,91.07056962025317,1986.8172177531922,92.20284810126583,1857.6103748259452,93.2123417721519,2204.1062688862057,94.54525316455697,1934.0448573386989,90.58544303797468,1967.8835609632686,92.32329113924052
387,1856.8390860123013,91.22341772151898,1986.8172177531922,91.79462025316455,1857.6103748259452,92.45411392405063,2204.1062688862057,94.44683544303797,1934.0448573386989,90.04493670886076,1967.8835609632686,91.99278481012658
388,1856.8390860123013,91.81518987341772,1986.8172177531922,91.46930379746836,1857.6103748259452,92.57689873417722,2204.1062688862057,94.70886075949367,1934.0448573386989,90.14778481012658,1967.8835609632686,92.14360759493673
389,1856.8390860123013,91.90126582278481,1986.8172177531922,91.16075949367088,1857.6103748259452,92.77658227848102,2204.1062688862057,94.29398734177215,1934.0448573386989,89.66455696202532,1967.8835609632686,91.95943037974682
390,1856.8390860123013,92.21772151898735,1986.8172177531922,91.1243670886076,1857.6103748259452,92.57721518987341,2204.1062688862057,94.57784810126583,1909.5627055078717,89.32278481012658,1962.9871305971033,91.96398734177215
391,1856.8390860123013,92.04177215189874,1986.8172177531922,90.90189873417721,1857.6103748259452,92.7373417721519,2204.1062688862057,94.6243670886076,1905.3112990905147,89.83196202531646,1962.1368493136317,92.02746835443037
392,1856.8390860123013,91.91424050632911,1986.8172177531922,91.45727848101266,1857.6103748259452,92.7006329113924,2204.1062688862057,94.6990506329114,1905.3112990905147,90.30981012658228,1962.1368493136317,92.21620253164558
393,1856.8390860123013,92.41044303797469,1986.8172177531922,91.18575949367089,1857.6103748259452,93.02151898734178,2204.1062688862057,94.6132911392405,1905.3112990905147,90.3126582278481,1962.1368493136317,92.3087341772152
394,1856.8390860123013,92.2746835443038,1986.8172177531922,91.24398734177215,1857.6103748259452,92.84588607594937,2204.1062688862057,94.57310126582279,1905.3112990905147,90.47151898734177,1962.1368493136317,92.28183544303798
395,1856.8390860123013,92.45696202531646,1986.8172177531922,91.34082278481013,1857.6103748259452,92.89367088607595,2204.1062688862057,94.63006329113924,1905.3112990905147,90.41550632911392,1962.1368493136317,92.34740506329112
396,1856.8390860123013,92.64430379746835,1986.8172177531922,91.05601265822784,1857.6103748259452,93.28607594936709,2204.1062688862057,94.69082278481012,1905.3112990905147,90.55949367088607,1962.1368493136317,92.44734177215189
397,1856.8390860123013,92.78544303797469,1986.8172177531922,90.88892405063291,1857.6103748259452,92.77848101265823,2204.1062688862057,94.56455696202532,1905.3112990905147,89.93639240506329,1962.1368493136317,92.19075949367088
398,1856.8390860123013,92.83322784810126,1986.8172177531922,90.83607594936709,1857.6103748259452,92.96044303797468,2204.1062688862057,94.60854430379747,1905.3112990905147,90.31424050632911,1962.1368493136317,92.31050632911392
399,1856.8390860123013,92.63006329113924,1986.8172177531922,90.90316455696203,1857.6103748259452,93.44303797468355,2204.1062688862057,94.79018987341772,1905.3112990905147,90.17215189873417,1962.1368493136317,92.38772151898733
400,1856.8390860123013,92.40854430379747,1986.8172177531922,91.46772151898735,1857.6103748259452,93.62056962025316,2204.1062688862057,94.52848101265823,1905.3112990905147,89.55537974683544,1962.1368493136317,92.31613924050633
401,1856.8390860123013,92.33354430379747,1986.8172177531922,91.26455696202531,1857.6103748259452,93.59651898734177,2204.1062688862057,94.57373417721519,1905.3112990905147,89.79335443037975,1962.1368493136317,92.3123417721519
402,1856.8390860123013,92.38702531645569,1986.8172177531922,91.5626582278481,1857.6103748259452,93.2253164556962,2204.1062688862057,94.60569620253165,1905.3112990905147,90.09050632911392,1962.1368493136317,92.37424050632912
403,1856.8390860123013,92.71645569620253,1986.8172177531922,91.67120253164558,1857.6103748259452,92.64208860759494,2204.1062688862057,94.69082278481012,1905.3112990905147,89.98164556962026,1962.1368493136317,92.34044303797468
404,1856.8390860123013,92.51867088607595,1986.8172177531922,91.76075949367089,1857.6103748259452,93.36613924050633,2204.1062688862057,94.82721518987341,1905.3112990905147,90.50569620253165,1962.1368493136317,92.59569620253164
405,1856.8390860123013,92.33227848101266,1986.8172177531922,91.97120253164557,1857.6103748259452,93.49082278481012,2204.1062688862057,95.07594936708861,1905.3112990905147,90.58227848101266,1962.1368493136317,92.69050632911393
406,1856.8390860123013,92.5240506329114,1986.8172177531922,91.43987341772151,1857.6103748259452,93.50506329113924,2204.1062688862057,94.8,1905.3112990905147,90.57025316455696,1962.1368493136317,92.56784810126582
407,1856.8390860123013,92.28069620253164,1986.8172177531922,91.81455696202532,1857.6103748259452,93.85189873417721,2204.1062688862057,94.5863924050633,1905.3112990905147,90.83892405063291,1962.1368493136317,92.67449367088608
408,1856.8390860123013,92.3240506329114,1986.8172177531922,92.24303797468355,1857.6103748259452,93.92689873417721,2204.1062688862057,94.50474683544304,1905.3112990905147,90.62025316455696,1962.1368493136317,92.72379746835443
409,1856.8390860123013,92.36392405063292,1986.8172177531922,92.80759493670887,1857.6103748259452,94.30379746835443,2204.1062688862057,94.78607594936709,1905.3112990905147,90.98924050632911,1962.1368493136317,93.05012658227848
410,1856.8390860123013,92.45759493670886,1986.8172177531922,92.46835443037975,1857.6103748259452,93.98987341772153,2204.1062688862057,94.90221518987342,1905.3112990905147,91.14082278481013,1962.1368493136317,92.99177215189873
411,1856.8390860123013,91.9379746835443,1986.8172177531922,92.59430379746836,1857.6103748259452,94.28892405063291,2204.1062688862057,94.62594936708861,1905.3112990905147,91.30284810126582,1962.1368493136317,92.95
412,1856.8390860123013,91.66424050632911,1986.8172177531922,92.88829113924051,1857.6103748259452,94.01550632911392,2204.1062688862057,94.3503164556962,1905.3112990905147,91.06518987341772,1962.1368493136317,92.79670886075948
413,1856.8390860123013,91.87373417721518,1986.8172177531922,93.00569620253165,1857.6103748259452,94.27974683544304,2204.1062688862057,94.08417721518987,1905.3112990905147,91.14651898734178,1962.1368493136317,92.8779746835443
414,1856.8390860123013,92.11360759493671,1986.8172177531922,92.99556962025316,1857.6103748259452,94.0129746835443,2204.1062688862057,94.21898734177215,1905.3112990905147,91.39082278481013,1962.1368493136317,92.94639240506328
415,1856.8390860123013,92.25537974683544,1986.8172177531922,92.58227848101266,1857.6103748259452,94.04556962025316,2204.1062688862057,94.19620253164557,1905.3112990905147,91.39303797468355,1962.1368493136317,92.89449367088608
416,1856.8390860123013,91.92056962025316,1986.8172177531922,91.57025316455696,1857.6103748259452,93.94050632911393,2204.1062688862057,94.38829113924051,1905.3112990905147,91.5870253164557,1962.1368493136317,92.68132911392405
417,1856.8390860123013,92.09018987341773,1986.8172177531922,91.68101265822784,1857.6103748259452,94.03607594936709,2204.1062688862057,94.54715189873417,1905.3112990905147,91.4743670886076,1962.1368493136317,92.76575949367088
418,1856.8390860123013,92.73512658227848,1986.8172177531922,91.60443037974683,1857.6103748259452,93.9882911392405,2204.1062688862057,94.5629746835443,1905.3112990905147,91.66613924050633,1962.1368493136317,92.91139240506328
419,1856.8390860123013,92.3363924050633,1986.8172177531922,91.87848101265823,1857.6103748259452,94.32943037974684,2204.1062688862057,94.1123417721519,1905.3112990905147,91.41329113924051,1962.1368493136317,92.81398734177216
420,1856.8390860123013,92.6876582278481,1986.8172177531922,92.49525316455696,1857.6103748259452,93.96708860759493,2204.1062688862057,94.01645569620253,1905.3112990905147,91.19683544303797,1962.1368493136317,92.87265822784809
421,1856.8390860123013,92.7876582278481,1986.8172177531922,91.88132911392405,1857.6103748259452,93.87341772151899,2204.1062688862057,94.28132911392404,1905.3112990905147,90.78607594936709,1962.1368493136317,92.72196202531646
422,1856.8390860123013,92.54746835443038,1986.8172177531922,92.04841772151899,1857.6103748259452,93.85886075949367,2204.1062688862057,93.78322784810126,1905.3112990905147,91.0886075949367,1962.1368493136317,92.6653164556962
423,1856.8390860123013,93.03575949367088,1986.8172177531922,91.8126582278481,1857.6103748259452,93.9367088607595,2204.1062688862057,93.83132911392406,1905.3112990905147,91.09905063291139,1962.1368493136317,92.74310126582279
424,1856.8390860123013,93.04841772151899,1986.8172177531922,92.25031645569621,1857.6103748259452,94.0756329113924,2204.1062688862057,93.28481012658227,1905.3112990905147,91.02088607594936,1962.1368493136317,92.73601265822785
425,1856.8390860123013,93.12341772151899,1986.8172177531922,92.10063291139241,1857.6103748259452,93.5493670886076,2204.1062688862057,93.33291139240507,1905.3112990905147,91.30316455696203,1962.1368493136317,92.68189873417722
426,1856.8390860123013,92.88164556962025,1986.8172177531922,92.0123417721519,1857.6103748259452,93.83481012658228,2204.1062688862057,93.84651898734177,1905.3112990905147,90.84556962025316,1962.1368493136317,92.68417721518986
427,1856.8390860123013,92.97310126582279,1986.8172177531922,92.1870253164557,1857.6103748259452,93.69208860759494,2204.1062688862057,93.7129746835443,1905.3112990905147,91.08101265822785,1962.1368493136317,92.72924050632912
428,1856.8390860123013,92.66677215189874,1986.8172177531922,92.22658227848102,1857.6103748259452,93.12183544303798,2204.1062688862057,93.75537974683544,1905.3112990905147,90.75,1962.1368493136317,92.50411392405064
429,1856.8390860123013,92.77848101265823,1986.8172177531922,91.68196202531645,1857.6103748259452,93.21898734177215,2204.1062688862057,93.49525316455696,1905.3112990905147,90.32658227848101,1962.1368493136317,92.30025316455696
430,1856.8390860123013,92.79746835443038,1986.8172177531922,91.99493670886076,1857.6103748259452,92.88512658227847,2204.1062688862057,93.38481012658228,1895.8186641825348,90.39303797468355,1960.2383223320358,92.29107594936708
431,1856.8390860123013,92.88481012658228,1986.8172177531922,91.56613924050633,1857.6103748259452,92.78955696202532,2204.1062688862057,93.72405063291139,1895.8186641825348,90.46392405063291,1960.2383223320358,92.28569620253164
432,1856.8390860123013,93.11677215189873,1986.8172177531922,91.70791139240507,1857.6103748259452,92.075,2204.1062688862057,93.8493670886076,1895.8186641825348,90.04208860759493,1960.2383223320358,92.15822784810128
433,1856.8390860123013,93.24462025316456,1986.8172177531922,91.92784810126582,1857.6103748259452,91.72183544303797,2204.1062688862057,93.95537974683545,1895.8186641825348,90.03164556962025,1960.2383223320358,92.17626582278481
434,1856.8390860123013,93.14272151898734,1986.8172177531922,91.9506329113924,1857.6103748259452,91.92025316455697,2204.1062688862057,93.79303797468354,1895.8186641825348,89.1120253164557,1960.2383223320358,91.9837341772152
435,1856.8390860123013,93.51075949367089,1986.8172177531922,92.16075949367088,1857.6103748259452,92.00886075949367,2204.1062688862057,93.00917721518988,1895.8186641825348,89.15949367088608,1960.2383223320358,91.96981012658229
436,1856.8390860123013,93.24208860759494,1986.8172177531922,92.33544303797468,1857.6103748259452,91.96740506329114,2204.1062688862057,93.06424050632911,1895.8186641825348,88.9636075949367,1960.2383223320358,91.91455696202532
437,1856.8390860123013,93.36677215189873,1986.8172177531922,92.97974683544304,1857.6103748259452,91.9246835443038,2204.1062688862057,93.44873417721519,1895.8186641825348,89.00601265822785,1960.2383223320358,92.14518987341773
438,1856.8390860123013,92.98291139240506,1986.8172177531922,93.21867088607596,1857.6103748259452,92.32753164556962,2204.1062688862057,93.46392405063291,1895.8186641825348,88.65569620253164,1960.2383223320358,92.12974683544304
439,1856.8390860123013,92.80379746835443,1986.8172177531922,93.39050632911392,1857.6103748259452,92.15949367088608,2204.1062688862057,93.09050632911392,1895.8186641825348,89.10727848101266,1960.2383223320358,92.1103164556962
440,1856.8390860123013,92.95506329113924,1986.8172177531922,93.19556962025317,1857.6103748259452,92.17215189873417,2204.1062688862057,93.04905063291139,1895.8186641825348,89.10791139240506,1960.2383223320358,92.09594936708861
441,1856.8390860123013,93.16487341772152,1986.8172177531922,93.39367088607595,1857.6103748259452,91.8009493670886,2204.1062688862057,93.03607594936709,1895.8186641825348,89.42721518987342,1960.2383223320358,92.16455696202533
442,1856.8390860123013,93.15284810126582,1986.8172177531922,92.97784810126582,1857.6103748259452,91.53069620253164,2204.1062688862057,93.18101265822784,1895.8186641825348,89.55981012658228,1960.2383223320358,92.08044303797469
443,1856.8390860123013,93.275,1986.8172177531922,93.29367088607594,1857.6103748259452,91.4636075949367,2204.1062688862057,93.24905063291139,1895.8186641825348,89.3996835443038,1960.2383223320358,92.13620253164558
444,1856.8390860123013,92.89272151898734,1986.8172177531922,93.33101265822785,1857.6103748259452,91.47183544303797,2204.1062688862057,93.34050632911392,1895.8186641825348,89.46867088607596,1960.2383223320358,92.1009493670886
445,1856.8390860123013,93.08227848101266,1986.8172177531922,93.29367088607594,1857.6103748259452,91.0629746835443,2204.1062688862057,93.61170886075949,1895.8186641825348,89.34367088607596,1960.2383223320358,92.07886075949367
446,1856.8390860123013,92.66582278481013,1986.8172177531922,93.51392405063291,1857.6103748259452,91.0617088607595,2204.1062688862057,93.59525316455696,1895.8186641825348,89.38892405063291,1960.2383223320358,92.04512658227847
447,1856.8390860123013,92.35886075949367,1986.8172177531922,93.40759493670886,1857.6103748259452,91.39588607594936,2204.1062688862057,93.95759493670886,1895.8186641825348,89.16740506329114,1960.2383223320358,92.05746835443037
448,1856.8390860123013,92.66898734177215,1986.8172177531922,93.81708860759494,1857.6103748259452,91.65221518987342,2204.1062688862057,94.03417721518987,1895.8186641825348,89.90537974683544,1960.2383223320358,92.41556962025315
449,1856.8390860123013,92.08132911392406,1986.8172177531922,93.6882911392405,1857.6103748259452,91.84113924050632,2204.1062688862057,93.4379746835443,1895.8186641825348,89.95158227848101,1960.2383223320358,92.20006329113924
450,1856.8390860123013,92.0006329113924,1986.8172177531922,93.66645569620253,1857.6103748259452,91.81518987341772,2204.1062688862057,93.6636075949367,1895.8186641825348,90.2376582278481,1960.2383223320358,92.2767088607595
451,1856.8390860123013,92.01930379746835,1986.8172177531922,93.71170886075949,1857.6103748259452,91.82373417721519,2204.1062688862057,93.41044303797469,1895.8186641825348,90.12120253164557,1960.2383223320358,92.21727848101264
452,1856.8390860123013,92.45284810126583,1986.8172177531922,93.82278481012658,1857.6103748259452,91.49556962025316,2204.1062688862057,93.28259493670886,1895.8186641825348,90.22721518987342,1960.2383223320358,92.25620253164557
453,1856.8390860123013,92.40221518987342,1986.8172177531922,93.91107594936709,1857.6103748259452,92.03417721518987,2204.1062688862057,93.64746835443037,1895.8186641825348,90.19746835443038,1960.2383223320358,92.43848101265823
454,1856.8390860123013,92.69588607594936,1986.8172177531922,94.03481012658227,1857.6103748259452,91.82816455696202,2204.1062688862057,93.71075949367089,1895.8186641825348,89.92943037974683,1960.2383223320358,92.43981012658227
455,1856.8390860123013,92.05411392405064,1986.8172177531922,93.99050632911393,1857.6103748259452,91.62405063291139,2204.1062688862057,93.84715189873418,1895.8186641825348,90.23607594936709,1960.2383223320358,92.35037974683544
456,1856.8390860123013,91.75569620253165,1986.8172177531922,93.6490506329114,1857.6103748259452,91.72088607594937,2204.1062688862057,93.63544303797468,1895.8186641825348,90.1756329113924,1960.2383223320358,92.1873417721519
457,1856.8390860123013,92.41962025316455,1986.8172177531922,93.43639240506329,1857.6103748259452,92.63607594936708,2204.1062688862057,92.96740506329114,1895.8186641825348,89.80727848101266,1960.2383223320358,92.25335443037974
458,1856.8390860123013,92.42246835443038,1986.8172177531922,93.36677215189873,1857.6103748259452,92.85759493670886,2204.1062688862057,92.8743670886076,1895.8186641825348,89.72753164556963,1960.2383223320358,92.24974683544303
459,1856.8390860123013,92.16582278481013,1986.8172177531922,93.31740506329113,1857.6103748259452,92.95696202531646,2204.1062688862057,92.97120253164557,1895.8186641825348,90.46012658227848,1960.2383223320358,92.37430379746834
460,1856.8390860123013,92.0626582278481,1986.8172177531922,93.46867088607596,1857.6103748259452,92.97943037974683,2204.1062688862057,93.11677215189873,1895.8186641825348,90.3110759493671,1960.2383223320358,92.38772151898733
461,1856.8390860123013,92.54620253164558,1986.8172177531922,93.52278481012658,1857.6103748259452,92.63322784810127,2204.1062688862057,93.17405063291139,1895.8186641825348,90.30632911392405,1960.2383223320358,92.43651898734177
462,1856.8390860123013,92.65348101265823,1986.8172177531922,93.67626582278481,1857.6103748259452,92.63575949367089,2204.1062688862057,93.57056962025317,1895.8186641825348,89.98101265822785,1960.2383223320358,92.50341772151901
463,1856.8390860123013,93.0,1986.8172177531922,93.45664556962025,1857.6103748259452,92.09145569620253,2204.1062688862057,93.84367088607596,1895.8186641825348,90.09018987341773,1960.2383223320358,92.49639240506329
464,1856.8390860123013,92.66582278481013,1986.8172177531922,93.45759493670886,1857.6103748259452,92.0376582278481,2204.1062688862057,93.6126582278481,1895.8186641825348,90.10537974683544,1960.2383223320358,92.37582278481014
465,1856.8390860123013,92.551582278481,1986.8172177531922,93.41835443037975,1857.6103748259452,91.81044303797468,2204.1062688862057,93.35189873417721,1895.8186641825348,90.28417721518987,1960.2383223320358,92.2832911392405
466,1856.8390860123013,91.8867088607595,1986.8172177531922,93.3256329113924,1857.6103748259452,92.33069620253164,2204.1062688862057,93.45727848101266,1895.8186641825348,90.17974683544304,1960.2383223320358,92.23601265822785
467,1856.8390860123013,92.62594936708861,1986.8172177531922,93.34272151898735,1857.6103748259452,92.50854430379746,2204.1062688862057,93.49841772151899,1856.929703714761,90.13322784810127,1952.4605302384812,92.42177215189874
468,1856.8390860123013,92.50506329113924,1986.8172177531922,93.84050632911392,1857.6103748259452,92.57721518987341,2204.1062688862057,93.66487341772152,1856.929703714761,90.49651898734177,1952.4605302384812,92.61683544303798
469,1856.8390860123013,92.50981012658228,1986.8172177531922,93.81139240506329,1857.6103748259452,92.0873417721519,2204.1062688862057,93.37848101265823,1856.929703714761,90.25379746835443,1952.4605302384812,92.40816455696202
470,1856.8390860123013,92.43322784810127,1986.8172177531922,93.99556962025316,1857.6103748259452,91.88607594936708,2204.1062688862057,93.37753164556962,1856.929703714761,90.98481012658227,1952.4605302384812,92.53544303797467
471,1856.8390860123013,92.7740506329114,1986.8172177531922,93.84462025316456,1857.6103748259452,92.03322784810126,2204.1062688862057,93.38955696202531,1856.929703714761,91.86708860759494,1952.4605302384812,92.7817088607595
472,1856.8390860123013,93.22120253164557,1986.8172177531922,93.99715189873417,1857.6103748259452,92.35949367088608,2204.1062688862057,93.59367088607596,1856.929703714761,91.74873417721518,1952.4605302384812,92.98405063291139
473,1856.8390860123013,93.21044303797468,1986.8172177531922,94.05664556962026,1857.6103748259452,92.25537974683544,2204.1062688862057,93.54683544303798,1856.929703714761,91.64082278481013,1952.4605302384812,92.9420253164557
474,1856.8390860123013,92.5610759493671,1986.8172177531922,93.83955696202531,1857.6103748259452,92.39240506329114,2204.1062688862057,93.76139240506329,1856.929703714761,92.073417721519,1952.4605302384812,92.92556962025317
475,1856.8390860123013,91.7886075949367,1986.8172177531922,93.6120253164557,1857.6103748259452,92.2259493670886,2204.1062688862057,93.676582278481,1856.929703714761,92.0240506329114,1952.4605302384812,92.66544303797468
476,1856.8390860123013,92.33417721518987,1986.8172177531922,94.00632911392405,1857.6103748259452,92.33924050632912,2204.1062688862057,93.69398734177216,1856.929703714761,91.70632911392406,1952.4605302384812,92.81601265822785
477,1856.8390860123013,92.09145569620253,1986.8172177531922,93.82784810126583,1857.6103748259452,92.573417721519,2204.1062688862057,93.76803797468355,1856.929703714761,91.48575949367088,1952.4605302384812,92.74930379746836
478,1856.8390860123013,92.48291139240506,1986.8172177531922,93.89208860759494,1857.6103748259452,92.73322784810127,2204.1062688862057,93.13322784810127,1856.929703714761,91.44018987341772,1952.4605302384812,92.73632911392406
479,1856.8390860123013,92.71107594936709,1986.8172177531922,93.57784810126583,1857.6103748259452,92.33069620253164,2204.1062688862057,92.95759493670886,1856.929703714761,90.86170886075949,1952.4605302384812,92.48778481012658
480,1856.8390860123013,93.27943037974684,1986.8172177531922,93.89556962025317,1857.6103748259452,92.18639240506329,2204.1062688862057,93.34367088607596,1856.929703714761,91.0503164556962,1952.4605302384812,92.75107594936709
481,1856.8390860123013,93.09556962025316,1986.8172177531922,93.88196202531645,1857.6103748259452,91.52816455696203,2204.1062688862057,93.74968354430379,1856.929703714761,91.05917721518988,1952.4605302384812,92.66291139240508
482,1856.8390860123013,92.15411392405063,1986.8172177531922,93.75316455696202,1857.6103748259452,91.89335443037974,2204.1062688862057,93.55506329113923,1856.929703714761,91.82246835443038,1952.4605302384812,92.6356329113924
483,1856.8390860123013,92.31645569620254,1986.8172177531922,93.66487341772152,1857.6103748259452,91.79272151898734,2204.1062688862057,93.80664556962026,1856.929703714761,91.80411392405064,1952.4605302384812,92.67696202531644
484,1856.8390860123013,92.58196202531646,1986.8172177531922,93.32911392405063,1857.6103748259452,91.94398734177216,2204.1062688862057,93.35727848101266,1856.929703714761,91.42025316455697,1952.4605302384812,92.52651898734177
485,1856.8390860123013,92.52025316455696,1986.8172177531922,93.44430379746835,1857.6103748259452,92.31487341772151,2204.1062688862057,93.69873417721519,1856.929703714761,92.01012658227847,1952.4605302384812,92.7976582278481
486,1856.8390860123013,93.05949367088607,1986.8172177531922,93.23069620253165,1857.6103748259452,92.11993670886076,2204.1062688862057,93.81518987341772,1856.929703714761,91.52215189873418,1952.4605302384812,92.74949367088608
487,1856.8390860123013,92.62215189873417,1986.8172177531922,92.9993670886076,1857.6103748259452,91.99715189873417,2204.1062688862057,93.74050632911393,1856.929703714761,91.53101265822785,1952.4605302384812,92.57803797468355
488,1856.8390860123013,92.27310126582279,1986.8172177531922,92.76455696202531,1857.6103748259452,92.43512658227849,2204.1062688862057,93.73069620253165,1856.929703714761,91.2243670886076,1952.4605302384812,92.48556962025317
489,1856.8390860123013,92.60506329113925,1986.8172177531922,92.72120253164557,1857.6103748259452,92.61867088607595,2204.1062688862057,94.22879746835443,1856.929703714761,90.93924050632911,1952.4605302384812,92.62259493670886
490,1856.8390860123013,92.53101265822785,1986.8172177531922,92.59208860759493,1857.6103748259452,92.35759493670886,2204.1062688862057,94.42310126582278,1856.929703714761,91.47658227848102,1952.4605302384812,92.67607594936709
491,1856.8390860123013,92.60063291139241,1986.8172177531922,92.83829113924051,1857.6103748259452,91.76139240506329,2204.1062688862057,94.31772151898734,1856.929703714761,92.0617088607595,1952.4605302384812,92.71594936708861
492,1856.8390860123013,92.62658227848101,1986.8172177531922,92.96455696202531,1857.6103748259452,91.72278481012658,2204.1062688862057,94.46550632911392,1856.929703714761,91.68512658227849,1952.4605302384812,92.69291139240507
493,1856.8390860123013,92.32658227848101,1986.8172177531922,92.64651898734178,1857.6103748259452,91.62341772151899,2204.1062688862057,94.31487341772151,1856.929703714761,91.63354430379746,1952.4605302384812,92.50898734177215
494,1856.8390860123013,92.47753164556963,1986.8172177531922,92.64462025316456,1857.6103748259452,91.51392405063291,2204.1062688862057,94.28196202531646,1856.929703714761,92.23386075949367,1952.4605302384812,92.63037974683544
495,1856.8390860123013,92.93924050632911,1986.8172177531922,92.83417721518987,1857.6103748259452,90.71582278481013,2204.1062688862057,94.54145569620253,1856.929703714761,92.3623417721519,1952.4605302384812,92.67860759493672
496,1856.8390860123013,93.19145569620254,1986.8172177531922,92.825,1857.6103748259452,90.87468354430379,2204.1062688862057,94.30379746835443,1856.929703714761,92.12373417721518,1952.4605302384812,92.66373417721519
497,1856.8390860123013,93.21518987341773,1986.8172177531922,92.62816455696202,1857.6103748259452,91.00664556962025,2204.1062688862057,94.61107594936709,1856.929703714761,92.37531645569621,1952.4605302384812,92.76727848101265
498,1856.8390860123013,93.28955696202532,1986.8172177531922,92.68955696202532,1857.6103748259452,90.9629746835443,2204.1062688862057,94.37974683544304,1856.929703714761,92.23607594936709,1952.4605302384812,92.71158227848102
499,1856.8390860123013,93.61993670886076,1986.8172177531922,92.10348101265822,1857.6103748259452,90.79588607594937,2204.1062688862057,94.48860759493671,1856.929703714761,92.50506329113924,1952.4605302384812,92.70259493670885
500,1856.8390860123013,93.51424050632912,1986.8172177531922,91.59651898734177,1857.6103748259452,91.3873417721519,2204.1062688862057,94.60854430379747,1856.929703714761,92.41740506329114,1952.4605302384812,92.70481012658229
