generation,fitness_run_1,diversity_run_1,fitness_run_2,diversity_run_2,fitness_run_3,diversity_run_3,fitness_run_4,diversity_run_4,fitness_run_5,diversity_run_5,fitness_average,diversity_average
1,3151.6034045936462,19.9112941923805,3141.3234564568934,19.931163243094684,3074.726485684638,19.91657701433595,3111.1703775438136,19.95055031856425,3208.133295200591,19.952598134019983,3137.3914038959165,19.93243658047907
2,3143.35044026847,19.90546625214204,3141.3234564568934,19.907970380350523,3074.726485684638,19.87659399723096,3111.1703775438136,19.912985351794024,3208.133295200591,19.879358169687073,3135.740811030881,19.896474830240926
3,3143.35044026847,19.87530778400918,3141.3234564568934,19.894096467648613,3074.726485684638,19.875715688553008,3111.1703775438136,19.90293728333098,3194.2509692084295,19.853624585830786,3132.964345832449,19.880336361874512
4,3143.35044026847,19.845924232041895,3141.3234564568934,19.848568515401183,3074.726485684638,19.868063358564925,3111.1703775438136,19.890424285912808,3194.2509692084295,19.86754117209071,3132.964345832449,19.864104312802304
5,3143.35044026847,19.83961051075894,3141.3234564568934,19.885419139306634,3074.726485684638,19.889995446109815,3111.1703775438136,19.883587284597976,3194.2509692084295,19.86680278641824,3132.964345832449,19.87308303343832
6,3143.35044026847,19.859547540715116,3126.7204867959035,19.86805583934861,3074.726485684638,19.876600443297257,3111.1703775438136,19.869797902906857,3158.3323895105164,19.883369883691095,3122.860035960668,19.871474321991787
7,3143.35044026847,19.876345011249015,3126.7204867959035,19.87631516212149,3074.726485684638,19.845753024531597,3111.1703775438136,19.834119648021538,3158.3323895105164,19.83588490416275,3122.860035960668,19.853683550017276
8,3143.35044026847,19.888902884543977,3126.7204867959035,19.865769020158698,3074.726485684638,19.850208582967422,3111.1703775438136,19.820079678490156,3158.3323895105164,19.866459875242985,3122.860035960668,19.85828400828065
9,3143.35044026847,19.869789636433396,3126.7204867959035,19.862376146790655,3074.726485684638,19.827372129993876,3111.1703775438136,19.869197255048668,3158.3323895105164,19.83816009386153,3122.860035960668,19.853379052425627
10,3097.1360764890997,19.817038028071558,3080.1672730925156,19.831965842990048,3074.726485684638,19.853527748357777,3111.1703775438136,19.836388461382793,3158.3323895105164,19.85889504467479,3104.306520464117,19.839563025095394
11,3097.1360764890997,19.860223615718464,3080.1672730925156,19.848589876634342,3074.726485684638,19.848808384361956,3111.1703775438136,19.83190810619536,3158.3323895105164,19.80061200375444,3104.306520464117,19.838028397332913
12,3097.1360764890997,19.858868082306408,3080.1672730925156,19.809409655181224,3074.726485684638,19.865179184950915,3111.1703775438136,19.843573982467014,3158.3323895105164,19.821811324845413,3104.306520464117,19.83976844595019
13,3097.1360764890997,19.819496842954457,3080.1672730925156,19.8439976816343,3074.726485684638,19.864329246263907,3111.1703775438136,19.851753379410308,3158.3323895105164,19.815198010306265,3104.306520464117,19.838955032113848
14,3097.1360764890997,19.859459552843646,3080.1672730925156,19.84916687683004,3074.726485684638,19.857146794435742,3108.469230120963,19.826892454135507,3158.3323895105164,19.87364902139744,3103.7662909795467,19.853262939928477
15,3097.1360764890997,19.885943062626495,3080.1672730925156,19.869720062605484,3074.726485684638,19.810044302746494,3108.469230120963,19.85900939249837,3158.3323895105164,19.86722121270353,3103.7662909795467,19.85838760663607
16,3097.1360764890997,19.86905424655591,3080.1672730925156,19.850327563895675,3074.726485684638,19.817405621123456,3108.469230120963,19.859245043673614,3158.3323895105164,19.82984763766211,3103.7662909795467,19.84517602258215
17,3097.1360764890997,19.847866864443418,3080.1672730925156,19.808307129789906,3074.726485684638,19.824676132284537,3108.469230120963,19.851386494223142,3158.3323895105164,19.84230266660393,3103.7662909795467,19.834907857468988
18,3097.1360764890997,19.845551312467368,3080.1672730925156,19.829226047230627,3074.726485684638,19.865753816668576,3108.469230120963,19.8282278331696,3089.589768348578,19.82200609628261,3090.017766747159,19.838153021163755
19,3097.1360764890997,19.857047748784336,3080.1672730925156,19.81716072892569,3074.726485684638,19.85188552781973,3108.469230120963,19.83017083040697,3054.6723840219515,19.82055299710555,3083.0342898818335,19.835363566608457
20,3097.1360764890997,19.834990092140153,3080.1672730925156,19.87285513741386,3074.726485684638,19.85332184308416,3108.469230120963,19.82997970837755,3054.6723840219515,19.831666030325433,3083.0342898818335,19.84456256226823
21,3097.1360764890997,19.844565779791647,3080.1672730925156,19.860205955108675,3074.726485684638,19.837223848980955,3108.469230120963,19.83107010362671,3054.6723840219515,19.824451021718556,3083.0342898818335,19.839503341845308
22,3096.3564396260003,19.835838465673536,3080.1672730925156,19.866829634364773,3074.726485684638,19.84605821598291,3108.469230120963,19.860737365314513,3054.6723840219515,19.886583553671553,3082.8783625092137,19.859209447001454
23,3096.3564396260003,19.854326454193355,3080.1672730925156,19.835698187032214,3074.726485684638,19.87115502276297,3108.469230120963,19.852629155463376,3054.6723840219515,19.829312740102335,3082.8783625092137,19.84862431191085
24,3096.3564396260003,19.834556679817943,3080.1672730925156,19.780293713410224,3064.3510358572894,19.861937877036294,3108.469230120963,19.843355392084874,3054.6723840219515,19.79922419927053,3080.803272543744,19.823873572323972
25,3096.3564396260003,19.83800393443758,3080.1672730925156,19.860142136775934,3064.3510358572894,19.82501836310709,3108.469230120963,19.79652092137171,3054.6723840219515,19.8650626309309,3080.803272543744,19.836949597324644
26,3096.3564396260003,19.822493476835035,3080.1672730925156,19.864900556829973,3064.3510358572894,19.839917394065985,3108.469230120963,19.829203107096518,3054.6723840219515,19.860789596731824,3080.803272543744,19.843460826311865
27,3096.3564396260003,19.785008782749387,3080.1672730925156,19.816311666288964,3064.3510358572894,19.805244328807962,3108.469230120963,19.808284343366275,3054.6723840219515,19.87320599198821,3080.803272543744,19.817611022640158
28,3096.3564396260003,19.84322132586519,3080.1672730925156,19.85208764638356,3060.703424615456,19.804401605659976,3108.469230120963,19.821639753788077,3054.6723840219515,19.87778670348638,3080.073750295377,19.839827407036637
29,3096.3564396260003,19.851863353180992,3080.1672730925156,19.88255530512094,3060.703424615456,19.800337153392356,3108.469230120963,19.832591091557266,3054.6723840219515,19.867941558523277,3080.073750295377,19.84705769235497
30,3096.3564396260003,19.860069691359925,3080.1672730925156,19.869323359916287,3060.703424615456,19.877292801511366,3108.469230120963,19.780269199631867,3054.6723840219515,19.85635534682181,3080.073750295377,19.84866207984825
31,3053.9223324821346,19.888042345471664,3080.1672730925156,19.838815169922654,3060.703424615456,19.856568914322636,3108.469230120963,19.840689406881385,3054.6723840219515,19.871707354513834,3071.5869288666045,19.85916463822243
32,3053.9223324821346,19.877419728186556,3080.1672730925156,19.86461610589114,3060.703424615456,19.893813122650382,3108.469230120963,19.88474540152363,3054.6723840219515,19.865175908609707,3071.5869288666045,19.877154053372283
33,3053.9223324821346,19.849667555748262,3080.1672730925156,19.83879442520689,3060.703424615456,19.885139623783125,3108.469230120963,19.859342324879407,3054.6723840219515,19.84791878436978,3071.5869288666045,19.856172542797495
34,3053.9223324821346,19.847805381255473,3080.1672730925156,19.840108081850516,3060.703424615456,19.88228537675529,3108.469230120963,19.85546229686035,3054.6723840219515,19.8030378075995,3071.5869288666045,19.84573978886423
35,3053.9223324821346,19.86279519929717,3080.1672730925156,19.863734585894502,3060.703424615456,19.858961366812764,3108.469230120963,19.846578396210276,3054.6723840219515,19.871852227708406,3071.5869288666045,19.860784355184624
36,3053.9223324821346,19.867471015531198,3080.1672730925156,19.821306307392703,3060.703424615456,19.851474867954355,3108.469230120963,19.849669219183045,3054.6723840219515,19.878503454650243,3071.5869288666045,19.853684972942307
37,3053.9223324821346,19.874454139179292,3080.1672730925156,19.85088409384558,3060.703424615456,19.858442535388907,3108.469230120963,19.862016795769083,3054.6723840219515,19.857354997676907,3071.5869288666045,19.86063051237195
38,3053.9223324821346,19.880593611606976,3080.1672730925156,19.897855365770997,3060.703424615456,19.821243164256153,3108.469230120963,19.8558068255512,3054.6723840219515,19.833703718407232,3071.5869288666045,19.857840537118513
39,3053.9223324821346,19.893175358089035,3080.1672730925156,19.86811090050857,3060.703424615456,19.80947428896449,3095.485544123713,19.85455382203298,3054.6723840219515,19.830244522917603,3068.9901916671542,19.851111778502535
40,3053.9223324821346,19.86821576983574,3080.1672730925156,19.861157154951716,3060.703424615456,19.799281753754528,3095.485544123713,19.85879850674776,3054.6723840219515,19.863291149131992,3068.9901916671542,19.850148866884346
41,3053.9223324821346,19.860428958618073,3080.1672730925156,19.836331325789914,3060.703424615456,19.81886768709129,3095.485544123713,19.82144972199475,3054.6723840219515,19.841255112758656,3068.9901916671542,19.835666561250537
42,3053.9223324821346,19.85454167990149,3080.1672730925156,19.815460267738512,3060.703424615456,19.82202103590683,3095.485544123713,19.826893941914147,3054.6723840219515,19.837454945268636,3068.9901916671542,19.831274374145924
43,3053.9223324821346,19.81484619777581,3080.1672730925156,19.83417046055662,3060.703424615456,19.838259908655516,3095.485544123713,19.868154256509364,3054.6723840219515,19.861555077519846,3068.9901916671542,19.843397180203432
44,3053.9223324821346,19.83999601519032,3080.1672730925156,19.844560195894317,3060.703424615456,19.861589398500055,3095.485544123713,19.823928229186883,3054.6723840219515,19.827416467028364,3068.9901916671542,19.839498061159993
45,3053.9223324821346,19.80899689098816,3080.1672730925156,19.820498848263572,3060.703424615456,19.85362328632521,3095.485544123713,19.82948080707464,3054.6723840219515,19.84834374552833,3068.9901916671542,19.832188715635983
46,3053.9223324821346,19.8271997655107,3080.1672730925156,19.79909503855586,3060.703424615456,19.854143688580688,3095.485544123713,19.867793049115893,3054.6723840219515,19.85430630359027,3068.9901916671542,19.840507569070684
47,3053.9223324821346,19.845837338392,3080.1672730925156,19.85836614805372,3060.703424615456,19.83046198532069,3095.485544123713,19.833908648667734,3054.6723840219515,19.827520378567247,3068.9901916671542,19.83921889980028
48,3053.9223324821346,19.833909635980493,3080.1672730925156,19.82007722437202,3060.703424615456,19.841079098861233,3095.485544123713,19.849651403147078,3054.6723840219515,19.83765130844245,3068.9901916671542,19.836473734160656
49,3053.9223324821346,19.85394492403674,3080.1672730925156,19.848176746588077,3059.061619565004,19.839618776976973,3095.485544123713,19.856621883964884,3054.6723840219515,19.83798662976462,3068.661830657064,19.847269792266264
50,3053.9223324821346,19.878231970319614,3080.1672730925156,19.869411655484225,3059.061619565004,19.816289529121562,3095.485544123713,19.856654264113978,3054.6723840219515,19.886889759903948,3068.661830657064,19.861495435788665
51,3053.9223324821346,19.871213177818156,3080.1672730925156,19.883124943330554,3059.061619565004,19.838827015662694,3095.485544123713,19.878909303736677,3054.6723840219515,19.8906657502549,3068.661830657064,19.872548038160595
52,3053.9223324821346,19.887925045286753,3080.1672730925156,19.83672794691816,3059.061619565004,19.82550733418686,3089.4104576355153,19.88808493565807,3054.6723840219515,19.86699852503191,3067.446813359424,19.86104875741635
53,3053.9223324821346,19.820351026383673,3080.1672730925156,19.789081056052158,3059.061619565004,19.80282541965224,3089.4104576355153,19.85753806471875,3054.6723840219515,19.86290286346862,3067.446813359424,19.82653968605509
54,3053.9223324821346,19.882315095554034,3080.1672730925156,19.80065854200528,3059.061619565004,19.859152507517578,3089.4104576355153,19.86274653255455,3054.6723840219515,19.86736502579734,3067.446813359424,19.854447540685758
55,3053.9223324821346,19.886506377105178,3080.1672730925156,19.784216012622046,3059.061619565004,19.832520102297995,3089.4104576355153,19.85395213453045,3054.6723840219515,19.868818285803858,3067.446813359424,19.845202582471906
56,3053.9223324821346,19.86842299554343,3080.1672730925156,19.786021867281093,3059.061619565004,19.8764457739076,3089.4104576355153,19.83817696040692,3054.6723840219515,19.851413228801423,3067.446813359424,19.84409616518809
57,3053.9223324821346,19.846739091039904,3080.1672730925156,19.812866951035126,3059.061619565004,19.894973812003915,3089.4104576355153,19.844585937410926,3054.6723840219515,19.882195378664406,3067.446813359424,19.856272234030854
58,3053.9223324821346,19.864129986175268,3080.1672730925156,19.833538456264737,3059.061619565004,19.902088723068932,3089.4104576355153,19.859151887334686,3054.6723840219515,19.879280637061804,3067.446813359424,19.867637937981083
59,3053.9223324821346,19.880734278059695,3080.1672730925156,19.801034270158798,3059.061619565004,19.887769310570715,3089.4104576355153,19.868564443031893,3054.6723840219515,19.83851373942612,3067.446813359424,19.85532320824944
60,3053.9223324821346,19.881170503104155,3080.1672730925156,19.866746189074497,3059.061619565004,19.86537831981156,3037.6666010116032,19.84578668644096,3054.6723840219515,19.835694407265983,3057.098042034642,19.85895522113943
61,3053.9223324821346,19.823588471618603,3080.1672730925156,19.87087484222954,3059.061619565004,19.89624460619149,3037.6666010116032,19.836752679227782,3054.6723840219515,19.84544243962118,3057.098042034642,19.85458060777772
62,3053.9223324821346,19.838553771741342,3080.1672730925156,19.86156215465634,3059.061619565004,19.87965904753451,3037.6666010116032,19.823782448345565,3054.6723840219515,19.847753260421268,3057.098042034642,19.850262136539804
63,3053.9223324821346,19.842366751127635,3080.1672730925156,19.865708074965628,3059.061619565004,19.86947302316363,3037.6666010116032,19.85579890908326,3054.6723840219515,19.81534802063858,3057.098042034642,19.849738955795747
64,3053.9223324821346,19.8561668685356,3080.1672730925156,19.84773383594843,3059.061619565004,19.864785331239236,3037.6666010116032,19.879902558783115,3054.6723840219515,19.827724519725702,3057.098042034642,19.855262622846418
65,3053.9223324821346,19.866185899314566,3080.1672730925156,19.849151368121706,3059.061619565004,19.83432219850434,3037.6666010116032,19.848707998610784,3054.6723840219515,19.84580887475564,3057.098042034642,19.84883526786141
66,3053.9223324821346,19.864178808644816,3080.1672730925156,19.831607863716417,3059.061619565004,19.858008356326813,3037.6666010116032,19.849298896108696,3054.6723840219515,19.85063583616002,3057.098042034642,19.850745952191353
67,3053.9223324821346,19.8767156316938,3080.1672730925156,19.820343281572825,3059.061619565004,19.86333363416496,3037.6666010116032,19.766828108355448,3054.6723840219515,19.87072232381968,3057.098042034642,19.83958859592134
68,3053.9223324821346,19.829717630367785,3080.1672730925156,19.838099644144958,3059.061619565004,19.892331922012524,3037.6666010116032,19.774233084081835,3054.6723840219515,19.889700732167626,3057.098042034642,19.844816602554946
69,3053.9223324821346,19.818710670286503,3080.1672730925156,19.86004557948257,3059.061619565004,19.884398838643893,3037.6666010116032,19.82044965277356,3054.6723840219515,19.860992499263478,3057.098042034642,19.84891944809
70,3053.9223324821346,19.836684641869184,3042.640830764052,19.849152191689207,3059.061619565004,19.891517483192892,3037.6666010116032,19.844460030823637,3054.6723840219515,19.90093782901302,3049.592753568949,19.86455043531759
71,3053.9223324821346,19.80909674107877,3042.640830764052,19.87307956350731,3059.061619565004,19.85198044327207,3037.6666010116032,19.85664786533587,3054.6723840219515,19.79757390041696,3049.592753568949,19.837675702722198
72,3053.9223324821346,19.858948868144488,3042.640830764052,19.87635051157273,3059.061619565004,19.847434948185057,3037.6666010116032,19.856662113499162,3054.6723840219515,19.845512411534546,3049.592753568949,19.856981770587197
73,3053.9223324821346,19.846980988357856,3042.640830764052,19.862786976463,3059.061619565004,19.86072483776169,3037.6666010116032,19.857544173632988,3054.6723840219515,19.846348899858537,3049.592753568949,19.854877175214817
74,3053.9223324821346,19.85351360840903,3042.640830764052,19.868031903251136,3059.061619565004,19.854869333053024,3037.6666010116032,19.878286719830943,3054.6723840219515,19.862659850831683,3049.592753568949,19.86347228307516
75,3053.9223324821346,19.871009173111315,3042.640830764052,19.87282548434808,3059.061619565004,19.848669089408386,3037.6666010116032,19.871136030674194,3054.6723840219515,19.851180829040516,3049.592753568949,19.862964121316498
76,3053.9223324821346,19.89876385642603,3042.640830764052,19.862154638694097,3059.061619565004,19.869688048911378,3030.498138548831,19.880190408197215,3054.6723840219515,19.81490853926454,3048.159061076394,19.86514109829865
77,3053.9223324821346,19.86883098510173,3042.640830764052,19.85897776153855,3059.061619565004,19.834825249478968,3030.498138548831,19.881775109909892,3054.6723840219515,19.80283821318927,3048.159061076394,19.849449463843683
78,3006.5122620634984,19.8706826808755,3042.640830764052,19.86986576639267,3059.061619565004,19.803734101037268,3030.498138548831,19.860699580429664,3054.6723840219515,19.813478584627017,3038.6770469926673,19.843692142672424
79,3006.5122620634984,19.885535685571863,3042.640830764052,19.865169412409987,3059.061619565004,19.83079352073994,3030.498138548831,19.877351508921752,3054.6723840219515,19.845133034592983,3038.6770469926673,19.860796632447308
80,3006.5122620634984,19.878783624501132,3042.640830764052,19.874605383922315,3059.061619565004,19.843378872451197,3030.498138548831,19.85028657134287,3054.6723840219515,19.86085599881402,3038.6770469926673,19.861582090206305
81,3006.5122620634984,19.859176753459433,3042.640830764052,19.8684046251268,3059.061619565004,19.841433181472564,3030.498138548831,19.853216392524782,3054.6723840219515,19.8552640871366,3038.6770469926673,19.85549900794404
82,3006.5122620634984,19.869709968812064,3042.640830764052,19.880801336600975,3059.061619565004,19.83472247699395,3030.498138548831,19.845347510045755,3054.6723840219515,19.8395459539347,3038.6770469926673,19.85402544927749
83,3006.5122620634984,19.869221094198625,3042.640830764052,19.87140715409227,3059.061619565004,19.849960229861942,3030.498138548831,19.8525613605316,3054.6723840219515,19.83820974634654,3038.6770469926673,19.856271917006193
84,3006.5122620634984,19.89151994134532,3042.640830764052,19.84559678133944,3059.061619565004,19.87683865872154,3030.498138548831,19.843865812471563,3054.6723840219515,19.845314492222794,3038.6770469926673,19.86062713722013
85,3006.5122620634984,19.860768180640758,3042.640830764052,19.85723412282403,3059.061619565004,19.895795030996993,3030.498138548831,19.78542171473411,3054.6723840219515,19.776120054760458,3038.6770469926673,19.83506782079127
86,3006.5122620634984,19.87722532379206,3042.640830764052,19.830065180263663,3059.061619565004,19.878661868607857,3030.498138548831,19.86499063752645,3054.6723840219515,19.789906403567883,3038.6770469926673,19.848169882751584
87,3006.5122620634984,19.881507767117913,3042.640830764052,19.820653565364466,3059.061619565004,19.871314744068698,3030.498138548831,19.90075689099023,3054.6723840219515,19.84040285073774,3038.6770469926673,19.862927163655808
88,3006.5122620634984,19.86029038378235,3042.640830764052,19.82697063864292,3059.061619565004,19.869737257371597,3030.498138548831,19.907900084513187,3054.6723840219515,19.859539483639967,3038.6770469926673,19.864887569590003
89,3006.5122620634984,19.869882333703046,3042.640830764052,19.837295537324785,3059.061619565004,19.87289590048667,3030.498138548831,19.86855984084946,3054.6723840219515,19.867781026412924,3038.6770469926673,19.863282927755378
90,3006.5122620634984,19.875495855100816,3042.640830764052,19.862423806076016,3059.061619565004,19.8628483515638,3030.498138548831,19.88842132436997,3054.6723840219515,19.83917139940559,3038.6770469926673,19.865672147303236
91,3006.5122620634984,19.858891249159583,3042.640830764052,19.876452988749396,3059.061619565004,19.86754695580019,3030.498138548831,19.887176611531363,3054.6723840219515,19.81019121323243,3038.6770469926673,19.860051803694592
92,3006.5122620634984,19.856759190968432,3042.640830764052,19.848655873162645,3059.061619565004,19.81894511137447,3030.498138548831,19.845695917958935,3054.6723840219515,19.825175926889,3038.6770469926673,19.839046404070697
93,3006.5122620634984,19.848067791929303,3042.640830764052,19.879792870818168,3059.061619565004,19.84115940263963,3030.498138548831,19.854691121823127,3054.6723840219515,19.83906322774724,3038.6770469926673,19.852554882991495
94,3006.5122620634984,19.873789344232566,3042.640830764052,19.814421480871825,3059.061619565004,19.85541241494367,3030.498138548831,19.846463136687703,3054.6723840219515,19.826764267927068,3038.6770469926673,19.843370128932566
95,3006.5122620634984,19.870551606470563,3042.640830764052,19.835294585113473,3059.061619565004,19.852193845392986,3030.498138548831,19.81735573056415,3054.6723840219515,19.83665884283702,3038.6770469926673,19.842410922075636
96,3006.5122620634984,19.88292254675688,3042.640830764052,19.846114480744767,3059.061619565004,19.821228800714472,3030.498138548831,19.81265074641789,3054.6723840219515,19.82164946219654,3038.6770469926673,19.83691320736611
97,3006.5122620634984,19.839861479167528,3042.640830764052,19.855551168603633,3059.061619565004,19.777825260898773,3030.498138548831,19.835470572832417,3054.6723840219515,19.873341820478377,3038.6770469926673,19.836410060396144
98,3006.5122620634984,19.803254907418335,3042.640830764052,19.826366996049693,3059.061619565004,19.8209106621766,3030.498138548831,19.825268148775148,3054.6723840219515,19.824845996150767,3038.6770469926673,19.820129342114107
99,3006.5122620634984,19.855971597493575,3042.640830764052,19.822083781184332,3059.061619565004,19.818837475413645,3030.498138548831,19.839522657545768,3054.6723840219515,19.80732575585056,3038.6770469926673,19.828748253497576
100,3006.5122620634984,19.843078840281134,3042.640830764052,19.832436028243887,3059.061619565004,19.79377542508674,3030.498138548831,19.84740026446202,3054.6723840219515,19.84832284152061,3038.6770469926673,19.83300267991888
101,3006.5122620634984,19.801076286746323,3042.640830764052,19.847081695421007,3059.061619565004,19.84627578631993,3030.498138548831,19.840099787512077,3054.6723840219515,19.853110360126635,3038.6770469926673,19.837528783225196
102,3006.5122620634984,19.864636417495582,3042.640830764052,19.871469395641153,3059.061619565004,19.860614432965132,3030.498138548831,19.794362146056063,3054.6723840219515,19.853998913789887,3038.6770469926673,19.849016261189565
103,3006.5122620634984,19.85504345915466,3042.640830764052,19.876478852202574,3059.061619565004,19.84578890360248,3030.498138548831,19.815728994240594,3054.6723840219515,19.83182438214564,3038.6770469926673,19.84497291826919
104,3006.5122620634984,19.842703201792137,3042.640830764052,19.899739072250252,3059.061619565004,19.846458103932,3030.498138548831,19.821387925746947,3054.6723840219515,19.851009389541687,3038.6770469926673,19.852259538652604
105,3006.5122620634984,19.850734859436542,3042.640830764052,19.866471942391108,3059.061619565004,19.848428050405364,3030.498138548831,19.824419028400012,3054.6723840219515,19.845761208657773,3038.6770469926673,19.84716301785816
106,3006.5122620634984,19.764557358012198,3042.640830764052,19.85636986406525,3059.061619565004,19.862767623453188,3030.498138548831,19.86979035186454,3054.6723840219515,19.871838767060833,3038.6770469926673,19.8450647928912
107,3006.5122620634984,19.811155341230982,3042.640830764052,19.87938813488014,3059.061619565004,19.827362130128733,3030.498138548831,19.862555214791445,3054.6723840219515,19.886684282195386,3038.6770469926673,19.85342902064534
108,3006.5122620634984,19.8311572334654,3042.640830764052,19.84016315168435,3059.061619565004,19.853891368030023,3030.498138548831,19.86348995427631,3054.6723840219515,19.895396026167873,3038.6770469926673,19.85681954672479
109,3006.5122620634984,19.83587591525729,3042.640830764052,19.870033071203466,3059.061619565004,19.837603719995244,3030.498138548831,19.85477001281377,3054.6723840219515,19.871992245528578,3038.6770469926673,19.854054992959668
110,3006.5122620634984,19.791842776748766,3042.640830764052,19.86552218666247,3059.061619565004,19.86927998852352,3030.498138548831,19.81153261441751,3054.6723840219515,19.87955699448309,3038.6770469926673,19.843546912167074
111,3006.5122620634984,19.78460791966456,3042.640830764052,19.84056579327091,3059.061619565004,19.854239301042654,3030.498138548831,19.81058456589682,3054.6723840219515,19.856777101715988,3038.6770469926673,19.829354936318186
112,3006.5122620634984,19.824420223115002,3042.640830764052,19.863668231272623,3059.061619565004,19.86405750281825,3030.498138548831,19.84496806037112,3054.6723840219515,19.82770773207595,3038.6770469926673,19.84496434993059
113,3006.5122620634984,19.82908290610524,3042.640830764052,19.886823453384146,3059.061619565004,19.85651643314073,3030.498138548831,19.83393028858743,3054.6723840219515,19.874895823618242,3038.6770469926673,19.856249780967154
114,3006.5122620634984,19.825804750515218,3042.640830764052,19.891078030277306,3059.061619565004,19.87415194725342,3030.498138548831,19.84297157239304,3054.6723840219515,19.87280928848111,3038.6770469926673,19.861363117784016
115,3006.5122620634984,19.837025826202115,3042.640830764052,19.845690652406596,3059.061619565004,19.845010432075497,3030.498138548831,19.870111807768687,3054.6723840219515,19.851546680951035,3038.6770469926673,19.849877079880788
116,3006.5122620634984,19.85743936081625,3042.640830764052,19.877530804442426,3059.061619565004,19.847722694220966,3030.498138548831,19.831165722509837,3054.6723840219515,19.86032444532702,3038.6770469926673,19.854836605463298
117,3006.5122620634984,19.87158784810136,3042.640830764052,19.84727708288137,3059.061619565004,19.85786754963558,3030.498138548831,19.84731317153358,3054.6723840219515,19.801995494190557,3038.6770469926673,19.84520822926849
118,3006.5122620634984,19.86039875287189,3042.640830764052,19.845536890768276,3059.061619565004,19.862185186782153,3030.498138548831,19.831490432640766,3054.6723840219515,19.850351631166113,3038.6770469926673,19.849992578845836
119,3006.5122620634984,19.84566920025678,3042.640830764052,19.85543709598805,3059.061619565004,19.874969609381704,3030.498138548831,19.847464224695322,3054.6723840219515,19.862927446150987,3038.6770469926673,19.85729351529457
120,3006.5122620634984,19.766146889141577,3042.640830764052,19.84547418648673,3059.061619565004,19.891649667255795,3030.498138548831,19.857423275300334,3054.6723840219515,19.873904611868717,3038.6770469926673,19.84691972601063
121,3006.5122620634984,19.80908739477049,3042.640830764052,19.867868557170763,3059.061619565004,19.840852227324724,3030.498138548831,19.860030291850464,3054.6723840219515,19.845108774372314,3038.6770469926673,19.844589449097747
122,3006.5122620634984,19.854556554705717,3042.640830764052,19.859020391467922,3059.061619565004,19.856239637829702,3030.498138548831,19.842080252000887,3054.6723840219515,19.848901497205404,3038.6770469926673,19.852159666641928
123,3006.5122620634984,19.837003556850508,3042.640830764052,19.82285037725731,3059.061619565004,19.872124147483266,3030.498138548831,19.84625511091105,3054.6723840219515,19.867423336979403,3038.6770469926673,19.849131305896304
124,3006.5122620634984,19.8598068364205,3042.640830764052,19.83297846607555,3059.061619565004,19.866305617481615,3030.498138548831,19.84477265886561,3054.6723840219515,19.828151909396514,3038.6770469926673,19.846403097647958
125,3006.5122620634984,19.867881472041283,3042.640830764052,19.82883691263528,3059.061619565004,19.8508171068911,3030.498138548831,19.839237673216047,3054.6723840219515,19.855454971708557,3038.6770469926673,19.848445627298453
126,3006.5122620634984,19.846975710693396,3042.640830764052,19.815348052847618,3059.061619565004,19.849909970308577,3030.498138548831,19.84842331476266,3054.6723840219515,19.83898048734644,3038.6770469926673,19.83992750719174
127,3006.5122620634984,19.865534650827197,3042.640830764052,19.779297068510182,3059.061619565004,19.8289064111614,3030.498138548831,19.83488744913651,3054.6723840219515,19.836505202024437,3038.6770469926673,19.829026156331942
128,3006.5122620634984,19.875388812943967,3042.640830764052,19.841264129463163,3059.061619565004,19.86049740174256,3030.498138548831,19.858604422725545,3054.6723840219515,19.86170887054508,3038.6770469926673,19.859492727484064
129,3006.5122620634984,19.85814192987938,3042.640830764052,19.806043619241667,3059.061619565004,19.850188291110268,3030.498138548831,19.863453538572617,3054.6723840219515,19.88255635671923,3038.6770469926673,19.852076747104633
130,3006.5122620634984,19.857486539523258,3042.640830764052,19.84665910482103,3059.061619565004,19.873178878258944,3030.498138548831,19.845549295445693,3054.6723840219515,19.85333329167701,3038.6770469926673,19.855241421945188
131,3006.5122620634984,19.79507278539411,3042.640830764052,19.85921835201206,3045.747158170357,19.890550755531198,3030.498138548831,19.858235655453715,3054.6723840219515,19.88357891623276,3036.014154713738,19.85733129292477
132,3006.5122620634984,19.842308073038602,3042.640830764052,19.861085595084866,3045.747158170357,19.87046205600044,3030.498138548831,19.838155021043892,3054.6723840219515,19.86034932689521,3036.014154713738,19.8544720144126
133,3006.5122620634984,19.85116757753884,3042.640830764052,19.86725036439754,3045.747158170357,19.84568205839404,3030.498138548831,19.869546234634587,3054.6723840219515,19.88241360823339,3036.014154713738,19.863211968639682
134,3006.5122620634984,19.870899031202004,3042.640830764052,19.87603359974111,3045.747158170357,19.88291145300377,3030.498138548831,19.862023260613142,3054.6723840219515,19.846067207229787,3036.014154713738,19.867586910357964
135,3006.5122620634984,19.876573597627143,3042.640830764052,19.831434519296828,3045.747158170357,19.83536519230547,3030.498138548831,19.8478538581716,3054.6723840219515,19.819006600807093,3036.014154713738,19.842046753641625
136,3006.5122620634984,19.794145508405474,3042.640830764052,19.800055275847676,3045.747158170357,19.862089001442907,3030.498138548831,19.825888511041782,3054.6723840219515,19.83545136400424,3036.014154713738,19.823525932148417
137,3006.5122620634984,19.838662307542336,3042.640830764052,19.868185398245117,3045.747158170357,19.84271013293522,3030.498138548831,19.814983871513526,3054.6723840219515,19.861336741411247,3036.014154713738,19.84517569032949
138,3006.5122620634984,19.839253142166896,3042.640830764052,19.85169478012139,3045.747158170357,19.865300814032718,3030.498138548831,19.852465517332828,3054.6723840219515,19.871031017054893,3036.014154713738,19.855949054141746
139,3006.5122620634984,19.83003379059222,3042.640830764052,19.83957862996523,3045.747158170357,19.851623051408577,3030.498138548831,19.83384620054395,3054.6723840219515,19.873490534633078,3036.014154713738,19.845714441428612
140,3006.5122620634984,19.817361375223047,3042.640830764052,19.85512323468823,3045.747158170357,19.85474044712965,3030.498138548831,19.80947589239307,3054.6723840219515,19.873434286022583,3036.014154713738,19.842027047091317
141,3006.5122620634984,19.82302776229906,3042.640830764052,19.84871389712269,3045.747158170357,19.848672308193688,3030.498138548831,19.85380495950893,3054.6723840219515,19.864650662779283,3036.014154713738,19.84777391798073
142,2996.2132433520396,19.839251957267447,3042.640830764052,19.85269958080486,3045.747158170357,19.86716200305673,3030.498138548831,19.885207234593608,3054.6723840219515,19.88512524947391,3033.9543509714463,19.86588920503931
143,2996.2132433520396,19.841973127471608,3042.640830764052,19.85554187637632,3045.747158170357,19.869345782923748,3030.498138548831,19.892860120811505,3054.6723840219515,19.83166963753269,3033.9543509714463,19.85827810902317
144,2996.2132433520396,19.842993714198524,3042.640830764052,19.838736125391573,3045.747158170357,19.87306078654368,3030.498138548831,19.831574151119344,3054.6723840219515,19.853929002513414,3033.9543509714463,19.848058755953307
145,2996.2132433520396,19.845766237765048,3042.640830764052,19.841107584825618,3045.747158170357,19.854772516781257,3030.498138548831,19.853475656740063,3054.6723840219515,19.85485588179359,3033.9543509714463,19.84999557558111
146,2996.2132433520396,19.81836281726979,3042.640830764052,19.832627837001713,3045.747158170357,19.84614319982384,3030.498138548831,19.86818995873048,3054.6723840219515,19.843261601740203,3033.9543509714463,19.841717082913203
147,2996.2132433520396,19.85740914464568,3042.640830764052,19.822048924883692,3045.747158170357,19.851757015919734,3030.498138548831,19.879146277636487,3054.6723840219515,19.833241502354603,3033.9543509714463,19.84872057308804
148,2996.2132433520396,19.87815319044265,3042.640830764052,19.85840150489222,3045.747158170357,19.882664281308145,3030.498138548831,19.83892203030005,3054.6723840219515,19.838545026646724,3033.9543509714463,19.85933720671796
149,2996.2132433520396,19.848437399580003,3042.640830764052,19.88240649855053,3045.747158170357,19.841159614354126,3030.498138548831,19.86736007744642,3054.6723840219515,19.868147414287577,3033.9543509714463,19.86150220084373
150,2996.2132433520396,19.831226108016352,3042.640830764052,19.855545119942008,3045.747158170357,19.826965305662867,3030.498138548831,19.852917868123754,3054.6723840219515,19.833663868448497,3033.9543509714463,19.840063654038694
151,2996.2132433520396,19.84291618305852,3042.640830764052,19.861078277074796,3045.747158170357,19.861563177358484,3030.498138548831,19.831304342275967,3054.6723840219515,19.820085689307984,3033.9543509714463,19.84338953381515
152,2996.2132433520396,19.83442173437947,3042.640830764052,19.789454774690974,3045.747158170357,19.82589685238816,3030.498138548831,19.83325833319851,3054.6723840219515,19.828869321220917,3033.9543509714463,19.822380203175605
153,2996.2132433520396,19.830158594775348,3042.640830764052,19.83575273800066,3045.747158170357,19.83735755633252,3030.498138548831,19.84368359462531,3054.6723840219515,19.82843478300512,3033.9543509714463,19.835077453347793
154,2996.2132433520396,19.872226252936766,3042.640830764052,19.824715127043888,3045.747158170357,19.82002235160582,3030.498138548831,19.862288143066053,3054.6723840219515,19.835464716003056,3033.9543509714463,19.84294331813112
155,2996.2132433520396,19.837617049941834,3042.640830764052,19.847305025732904,3045.747158170357,19.832511637970335,3030.498138548831,19.830565917545314,3054.6723840219515,19.823464548074618,3033.9543509714463,19.834292835853
156,2996.2132433520396,19.817278276357683,3042.640830764052,19.830513640420893,3045.747158170357,19.789407909517905,3030.498138548831,19.863207834937175,3054.6723840219515,19.79945157648171,3033.9543509714463,19.819971847543073
157,2996.2132433520396,19.827897565321027,3042.640830764052,19.82753539418162,3045.747158170357,19.873779283485398,3030.498138548831,19.862182355532067,3054.6723840219515,19.84940264965286,3033.9543509714463,19.848159449634593
158,2996.2132433520396,19.860822225383664,3042.640830764052,19.801333410157802,3045.747158170357,19.889623302933675,3030.498138548831,19.84003659635407,3054.6723840219515,19.860465034426284,3033.9543509714463,19.8504561138511
159,2996.2132433520396,19.877290567865426,3007.483891352796,19.852827523912712,3045.747158170357,19.858169930836,3013.4468620393054,19.848906214683925,3054.6723840219515,19.883454768073843,3023.51270778729,19.86412980107438
160,2996.2132433520396,19.86210603726964,3007.483891352796,19.84508769492358,3045.747158170357,19.885402275914274,3013.4468620393054,19.849450962125264,3054.6723840219515,19.85857125733328,3023.51270778729,19.860123645513205
161,2996.2132433520396,19.83256770594442,3007.483891352796,19.806991220810716,3045.747158170357,19.851061166326716,3013.4468620393054,19.86222307102164,3054.6723840219515,19.83676694399895,3023.51270778729,19.83792202162049
162,2996.2132433520396,19.88204379571884,3007.483891352796,19.826429840103074,3045.747158170357,19.834325590265774,3013.4468620393054,19.830830833910934,3054.6723840219515,19.798689988670937,3023.51270778729,19.834464009733914
163,2996.2132433520396,19.871762650698226,3007.483891352796,19.845928202795637,3045.747158170357,19.849879242042547,3013.4468620393054,19.815364734022655,3054.6723840219515,19.844938058062088,3023.51270778729,19.84557457752423
164,2996.2132433520396,19.85099231385026,3007.483891352796,19.864043223040145,3045.747158170357,19.851576383150928,3013.4468620393054,19.84220778059185,3054.6723840219515,19.817987147167422,3023.51270778729,19.845361369560123
165,2996.2132433520396,19.903265828037792,3007.483891352796,19.869509419406274,3045.747158170357,19.8108459966161,3013.4468620393054,19.812636869294252,3054.6723840219515,19.859469943708866,3023.51270778729,19.851145611412658
166,2996.2132433520396,19.890349392686343,3007.483891352796,19.84930924870582,3045.747158170357,19.832978285045503,3013.4468620393054,19.815840701152243,3054.6723840219515,19.834227114033943,3023.51270778729,19.84454094832477
167,2996.2132433520396,19.89606353022929,3007.483891352796,19.8292715848844,3045.747158170357,19.86772692179143,3013.4468620393054,19.810520891311533,3054.6723840219515,19.866162038894682,3023.51270778729,19.853948993422268
168,2996.2132433520396,19.874987762214232,3007.483891352796,19.836403133674214,3045.747158170357,19.90201231345301,3013.4468620393054,19.847893851709202,3054.6723840219515,19.87216971864516,3023.51270778729,19.866693355939162
169,2996.2132433520396,19.881441942429785,3007.483891352796,19.83253987446189,3045.747158170357,19.901454244052946,3013.4468620393054,19.84394844694903,3054.6723840219515,19.84638230017986,3023.51270778729,19.861153361614704
170,2996.2132433520396,19.87084108967716,3007.483891352796,19.873770568648542,3045.747158170357,19.832649531152104,3013.4468620393054,19.84353864106748,3054.6723840219515,19.845834004359492,3023.51270778729,19.853326766980956
171,2996.2132433520396,19.864581094756474,3007.483891352796,19.87989141217195,3045.747158170357,19.86019516528022,3013.4468620393054,19.87021127645163,3054.6723840219515,19.87389616643758,3023.51270778729,19.86975502301957
172,2996.2132433520396,19.852676255219404,3007.483891352796,19.869384387126964,3045.747158170357,19.873688724802612,3013.4468620393054,19.87019047166689,3054.6723840219515,19.870982690159696,3023.51270778729,19.867384505795112
173,2996.2132433520396,19.85587398683762,3007.483891352796,19.84311474929333,3045.747158170357,19.870611000407287,3013.4468620393054,19.869805421985085,3054.6723840219515,19.863851510793822,3023.51270778729,19.86065133386343
174,2996.2132433520396,19.868186086870754,3007.483891352796,19.8448127947194,3045.747158170357,19.859569232216153,3013.4468620393054,19.845995929578752,3054.6723840219515,19.853424029264744,3023.51270778729,19.85439761452996
175,2996.2132433520396,19.90251514713675,3007.483891352796,19.818398679565306,3028.05206691204,19.839320097856568,3013.4468620393054,19.805922193618564,3054.6723840219515,19.811394892989604,3019.9736895356264,19.83551020223336
176,2996.2132433520396,19.868490859544657,3007.483891352796,19.781104641450074,3028.05206691204,19.849608043991402,3013.4468620393054,19.805290319453054,3054.6723840219515,19.80347659697576,3019.9736895356264,19.82159409228299
177,2996.2132433520396,19.837687486615046,3007.483891352796,19.816097360288012,3028.05206691204,19.83670838779612,3013.4468620393054,19.846718927169647,3054.6723840219515,19.821489843756073,3019.9736895356264,19.83174040112498
178,2996.2132433520396,19.83279344719011,3007.483891352796,19.816904507817622,3028.05206691204,19.851846850265325,3013.4468620393054,19.83328838212231,3054.6723840219515,19.826651984642986,3019.9736895356264,19.832297034407667
179,2996.2132433520396,19.814650980617362,3007.483891352796,19.851138705253188,3028.05206691204,19.847358070898114,3013.4468620393054,19.847753796656548,3054.6723840219515,19.852881980544453,3019.9736895356264,19.84275670679393
180,2996.2132433520396,19.81503229150067,3007.483891352796,19.87397860914292,3028.05206691204,19.870630840165678,3013.4468620393054,19.833914319398794,3054.6723840219515,19.84112478882667,3019.9736895356264,19.846936169806945
181,2996.2132433520396,19.838770951194693,3007.483891352796,19.878861434753993,3028.05206691204,19.864650097022277,3013.4468620393054,19.823717432384804,3054.6723840219515,19.82204490574535,3019.9736895356264,19.845608964220226
182,2996.2132433520396,19.86696350549803,3007.483891352796,19.875270057148956,3028.05206691204,19.881235446728795,3013.4468620393054,19.875938374159965,3054.6723840219515,19.86515616592543,3019.9736895356264,19.872912709892237
183,2996.2132433520396,19.867398134575698,3007.483891352796,19.85884205386199,3028.05206691204,19.873429147403492,3013.4468620393054,19.854250753080617,3054.6723840219515,19.83365087937839,3019.9736895356264,19.857514193660034
184,2996.2132433520396,19.849451959862726,3007.483891352796,19.867986677620646,3028.05206691204,19.85147522682365,3013.4468620393054,19.826639896236042,3054.6723840219515,19.850719942000413,3019.9736895356264,19.849254740508695
185,2996.2132433520396,19.84224592868962,2973.1992156418964,19.841215254108647,3028.05206691204,19.85871039900065,3013.4468620393054,19.838755859175215,3054.6723840219515,19.85360260536205,3013.1167543934466,19.846906009267236
186,2996.2132433520396,19.860737131573963,2973.1992156418964,19.86786738753438,3028.05206691204,19.890949590992005,3013.4468620393054,19.884985147904548,3054.6723840219515,19.84559562653825,3013.1167543934466,19.870026976908626
187,2996.2132433520396,19.85283995298168,2973.1992156418964,19.877448013566617,3028.05206691204,19.853113473053256,3013.4468620393054,19.861508424744276,3054.6723840219515,19.84498670025732,3013.1167543934466,19.85797931292063
188,2996.2132433520396,19.89893513396052,2973.1992156418964,19.853893021339218,3028.05206691204,19.85471140735301,3013.4468620393054,19.80975035625829,3054.6723840219515,19.836134289822876,3013.1167543934466,19.850684841746784
189,2996.2132433520396,19.843666471110048,2973.1992156418964,19.84967797541944,3028.05206691204,19.852898554739863,3013.4468620393054,19.813582851425934,3054.6723840219515,19.821969822765166,3013.1167543934466,19.83635913509209
190,2996.2132433520396,19.87712356566428,2973.1992156418964,19.861670046837396,3028.05206691204,19.88449847577515,3013.4468620393054,19.859206174740294,3054.6723840219515,19.839686507287468,3013.1167543934466,19.864436954060917
191,2996.2132433520396,19.884595010203473,2973.1992156418964,19.831000581847196,3028.05206691204,19.877688911732978,3013.4468620393054,19.831137032990856,3054.6723840219515,19.859778105883024,3013.1167543934466,19.856839928531507
192,2996.2132433520396,19.875941603159973,2973.1992156418964,19.851812574691607,3028.05206691204,19.848511261614206,3013.4468620393054,19.839851591458277,3054.6723840219515,19.857847344280675,3013.1167543934466,19.854792875040946
193,2996.2132433520396,19.892931562563543,2973.1992156418964,19.86472633729381,3028.05206691204,19.867235220548842,3013.4468620393054,19.869894818122138,3054.6723840219515,19.825831028090295,3013.1167543934466,19.864123793323724
194,2996.2132433520396,19.86282181798349,2973.1992156418964,19.837935641707194,3028.05206691204,19.87089937111124,3013.4468620393054,19.868015670083025,3054.6723840219515,19.85425156037672,3013.1167543934466,19.858784812252335
195,2996.2132433520396,19.871819208269734,2973.1992156418964,19.79263716497666,3028.05206691204,19.857324519999903,3013.4468620393054,19.859090845549765,3054.6723840219515,19.853291446680558,3013.1167543934466,19.846832637095325
196,2996.2132433520396,19.867716367680703,2973.1992156418964,19.82440063848287,3028.05206691204,19.854174043698773,3013.4468620393054,19.843907027440643,3054.6723840219515,19.89390255236651,3013.1167543934466,19.8568201259339
197,2996.2132433520396,19.888844720055626,2973.1992156418964,19.84862889419992,3028.05206691204,19.8644695382084,3013.4468620393054,19.862197489365357,3051.452712897349,19.887838877573383,3012.472820168526,19.87039590388054
198,2996.2132433520396,19.885532601813775,2973.1992156418964,19.850585742520913,3028.05206691204,19.88995069596176,3013.4468620393054,19.867308553035482,3051.452712897349,19.85336160426517,3012.472820168526,19.86934783951942
199,2996.2132433520396,19.881143345470715,2973.1992156418964,19.835245369205317,3028.05206691204,19.866472635374105,3013.4468620393054,19.817523123768726,3051.452712897349,19.866521410269115,3012.472820168526,19.853381176817596
200,2996.2132433520396,19.86549651413073,2973.1992156418964,19.850255623621642,3028.05206691204,19.864350306031223,3013.4468620393054,19.77284538190315,3051.452712897349,19.823804981218938,3012.472820168526,19.83535056138114
201,2996.2132433520396,19.88260569072389,2973.1992156418964,19.882375880959067,3028.05206691204,19.843590028257495,3013.4468620393054,19.77129374773361,3051.452712897349,19.87869265088616,3012.472820168526,19.85171159971204
202,2996.2132433520396,19.884529468903622,2973.1992156418964,19.867889599578927,3028.05206691204,19.82618182771488,3013.4468620393054,19.831390177231718,3051.452712897349,19.829516978908337,3012.472820168526,19.8479016104675
203,2996.2132433520396,19.89185383551332,2973.1992156418964,19.863964239897914,3028.05206691204,19.843451309151494,3013.4468620393054,19.817572664230376,3051.452712897349,19.84356868149049,3012.472820168526,19.852082146056723
204,2996.2132433520396,19.880580515194776,2973.1992156418964,19.889317289078626,3028.05206691204,19.84654693008706,3013.4468620393054,19.834686178239384,3051.452712897349,19.842494383682144,3012.472820168526,19.858725059256397
205,2996.2132433520396,19.87435046642643,2973.1992156418964,19.8583712128515,3028.05206691204,19.881590733675782,3013.4468620393054,19.853260781053283,3051.452712897349,19.833466709864016,3012.472820168526,19.8602079807742
206,2996.2132433520396,19.886749647120702,2973.1992156418964,19.863761481259306,3028.05206691204,19.872028341799602,3013.4468620393054,19.841919242937394,3051.452712897349,19.864650520146068,3012.472820168526,19.865821846652615
207,2996.2132433520396,19.876581186816253,2973.1992156418964,19.85388880934704,3028.05206691204,19.877683805378116,3013.4468620393054,19.82663806828839,3051.452712897349,19.89454604772226,3012.472820168526,19.86586758351041
208,2996.2132433520396,19.854692067620178,2973.1992156418964,19.879153951227792,3028.05206691204,19.878732604694164,3013.4468620393054,19.812323457837543,3051.452712897349,19.883079068470025,3012.472820168526,19.86159622996994
209,2996.2132433520396,19.815894686154675,2973.1992156418964,19.85914068386065,3028.05206691204,19.89143080239022,3013.4468620393054,19.850040870426724,3051.452712897349,19.858291634368847,3012.472820168526,19.854959735440225
210,2996.2132433520396,19.82806281402772,2973.1992156418964,19.83706494632969,3028.05206691204,19.876908168205873,3013.4468620393054,19.825030956756567,3051.452712897349,19.84533666040751,3012.472820168526,19.84248070914547
211,2996.2132433520396,19.844447765576284,2973.1992156418964,19.82798410746362,3028.05206691204,19.858231218084004,3013.4468620393054,19.81396046190549,3051.452712897349,19.85636684013942,3012.472820168526,19.840198078633765
212,2996.2132433520396,19.82557556488754,2973.1992156418964,19.832368756937836,3028.05206691204,19.839229669859442,3013.4468620393054,19.84259460684355,3051.452712897349,19.833545347050332,3012.472820168526,19.83466278911574
213,2996.2132433520396,19.806818723634173,2973.1992156418964,19.84215606379931,3028.05206691204,19.83293244328782,3013.4468620393054,19.831159932468726,3051.452712897349,19.819612884261023,3012.472820168526,19.82653600949021
214,2996.2132433520396,19.834371502318614,2973.1992156418964,19.80605136067356,3028.05206691204,19.794499218302267,3013.4468620393054,19.882968662159666,3051.452712897349,19.86142225320776,3012.472820168526,19.835862599332376
215,2996.2132433520396,19.850048048486133,2973.1992156418964,19.837043163381253,3028.05206691204,19.830956753630222,3013.4468620393054,19.87721804124641,3051.452712897349,19.847654398305767,3012.472820168526,19.848584081009953
216,2996.2132433520396,19.844017595956423,2973.1992156418964,19.853909266469216,3028.05206691204,19.782310848530344,3013.4468620393054,19.87785516693445,3051.452712897349,19.868452337847884,3012.472820168526,19.84530904314766
217,2996.2132433520396,19.877798665509143,2973.1992156418964,19.864226193531188,3028.05206691204,19.79938384077306,3013.4468620393054,19.878833120067128,3051.452712897349,19.870402160019477,3012.472820168526,19.85812879598
218,2996.2132433520396,19.8144688602128,2973.1992156418964,19.890194889341828,3028.05206691204,19.800110389047514,3013.4468620393054,19.890365052486725,3051.452712897349,19.875486527791573,3012.472820168526,19.854125143776088
219,2996.2132433520396,19.837555951288277,2973.1992156418964,19.874341280110567,3028.05206691204,19.823265015328765,3013.4468620393054,19.851074989275002,3051.452712897349,19.870167052664147,3012.472820168526,19.85128085773335
220,2996.2132433520396,19.839425613604146,2973.1992156418964,19.892025072827288,3028.05206691204,19.881227009346535,3013.4468620393054,19.88504022720319,3051.452712897349,19.85615561663018,3012.472820168526,19.870774707922266
221,2996.2132433520396,19.8335721418365,2973.1992156418964,19.861823077808854,3028.05206691204,19.83597182693928,3013.4468620393054,19.87314607833597,3000.6499546063405,19.786946678543607,3002.3122685103244,19.83829196069284
222,2996.2132433520396,19.84493604717063,2973.1992156418964,19.8418427926431,3028.05206691204,19.84672596016692,3013.4468620393054,19.91044176382575,3000.6499546063405,19.84625800726292,3002.3122685103244,19.858040914213866
223,2996.2132433520396,19.83862908821035,2973.1992156418964,19.849657610302486,3028.05206691204,19.846949651472432,3013.4468620393054,19.89842163566837,3000.6499546063405,19.878101861466273,3002.3122685103244,19.862351969423983
224,2996.2132433520396,19.880918385262635,2973.1992156418964,19.86615189840601,3028.05206691204,19.837788714882173,3013.4468620393054,19.884842133346286,3000.6499546063405,19.90054783701798,3002.3122685103244,19.87404979378302
225,2996.2132433520396,19.875188458476707,2973.1992156418964,19.84984241455198,3028.05206691204,19.834015986676143,3013.4468620393054,19.86660256553264,3000.6499546063405,19.88919105424175,3002.3122685103244,19.862968095895845
226,2996.2132433520396,19.851390227055592,2973.1992156418964,19.83032313702884,3028.05206691204,19.857715069199195,3013.4468620393054,19.873480160565695,3000.6499546063405,19.853831348482196,3002.3122685103244,19.853347988466304
227,2996.2132433520396,19.83866314249023,2973.1992156418964,19.808372913137763,3028.05206691204,19.857252860795416,3013.4468620393054,19.876849552766547,3000.6499546063405,19.857588587683576,3002.3122685103244,19.847745411374706
228,2996.2132433520396,19.856076118712235,2973.1992156418964,19.795183323867533,3028.05206691204,19.857561505572928,3013.4468620393054,19.87621973760539,3000.6499546063405,19.8644749788897,3002.3122685103244,19.849903132929562
229,2996.2132433520396,19.88489595058731,2973.1992156418964,19.7985811489644,3028.05206691204,19.87402643656568,3013.4468620393054,19.857903871629354,3000.6499546063405,19.864627507018078,3002.3122685103244,19.856006982952966
230,2996.2132433520396,19.865832529157426,2973.1992156418964,19.85080767059547,3028.05206691204,19.89617826364649,3013.4468620393054,19.888025996388293,3000.6499546063405,19.869607540442406,3002.3122685103244,19.87409040004602
231,2996.2132433520396,19.85628601008443,2973.1992156418964,19.84605646732936,3028.05206691204,19.895327939051153,3013.4468620393054,19.8689159752769,3000.6499546063405,19.83309770619786,3002.3122685103244,19.859936819587936
232,2996.2132433520396,19.84561772114869,2973.1992156418964,19.87985521318436,3028.05206691204,19.87786279627685,3013.4468620393054,19.80385587056351,3000.6499546063405,19.812444654667786,3002.3122685103244,19.843927251168243
233,2996.2132433520396,19.866981854672915,2973.1992156418964,19.85946122992511,3028.05206691204,19.854058596951152,3013.4468620393054,19.82905603044541,3000.6499546063405,19.83774273359503,3002.3122685103244,19.849460089117922
234,2996.2132433520396,19.893091925500517,2973.1992156418964,19.846644271198105,3028.05206691204,19.836651774370388,3013.4468620393054,19.855918955321865,3000.6499546063405,19.85686719673062,3002.3122685103244,19.857834824624298
235,2996.2132433520396,19.840302090994584,2973.1992156418964,19.84138862171193,3028.05206691204,19.822374897495873,3013.4468620393054,19.87904271686765,3000.6499546063405,19.863440718614967,3002.3122685103244,19.849309809137
236,2996.2132433520396,19.85601650559686,2973.1992156418964,19.780069471022212,3028.05206691204,19.821849924141745,3013.4468620393054,19.811510444954337,3000.6499546063405,19.86907031054675,3002.3122685103244,19.82770333125238
237,2996.2132433520396,19.838984951991808,2973.1992156418964,19.827583211903185,3028.05206691204,19.868666085796743,3013.4468620393054,19.8576112281126,3000.6499546063405,19.917193227398407,3002.3122685103244,19.86200774104055
238,2996.2132433520396,19.80597470994037,2973.1992156418964,19.8644991905172,3028.05206691204,19.879219145798373,3013.4468620393054,19.85448220417933,3000.6499546063405,19.891057679555125,3002.3122685103244,19.85904658599808
239,2996.2132433520396,19.834301076591352,2973.1992156418964,19.828063221460717,3028.05206691204,19.880987129952246,3013.4468620393054,19.860077573688617,3000.6499546063405,19.882591160341,3002.3122685103244,19.857204032406788
240,2996.2132433520396,19.850032260879093,2973.1992156418964,19.873952264865938,3028.05206691204,19.863885954727888,3013.4468620393054,19.86611516139067,3000.6499546063405,19.881503657874735,3002.3122685103244,19.867097859947663
241,2996.2132433520396,19.864205467172226,2973.1992156418964,19.86668591308971,3028.05206691204,19.86488308182889,3013.4468620393054,19.854368356415026,3000.6499546063405,19.836899970974386,3002.3122685103244,19.857408557896047
242,2996.2132433520396,19.846298555722917,2973.1992156418964,19.837605813007183,3028.05206691204,19.85832924374508,3013.4468620393054,19.839256005621273,3000.6499546063405,19.847914774732896,3002.3122685103244,19.845880878565872
243,2996.2132433520396,19.8197183678118,2973.1992156418964,19.866682633589257,3028.05206691204,19.829796075987005,3013.4468620393054,19.863130269177756,3000.6499546063405,19.81218369841163,3002.3122685103244,19.83830220899549
244,2996.2132433520396,19.812932670772945,2973.1992156418964,19.883471552621693,3028.05206691204,19.812555014108632,3013.4468620393054,19.843390488572183,3000.6499546063405,19.850256396631703,3002.3122685103244,19.840521224541433
245,2996.2132433520396,19.82488904374764,2973.1992156418964,19.83879238531119,3028.05206691204,19.866093650347505,3013.4468620393054,19.877912461272242,3000.6499546063405,19.88030362288387,3002.3122685103244,19.85759823271249
246,2996.2132433520396,19.830872822091123,2973.1992156418964,19.862055057711064,3028.05206691204,19.876070562952638,3013.4468620393054,19.879823133942562,3000.6499546063405,19.8469930832055,3002.3122685103244,19.859162931980578
247,2996.2132433520396,19.830368666330866,2973.1992156418964,19.85454613401606,3028.05206691204,19.843825606092768,3013.4468620393054,19.847726388014998,3000.6499546063405,19.86967187966256,3002.3122685103244,19.84922773482345
248,2996.2132433520396,19.81809738505472,2973.1992156418964,19.81892617917835,3028.05206691204,19.840718621042306,3013.4468620393054,19.840469926354007,3000.6499546063405,19.861992900581267,3002.3122685103244,19.836041002442133
249,2996.2132433520396,19.85244905708515,2973.1992156418964,19.844048195457287,3028.05206691204,19.83334207126004,3013.4468620393054,19.8470036278222,3000.6499546063405,19.860909441872277,3002.3122685103244,19.847550478699393
250,2996.2132433520396,19.87325118078804,2973.1992156418964,19.874474010514177,3028.05206691204,19.846275903815933,3013.4468620393054,19.873459253217803,3000.6499546063405,19.855537388888663,3002.3122685103244,19.86459954744492
251,2996.2132433520396,19.861453293490502,2973.1992156418964,19.868073912676216,3028.05206691204,19.88871249632505,3013.4468620393054,19.834021275231514,3000.6499546063405,19.838811093007408,3002.3122685103244,19.85821441414614
252,2996.2132433520396,19.826144442476515,2973.1992156418964,19.875639915825204,3028.05206691204,19.92786026002625,3013.4468620393054,19.814010823538148,3000.6499546063405,19.83707847700548,3002.3122685103244,19.85614678377432
253,2996.2132433520396,19.833492241582462,2973.1992156418964,19.841281490278455,3028.05206691204,19.882031064249656,3013.4468620393054,19.81590968612628,3000.6499546063405,19.88365626427783,3002.3122685103244,19.851274149302935
254,2996.2132433520396,19.845656362816893,2973.1992156418964,19.822039064597536,3028.05206691204,19.824474858484514,3013.4468620393054,19.86815746243704,3000.6499546063405,19.825249770785817,3002.3122685103244,19.837115503824357
255,2996.2132433520396,19.854395109299627,2973.1992156418964,19.860747392369806,3028.05206691204,19.846736702726783,3013.4468620393054,19.86034301398484,3000.6499546063405,19.809446216216173,3002.3122685103244,19.846333686919444
256,2996.2132433520396,19.84768342332913,2973.1992156418964,19.852716850075158,3028.05206691204,19.88020419479426,3013.4468620393054,19.86939430562874,3000.6499546063405,19.832699004837384,3002.3122685103244,19.856539555732933
257,2996.2132433520396,19.854012468955414,2973.1992156418964,19.8142223103199,3028.05206691204,19.819531733431507,3013.4468620393054,19.865578381264918,3000.6499546063405,19.848079078390363,3002.3122685103244,19.840284794472417
258,2996.2132433520396,19.84761262983506,2973.1992156418964,19.834234081686905,3028.05206691204,19.82314430919043,3013.4468620393054,19.880228130257883,3000.6499546063405,19.834820946772474,3002.3122685103244,19.84400801954855
259,2996.2132433520396,19.854669232690092,2973.1992156418964,19.855361240921283,3028.05206691204,19.809016912468834,3013.4468620393054,19.89766159559627,3000.6499546063405,19.806520931598378,3002.3122685103244,19.84464598265497
260,2996.2132433520396,19.83829095271915,2973.1992156418964,19.887140048482088,3028.05206691204,19.846939024612386,3013.4468620393054,19.878180675905863,3000.6499546063405,19.84453536764728,3002.3122685103244,19.859017213873354
261,2996.2132433520396,19.86654435121051,2973.1992156418964,19.85796893207678,3028.05206691204,19.79526771142911,3013.4468620393054,19.881332420660808,3000.6499546063405,19.85289380397236,3002.3122685103244,19.850801443869916
262,2996.2132433520396,19.857660897141937,2973.1992156418964,19.854761990946812,3028.05206691204,19.81970160672377,3013.4468620393054,19.859932422510436,3000.6499546063405,19.845919262785937,3002.3122685103244,19.84759523602178
263,2996.2132433520396,19.854989629886944,2973.1992156418964,19.795552461088015,3028.05206691204,19.830714357843473,3013.4468620393054,19.859319135891766,3000.6499546063405,19.882574597173257,3002.3122685103244,19.844630036376692
264,2996.2132433520396,19.858703495839634,2973.1992156418964,19.822767934515486,3028.05206691204,19.83054042439513,3013.4468620393054,19.874280604998333,3000.6499546063405,19.826276976776448,3002.3122685103244,19.842513887305007
265,2996.2132433520396,19.843695915222437,2973.1992156418964,19.853488029915408,3028.05206691204,19.869600939396893,3013.4468620393054,19.8580223381171,3000.6499546063405,19.828788878413565,3002.3122685103244,19.85071922021308
266,2996.2132433520396,19.858446274632023,2973.1992156418964,19.866823506358564,3028.05206691204,19.879041514209902,3013.4468620393054,19.830878256904196,3000.6499546063405,19.877066833231638,3002.3122685103244,19.862451277067265
267,2996.2132433520396,19.84318074961599,2973.1992156418964,19.867352254006285,3028.05206691204,19.873109748029893,3013.4468620393054,19.85967006899449,3000.6499546063405,19.85047656517086,3002.3122685103244,19.858757877163505
268,2996.2132433520396,19.87452136261967,2973.1992156418964,19.87067605414695,3028.05206691204,19.821776395665136,3013.4468620393054,19.86430541981467,3000.6499546063405,19.854081755455944,3002.3122685103244,19.857072197540475
269,2996.2132433520396,19.858564769909847,2973.1992156418964,19.851931226879234,3028.05206691204,19.845320468203266,3013.4468620393054,19.859653103277342,3000.6499546063405,19.881687481405862,3002.3122685103244,19.85943140993511
270,2996.2132433520396,19.83517578693544,2973.1992156418964,19.87751925202212,3028.05206691204,19.818859443863015,3013.4468620393054,19.859536290565515,3000.6499546063405,19.825076087258594,3002.3122685103244,19.84323337212894
271,2996.2132433520396,19.840166714313206,2973.1992156418964,19.82862320750027,3028.05206691204,19.81122671683418,3013.4468620393054,19.854522296065873,3000.6499546063405,19.81073990266799,3002.3122685103244,19.8290557674763
272,2996.2132433520396,19.829608815093916,2973.1992156418964,19.870991721730373,3028.05206691204,19.83563712792011,3013.4468620393054,19.855240950829863,3000.6499546063405,19.84492188905806,3002.3122685103244,19.84728010092646
273,2996.2132433520396,19.877623332923378,2973.1992156418964,19.883533871030068,3028.05206691204,19.851756537582748,3013.4468620393054,19.85626710139473,3000.6499546063405,19.83741298712484,3002.3122685103244,19.861318766011152
274,2996.2132433520396,19.861303297163435,2973.1992156418964,19.85760526392797,3028.05206691204,19.805208156841815,3013.4468620393054,19.867572729681587,3000.6499546063405,19.81069228767996,3002.3122685103244,19.840476347058953
275,2996.2132433520396,19.810382385823086,2973.1992156418964,19.883441095532064,3028.05206691204,19.825959660122006,3013.4468620393054,19.87017925025057,3000.6499546063405,19.83608656180577,3002.3122685103244,19.8452097907067
276,2996.2132433520396,19.82690059898422,2973.1992156418964,19.858132683494855,3028.05206691204,19.833851669286513,3013.4468620393054,19.818737496147456,3000.6499546063405,19.807884555823946,3002.3122685103244,19.829101400747398
277,2996.2132433520396,19.828084601252115,2973.1992156418964,19.86971091156349,3028.05206691204,19.853358106822864,3013.4468620393054,19.810730074681928,3000.6499546063405,19.855501556999496,3002.3122685103244,19.843477050263978
278,2996.2132433520396,19.81101555871076,2973.1992156418964,19.85911313754102,3028.05206691204,19.816411875340417,3013.4468620393054,19.82883872590183,3000.6499546063405,19.81809103960006,3002.3122685103244,19.82669406741882
279,2996.2132433520396,19.823037023615957,2973.1992156418964,19.851674782744936,3028.05206691204,19.832885696327182,3013.4468620393054,19.87890008103594,3000.6499546063405,19.83873072241763,3002.3122685103244,19.84504566122833
280,2996.2132433520396,19.844349162729756,2973.1992156418964,19.85582367834737,3028.05206691204,19.84185496871765,3013.4468620393054,19.88341762476168,3000.6499546063405,19.847827783044536,3002.3122685103244,19.8546546435202
281,2996.2132433520396,19.845457515357097,2973.1992156418964,19.861571458420922,3028.05206691204,19.837554649032494,3013.4468620393054,19.86714743607056,3000.6499546063405,19.859595013542403,3002.3122685103244,19.8542652144847
282,2996.2132433520396,19.83829372494799,2973.1992156418964,19.846254111034654,3028.05206691204,19.806307204848338,3013.4468620393054,19.897557480641478,3000.6499546063405,19.846359800746672,3002.3122685103244,19.846954464443826
283,2996.2132433520396,19.842781232622304,2973.1992156418964,19.80485934262409,3028.05206691204,19.849070104906293,3013.4468620393054,19.83693123634146,3000.6499546063405,19.876891828095516,3002.3122685103244,19.842106748917935
284,2996.2132433520396,19.85622663023843,2973.1992156418964,19.820827251007444,3028.05206691204,19.845402234792687,3013.4468620393054,19.86530837222783,3000.6499546063405,19.821761139191587,3002.3122685103244,19.841905125491593
285,2996.2132433520396,19.844799135259574,2973.1992156418964,19.81800500342041,3028.05206691204,19.87481310566017,3013.4468620393054,19.88427063154461,3000.6499546063405,19.847436475439547,3002.3122685103244,19.853864870264864
286,2996.2132433520396,19.877344598739715,2973.1992156418964,19.81621568196688,3028.05206691204,19.862754251847857,3013.4468620393054,19.865904338555367,3000.6499546063405,19.83459662714985,3002.3122685103244,19.851363099651934
287,2996.2132433520396,19.88752003472105,2973.1992156418964,19.81504010483656,3028.05206691204,19.88502356144683,3013.4468620393054,19.832941717427193,3000.6499546063405,19.86272483013067,3002.3122685103244,19.85665004971246
288,2996.2132433520396,19.83982983650657,2973.1992156418964,19.780664540986656,3028.05206691204,19.873981454429217,3013.4468620393054,19.83867434766127,3000.6499546063405,19.848372791082124,3002.3122685103244,19.836304594133168
289,2996.2132433520396,19.864084295461677,2973.1992156418964,19.802592612371374,3028.05206691204,19.880883089285845,3013.4468620393054,19.856900010034053,3000.6499546063405,19.84326401159951,3002.3122685103244,19.84954480375049
290,2996.2132433520396,19.874172921498158,2973.1992156418964,19.842047613102896,3028.05206691204,19.87596285892934,3013.4468620393054,19.884176274779055,3000.6499546063405,19.845955510845997,3002.3122685103244,19.864463035831086
291,2996.2132433520396,19.84291743448959,2973.1992156418964,19.859078720781067,3028.05206691204,19.866317202128254,3013.4468620393054,19.85929785573322,3000.6499546063405,19.823149992949173,3002.3122685103244,19.850152241216257
292,2996.2132433520396,19.84895829564018,2973.1992156418964,19.88861386298826,3028.05206691204,19.87397231106953,3013.4468620393054,19.874033681678636,3000.6499546063405,19.844196266777725,3002.3122685103244,19.865954883630867
293,2996.2132433520396,19.845508722972806,2973.1992156418964,19.8539529269726,3028.05206691204,19.86266116420248,3013.4468620393054,19.885348780208936,3000.6499546063405,19.85974200679584,3002.3122685103244,19.86144272023053
294,2996.2132433520396,19.84194412267265,2973.1992156418964,19.858984502096643,3028.05206691204,19.83257426504681,3013.4468620393054,19.858451454229318,3000.6499546063405,19.836414189467007,3002.3122685103244,19.845673706702485
295,2996.2132433520396,19.86735835737198,2973.1992156418964,19.848278789505564,3028.05206691204,19.834107063844435,3013.4468620393054,19.840265454473787,3000.6499546063405,19.878410930749194,3002.3122685103244,19.85368411918899
296,2996.2132433520396,19.8576445287857,2973.1992156418964,19.78228062057675,3028.05206691204,19.83915226817875,3013.4468620393054,19.85564693747332,3000.6499546063405,19.882132160692457,3002.3122685103244,19.843371303141396
297,2996.2132433520396,19.8577168060427,2973.1992156418964,19.824388547649843,3028.05206691204,19.83312848176106,3013.4468620393054,19.884799608715515,3000.6499546063405,19.850941953344673,3002.3122685103244,19.850195079502758
298,2996.2132433520396,19.799306120512348,2973.1992156418964,19.82768084830217,3028.05206691204,19.847689900780615,3013.4468620393054,19.899858711736663,3000.6499546063405,19.85327970365735,3002.3122685103244,19.84556305699783
299,2996.2132433520396,19.809588327540897,2973.1992156418964,19.865323824275098,3028.05206691204,19.881425087322206,3013.4468620393054,19.87035444052909,3000.6499546063405,19.871288402940866,3002.3122685103244,19.859596016521632
300,2996.2132433520396,19.794921172758794,2973.1992156418964,19.846254084326223,3028.05206691204,19.886520126920654,3013.4468620393054,19.874394300491144,3000.6499546063405,19.876432275254313,3002.3122685103244,19.855704391950226
301,2996.2132433520396,19.81523900431259,2973.1992156418964,19.85885630344413,3028.05206691204,19.84756157999686,3013.4468620393054,19.889535825660527,3000.6499546063405,19.87911076356129,3002.3122685103244,19.85806069539508
302,2996.2132433520396,19.82569489529396,2973.1992156418964,19.853615752611297,3028.05206691204,19.872922763970085,3013.4468620393054,19.88626921161299,3000.6499546063405,19.825078492323726,3002.3122685103244,19.85271622316241
303,2996.2132433520396,19.834582618392318,2973.1992156418964,19.862420865267993,3028.05206691204,19.853954445490682,3013.4468620393054,19.892502420067427,3000.6499546063405,19.839331989972447,3002.3122685103244,19.856558467838177
304,2996.2132433520396,19.847765081634847,2973.1992156418964,19.883093773576785,3028.05206691204,19.868806961002086,3013.4468620393054,19.880706861854076,3000.6499546063405,19.850704326361644,3002.3122685103244,19.866215400885885
305,2996.2132433520396,19.876718554987946,2973.1992156418964,19.8648449352894,3028.05206691204,19.816795756670043,3013.4468620393054,19.896214710487225,3000.6499546063405,19.865684377524243,3002.3122685103244,19.864051666991774
306,2996.2132433520396,19.821734891850287,2973.1992156418964,19.846668166613416,3028.05206691204,19.833251743632584,3013.4468620393054,19.86780695574687,3000.6499546063405,19.86669776626891,3002.3122685103244,19.847231904822415
307,2996.2132433520396,19.84899494372879,2973.1992156418964,19.85035405108065,3028.05206691204,19.83535282895438,3013.4468620393054,19.85681447498995,3000.6499546063405,19.81850354463021,3002.3122685103244,19.842003968676796
308,2996.2132433520396,19.861112549249846,2973.1992156418964,19.882383081383846,3028.05206691204,19.860894579355502,3013.4468620393054,19.848691750936435,3000.6499546063405,19.859880000157563,3002.3122685103244,19.862592392216637
309,2996.2132433520396,19.87644829013907,2973.1992156418964,19.866833615454638,3028.05206691204,19.870200943139363,3013.4468620393054,19.873314678150823,3000.6499546063405,19.871733158135125,3002.3122685103244,19.871706137003805
310,2996.2132433520396,19.870720517293936,2973.1992156418964,19.87105734715132,3028.05206691204,19.861742052017572,3013.4468620393054,19.848600718787704,3000.6499546063405,19.880187196383165,3002.3122685103244,19.86646156632674
311,2996.2132433520396,19.88011726861053,2973.1992156418964,19.87334294446964,3028.05206691204,19.860964227920263,3013.4468620393054,19.889336354742447,3000.6499546063405,19.87948766629044,3002.3122685103244,19.876649692406666
312,2996.2132433520396,19.869764330145248,2973.1992156418964,19.8652262156386,3028.05206691204,19.85148610881606,3013.4468620393054,19.889435032692383,3000.6499546063405,19.891711144850124,3002.3122685103244,19.873524566428483
313,2996.2132433520396,19.864513223160817,2973.1992156418964,19.87284007205636,3028.05206691204,19.830662466423526,3013.4468620393054,19.861378122613214,3000.6499546063405,19.87533494262793,3002.3122685103244,19.860945765376368
314,2996.2132433520396,19.85196332438617,2973.1992156418964,19.8255817968813,3028.05206691204,19.832937156464798,3013.4468620393054,19.864569839415765,3000.6499546063405,19.854570867395587,3002.3122685103244,19.845924596908723
315,2996.2132433520396,19.827354951945832,2973.1992156418964,19.845677610425863,3028.05206691204,19.842038998332267,3013.4468620393054,19.8595699107243,3000.6499546063405,19.891708769097136,3002.3122685103244,19.85327004810508
316,2996.2132433520396,19.876511713469892,2973.1992156418964,19.82666103012218,3028.05206691204,19.831091894169244,3013.4468620393054,19.857709505981433,3000.6499546063405,19.869614903471152,3002.3122685103244,19.85231780944278
317,2996.2132433520396,19.88194032002062,2973.1992156418964,19.80444307609614,3028.05206691204,19.870383476240633,3013.4468620393054,19.83504571766704,3000.6499546063405,19.850712922027913,3002.3122685103244,19.848505102410467
318,2996.2132433520396,19.85812184780107,2973.1992156418964,19.80490261947301,3028.05206691204,19.85815638172897,3013.4468620393054,19.821070329373097,3000.6499546063405,19.81190143336341,3002.3122685103244,19.830830522347913
319,2996.2132433520396,19.88880781816322,2973.1992156418964,19.81020419349902,3028.05206691204,19.865293998279082,3013.4468620393054,19.859943871520976,3000.6499546063405,19.836661067334166,3002.3122685103244,19.85218218975929
320,2996.2132433520396,19.846836740222123,2973.1992156418964,19.85055055751728,3028.05206691204,19.872472328601336,3013.4468620393054,19.867629027648213,3000.6499546063405,19.842885582484183,3002.3122685103244,19.85607484729463
321,2996.2132433520396,19.81488641978417,2973.1992156418964,19.833739196906514,3028.05206691204,19.855596880313215,3013.4468620393054,19.869654944998732,2934.1112796301168,19.859821031735404,2989.00453351508,19.846739694747605
322,2996.2132433520396,19.87092131060847,2973.1992156418964,19.87629948580689,3028.05206691204,19.82965523738393,3013.4468620393054,19.849515315731036,2934.1112796301168,19.84800685428968,2989.00453351508,19.854879640764004
323,2996.2132433520396,19.830241125803575,2973.1992156418964,19.86290073902737,3028.05206691204,19.84928254098462,3013.4468620393054,19.8240777999205,2934.1112796301168,19.86851386248413,2989.00453351508,19.84700321364404
324,2996.2132433520396,19.862652168778137,2973.1992156418964,19.892171484104562,3028.05206691204,19.846576795184973,3013.4468620393054,19.868254544744644,2934.1112796301168,19.856075462734353,2989.00453351508,19.86514609110933
325,2996.2132433520396,19.80464765363176,2973.1992156418964,19.85253405111357,3028.05206691204,19.86845389458018,3013.4468620393054,19.839741786778273,2934.1112796301168,19.85168413394743,2989.00453351508,19.843412304010243
326,2996.2132433520396,19.856299897465263,2973.1992156418964,19.870544357115644,3028.05206691204,19.855767228851054,3013.4468620393054,19.8431561507425,2934.1112796301168,19.88667577899231,2989.00453351508,19.862488682633355
327,2996.2132433520396,19.87569951035382,2973.1992156418964,19.81067633832208,3028.05206691204,19.89071814874917,3013.4468620393054,19.87907406930011,2934.1112796301168,19.864444318925624,2989.00453351508,19.86412247713016
328,2996.2132433520396,19.88076230983736,2973.1992156418964,19.8631280921815,3028.05206691204,19.84111454535686,3013.4468620393054,19.89590395355583,2934.1112796301168,19.84952475967043,2989.00453351508,19.866086732120397
329,2996.2132433520396,19.89191377359226,2973.1992156418964,19.846130610629285,3028.05206691204,19.83028493308805,3013.4468620393054,19.86914024659493,2934.1112796301168,19.861721041925442,2989.00453351508,19.859838121165996
330,2996.2132433520396,19.836030397693772,2973.1992156418964,19.844168689236785,3028.05206691204,19.81238625226422,3013.4468620393054,19.88505481589498,2934.1112796301168,19.84804081376605,2989.00453351508,19.84513619377116
331,2996.2132433520396,19.831118125629274,2973.1992156418964,19.819297178226385,3028.05206691204,19.824867448996507,3013.4468620393054,19.85843512180846,2934.1112796301168,19.8407383011472,2989.00453351508,19.834891235161564
332,2996.2132433520396,19.85769983667749,2973.1992156418964,19.85457602893205,3028.05206691204,19.856467898142288,3013.4468620393054,19.856557218748062,2934.1112796301168,19.84323162173924,2989.00453351508,19.853706520847826
333,2996.2132433520396,19.862043032162124,2973.1992156418964,19.811973373715247,3028.05206691204,19.871276758191385,3013.4468620393054,19.874448712629786,2934.1112796301168,19.840435655318498,2989.00453351508,19.852035506403407
334,2996.2132433520396,19.835283614023343,2973.1992156418964,19.83704323343001,3028.05206691204,19.87096812420301,3013.4468620393054,19.866402339798196,2934.1112796301168,19.86793853204209,2989.00453351508,19.85552716869933
335,2996.2132433520396,19.8170932277614,2973.1992156418964,19.87535968370184,3028.05206691204,19.861857620095062,3013.4468620393054,19.853089441666043,2934.1112796301168,19.844654100710702,2989.00453351508,19.850410814787008
336,2996.2132433520396,19.843302740943567,2973.1992156418964,19.823473699577598,3028.05206691204,19.868051574484422,3013.4468620393054,19.837311525269396,2934.1112796301168,19.808944947774485,2989.00453351508,19.836216897609894
337,2996.2132433520396,19.86925541347552,2973.1992156418964,19.862492015029435,3028.05206691204,19.86950183729514,3013.4468620393054,19.819045459647885,2934.1112796301168,19.820170936222773,2989.00453351508,19.84809313233415
338,2996.2132433520396,19.84590200194435,2973.1992156418964,19.895940711328002,3028.05206691204,19.8641393231995,3013.4468620393054,19.77304523601498,2934.1112796301168,19.85812571015571,2989.00453351508,19.847430596528504
339,2996.2132433520396,19.87052961077233,2973.1992156418964,19.876935532985225,3028.05206691204,19.88551105371409,3013.4468620393054,19.82115052980042,2934.1112796301168,19.840881388860485,2989.00453351508,19.85900162322651
340,2996.2132433520396,19.874849095255904,2973.1992156418964,19.876934884204704,3028.05206691204,19.85192318362854,3013.4468620393054,19.85175425325129,2934.1112796301168,19.85375089315455,2989.00453351508,19.861842461899
341,2996.2132433520396,19.811663641867465,2973.1992156418964,19.879335367393423,3028.05206691204,19.8397774331509,3013.4468620393054,19.824985137083967,2934.1112796301168,19.845982086102904,2989.00453351508,19.840348733119733
342,2996.2132433520396,19.828806432043596,2973.1992156418964,19.869243732987716,3028.05206691204,19.857037482555285,3013.4468620393054,19.86115747065873,2934.1112796301168,19.863069097914746,2989.00453351508,19.855862843232014
343,2996.2132433520396,19.87690611846304,2973.1992156418964,19.870043492142422,3028.05206691204,19.875038466089304,3013.4468620393054,19.88172826529599,2934.1112796301168,19.853231329176683,2989.00453351508,19.871389534233487
344,2996.2132433520396,19.87858205543109,2973.1992156418964,19.85198542053588,3028.05206691204,19.854381280847523,3013.4468620393054,19.850869588505635,2934.1112796301168,19.838569322843224,2989.00453351508,19.854877533632667
345,2996.2132433520396,19.900560725827876,2973.1992156418964,19.8804010232083,3028.05206691204,19.846299457468373,3013.4468620393054,19.830559130219722,2934.1112796301168,19.881975916302768,2989.00453351508,19.86795925060541
346,2996.2132433520396,19.872352375145713,2973.1992156418964,19.874287712768155,3028.05206691204,19.84447328448671,3013.4468620393054,19.819901443216438,2934.1112796301168,19.852009260635967,2989.00453351508,19.852604815250597
347,2996.2132433520396,19.87568752363466,2973.1992156418964,19.876799413738233,3028.05206691204,19.861251723885616,3013.4468620393054,19.795404439402116,2934.1112796301168,19.848778881410393,2989.00453351508,19.851584396414204
348,2996.2132433520396,19.837875821222273,2973.1992156418964,19.87521232863441,3028.05206691204,19.841424191249477,3013.4468620393054,19.8071314090104,2934.1112796301168,19.876202663679244,2989.00453351508,19.84756928275916
349,2996.2132433520396,19.85340780181816,2973.1992156418964,19.90851693853029,3028.05206691204,19.847091383298274,3013.4468620393054,19.807373567070893,2934.1112796301168,19.818340077830904,2989.00453351508,19.846945953709707
350,2996.2132433520396,19.85190012662385,2973.1992156418964,19.852984041171155,3028.05206691204,19.870599737220367,3013.4468620393054,19.84426601521338,2934.1112796301168,19.83782870867625,2989.00453351508,19.851515725781002
351,2996.2132433520396,19.827082520928222,2973.1992156418964,19.843055127672933,3028.05206691204,19.84364576807247,3013.4468620393054,19.881009186191093,2934.1112796301168,19.856519077299026,2989.00453351508,19.85026233603275
352,2996.2132433520396,19.80723072317448,2973.1992156418964,19.88431554703492,3028.05206691204,19.846446803262076,3013.4468620393054,19.865138531907824,2934.1112796301168,19.854868572127156,2989.00453351508,19.851600035501292
353,2996.2132433520396,19.833035878536837,2973.1992156418964,19.874600889553637,3028.05206691204,19.865791346344132,3013.4468620393054,19.856695961810797,2934.1112796301168,19.87261181680359,2989.00453351508,19.8605471786098
354,2996.2132433520396,19.865725747667852,2973.1992156418964,19.894255540675992,3028.05206691204,19.860818916880923,3013.4468620393054,19.8297227913796,2934.1112796301168,19.903857595520012,2989.00453351508,19.870876118424874
355,2996.2132433520396,19.855934425440118,2973.1992156418964,19.885530685795775,3028.05206691204,19.786808502915523,3013.4468620393054,19.838928075039654,2934.1112796301168,19.86232934668164,2989.00453351508,19.84590620717454
356,2996.2132433520396,19.872085611634283,2973.1992156418964,19.846163989017032,3028.05206691204,19.810332150480164,3013.4468620393054,19.832448306937938,2934.1112796301168,19.83543414834176,2989.00453351508,19.839292841282237
357,2996.2132433520396,19.861627895448375,2973.1992156418964,19.892654052850386,3028.05206691204,19.797937620072116,3013.4468620393054,19.798789202350505,2934.1112796301168,19.80692596477662,2989.00453351508,19.831586947099602
358,2996.2132433520396,19.861572318927205,2973.1992156418964,19.853257377868132,3028.05206691204,19.82830547621376,3013.4468620393054,19.784589599675616,2934.1112796301168,19.86367487754971,2989.00453351508,19.838279930046884
359,2996.2132433520396,19.884455779256555,2973.1992156418964,19.861529876078905,3028.05206691204,19.837267556473,3013.4468620393054,19.868093033041415,2934.1112796301168,19.80414413641832,2989.00453351508,19.85109807625364
360,2996.2132433520396,19.86977455452922,2973.1992156418964,19.873996477071156,3028.05206691204,19.82213057071239,3013.4468620393054,19.85196662945916,2934.1112796301168,19.79322396059764,2989.00453351508,19.842218438473914
361,2996.2132433520396,19.892195912932223,2973.1992156418964,19.86206027748143,3028.05206691204,19.873060992000834,3013.4468620393054,19.88391610781493,2934.1112796301168,19.8007121857079,2989.00453351508,19.86238909518746
362,2996.2132433520396,19.827060263946148,2973.1992156418964,19.863273275250194,3028.05206691204,19.86296936922714,3013.4468620393054,19.846107348122892,2934.1112796301168,19.805555095662623,2989.00453351508,19.840993070441804
363,2996.2132433520396,19.85607415614664,2973.1992156418964,19.871372366015404,3028.05206691204,19.856996849714317,3013.4468620393054,19.864524615328875,2934.1112796301168,19.837348665322537,2989.00453351508,19.857263330505553
364,2996.2132433520396,19.835774230525594,2973.1992156418964,19.868366875841357,3028.05206691204,19.878107517384755,3013.4468620393054,19.834980844887372,2934.1112796301168,19.861732596417788,2989.00453351508,19.855792413011375
365,2996.2132433520396,19.892937165395402,2973.1992156418964,19.841875445332253,3028.05206691204,19.881794476005954,3013.4468620393054,19.84902608052869,2934.1112796301168,19.864061689266553,2989.00453351508,19.86593897130577
366,2996.2132433520396,19.858074197812645,2973.1992156418964,19.85322423431148,3028.05206691204,19.88478109621931,3013.4468620393054,19.837933743061374,2934.1112796301168,19.86652787853504,2989.00453351508,19.86010822998797
367,2996.2132433520396,19.884581036821494,2973.1992156418964,19.84936405517893,3028.05206691204,19.83711473387946,3013.4468620393054,19.876900789957787,2934.1112796301168,19.846500925899782,2989.00453351508,19.858892308347492
368,2996.2132433520396,19.85606450913322,2973.1992156418964,19.76191702536232,3028.05206691204,19.834067639810932,3013.4468620393054,19.871053544000684,2934.1112796301168,19.825811564016025,2989.00453351508,19.829782856464636
369,2996.2132433520396,19.84605021464037,2973.1992156418964,19.765173874171914,3028.05206691204,19.854039853096527,3013.4468620393054,19.893191260362592,2934.1112796301168,19.820242247652747,2989.00453351508,19.83573948998483
370,2996.2132433520396,19.848949999562816,2973.1992156418964,19.798932049936074,3028.05206691204,19.848076087918663,3013.4468620393054,19.866793431363266,2934.1112796301168,19.88240702970373,2989.00453351508,19.84903171969691
371,2996.2132433520396,19.8876756080733,2973.1992156418964,19.85789436729803,3028.05206691204,19.858569306948926,3013.4468620393054,19.851079414761912,2934.1112796301168,19.876698138077845,2989.00453351508,19.866383367032004
372,2996.2132433520396,19.887526028423476,2973.1992156418964,19.8620748355556,3028.05206691204,19.833542288699554,3013.4468620393054,19.814383995575067,2934.1112796301168,19.852151155635653,2989.00453351508,19.84993566077787
373,2996.2132433520396,19.863011061056525,2973.1992156418964,19.85172915470451,3028.05206691204,19.85494944816496,3013.4468620393054,19.841781556666252,2934.1112796301168,19.81689002756827,2989.00453351508,19.845672249632106
374,2996.2132433520396,19.83414769994564,2973.1992156418964,19.85011448563656,3028.05206691204,19.88545196088158,3013.4468620393054,19.874021336741432,2934.1112796301168,19.838158814551356,2989.00453351508,19.856378859551313
375,2996.2132433520396,19.78233975254452,2969.4273902378254,19.82763034876763,3028.05206691204,19.87444738424354,3013.4468620393054,19.893974967715298,2934.1112796301168,19.79503473907427,2988.250168434265,19.83468543846905
376,2996.2132433520396,19.78806128850775,2969.4273902378254,19.834214623332688,3028.05206691204,19.874586956641444,3013.4468620393054,19.87004417820315,2934.1112796301168,19.83646265084214,2988.250168434265,19.840673939505432
377,2996.2132433520396,19.78252781199576,2969.4273902378254,19.873773456648888,3028.05206691204,19.810148151599524,3013.4468620393054,19.875094425174005,2934.1112796301168,19.836538147060544,2988.250168434265,19.835616398495745
378,2996.2132433520396,19.82909850274708,2969.4273902378254,19.87146564026689,3028.05206691204,19.87804495595562,3010.2286645755808,19.837477170714443,2934.1112796301168,19.87435472380195,2987.6065289415205,19.858088198697196
379,2996.2132433520396,19.844744512546374,2969.4273902378254,19.884818406495302,3028.05206691204,19.881153349632143,3010.2286645755808,19.83745540221018,2934.1112796301168,19.883802381410252,2987.6065289415205,19.86639481045885
380,2996.2132433520396,19.829989274429924,2969.4273902378254,19.855566285418373,3028.05206691204,19.881940488048343,3010.2286645755808,19.82774503438671,2934.1112796301168,19.862721020191188,2987.6065289415205,19.851592420494907
381,2996.2132433520396,19.836041401438607,2969.4273902378254,19.849147123431116,3028.05206691204,19.846369742478416,3010.2286645755808,19.867705969161978,2934.1112796301168,19.812733024225523,2987.6065289415205,19.842399452147127
382,2996.2132433520396,19.839823588418888,2969.4273902378254,19.847392461545997,3028.05206691204,19.78733503552231,3010.2286645755808,19.85205417905728,2934.1112796301168,19.77848941212048,2987.6065289415205,19.821018935332994
383,2996.2132433520396,19.845745253055505,2969.4273902378254,19.85526586707646,3028.05206691204,19.78135177954281,3010.2286645755808,19.862608934767067,2934.1112796301168,19.82449992666826,2987.6065289415205,19.833894352222025
384,2996.2132433520396,19.858574292697043,2969.4273902378254,19.85870546069752,3028.05206691204,19.855951688503875,3010.2286645755808,19.860821531179266,2934.1112796301168,19.84057976248096,2987.6065289415205,19.854926547111734
385,2996.2132433520396,19.876637394193942,2969.4273902378254,19.826897433635988,3028.05206691204,19.836172051252372,3010.2286645755808,19.883613637247212,2934.1112796301168,19.849279203717472,2987.6065289415205,19.854519944009397
386,2996.2132433520396,19.861661290051387,2969.4273902378254,19.869944109491637,3028.05206691204,19.858783679811367,3010.2286645755808,19.89636863781637,2934.1112796301168,19.84385577256129,2987.6065289415205,19.866122697946413
387,2996.2132433520396,19.879367162737847,2969.4273902378254,19.88948130686708,3028.05206691204,19.85771264848578,3010.2286645755808,19.909334942873386,2934.1112796301168,19.880057482103314,2987.6065289415205,19.88319070861348
388,2996.2132433520396,19.811055353431044,2969.4273902378254,19.887573006644235,3028.05206691204,19.878991513959008,3010.2286645755808,19.89699545371518,2934.1112796301168,19.896281692543038,2987.6065289415205,19.874179404058502
389,2996.2132433520396,19.838427881632022,2969.4273902378254,19.863551202673783,3028.05206691204,19.87630427586046,3010.2286645755808,19.8592844994323,2934.1112796301168,19.885159931040032,2987.6065289415205,19.864545558127723
390,2996.2132433520396,19.828785067153262,2969.4273902378254,19.84397392184398,3028.05206691204,19.873291932025133,3010.2286645755808,19.852178340744462,2934.1112796301168,19.879399806701194,2987.6065289415205,19.855525813693607
391,2996.2132433520396,19.848607116524533,2969.4273902378254,19.820359687987576,3028.05206691204,19.886110425751294,3010.2286645755808,19.869939435256477,2934.1112796301168,19.879023425590887,2987.6065289415205,19.86080801822215
392,2996.2132433520396,19.802927187358854,2969.4273902378254,19.8782071494264,3028.05206691204,19.888324115428905,3010.2286645755808,19.839846092728823,2934.1112796301168,19.86663806964254,2987.6065289415205,19.855188522917103
393,2996.2132433520396,19.818063961386844,2969.4273902378254,19.857688312445053,3028.05206691204,19.880782274335058,3010.2286645755808,19.82894177556138,2934.1112796301168,19.839263067149258,2987.6065289415205,19.844947878175518
394,2996.2132433520396,19.81475641369746,2969.4273902378254,19.835299704073762,3028.05206691204,19.866693501359762,3010.2286645755808,19.843653212805084,2934.1112796301168,19.840358274327112,2987.6065289415205,19.840152221252637
395,2996.2132433520396,19.842887144739542,2969.4273902378254,19.818578771825443,3028.05206691204,19.86380654792574,3010.2286645755808,19.82709730222785,2934.1112796301168,19.8304897155291,2987.6065289415205,19.836571896449534
396,2996.2132433520396,19.810631607129746,2969.4273902378254,19.846179969983574,3028.05206691204,19.873660212856,3010.2286645755808,19.832127675581457,2934.1112796301168,19.866891816180377,2987.6065289415205,19.84589825634623
397,2996.2132433520396,19.836573556189244,2969.4273902378254,19.846112690743904,3028.05206691204,19.866292210294308,3010.2286645755808,19.8627068246048,2934.1112796301168,19.888631922891815,2987.6065289415205,19.860063440944813
398,2996.2132433520396,19.812822899088967,2969.4273902378254,19.87661485358226,3028.05206691204,19.851031193995716,3010.2286645755808,19.844485490947996,2934.1112796301168,19.860130528628567,2987.6065289415205,19.8490169932487
399,2996.2132433520396,19.827008606168867,2969.4273902378254,19.834785933391828,3028.05206691204,19.840682187125335,3010.2286645755808,19.819142176573756,2934.1112796301168,19.835424994678252,2987.6065289415205,19.831408779587605
400,2996.2132433520396,19.858716972167386,2969.4273902378254,19.80721275530413,3028.05206691204,19.87677926053817,3010.2286645755808,19.866753144236693,2934.1112796301168,19.88252334410308,2987.6065289415205,19.85839709526989
401,2996.2132433520396,19.832797771936747,2969.4273902378254,19.81312113481497,3028.05206691204,19.877211936539844,3010.2286645755808,19.85387086151778,2934.1112796301168,19.87810521912675,2987.6065289415205,19.85102138478722
402,2996.2132433520396,19.8515613907198,2969.4273902378254,19.83323155360024,3028.05206691204,19.88586482915015,3010.2286645755808,19.872545119135452,2934.1112796301168,19.84276492513445,2987.6065289415205,19.857193563548016
403,2996.2132433520396,19.87002839312701,2969.4273902378254,19.827748376415684,3028.05206691204,19.854291039075076,3010.2286645755808,19.881869170195497,2934.1112796301168,19.8697273839214,2987.6065289415205,19.860732872546937
404,2996.2132433520396,19.850018951870858,2969.4273902378254,19.849086741094563,3028.05206691204,19.836289007063808,3010.2286645755808,19.854839505379754,2934.1112796301168,19.858777716928543,2987.6065289415205,19.849802384467505
405,2996.2132433520396,19.835784689488133,2969.4273902378254,19.788898954712977,3028.05206691204,19.818703813369567,3010.2286645755808,19.828202833116038,2934.1112796301168,19.81072954707534,2987.6065289415205,19.816463967552412
406,2996.2132433520396,19.859010717482047,2969.4273902378254,19.818945417936032,3028.05206691204,19.821872175359573,3010.2286645755808,19.845776262844364,2934.1112796301168,19.85175918064946,2987.6065289415205,19.83947275085429
407,2996.2132433520396,19.862771916679577,2969.4273902378254,19.800058845061486,3028.05206691204,19.84705839503603,3010.2286645755808,19.828609361052518,2934.1112796301168,19.896574057367495,2987.6065289415205,19.847014515039422
408,2996.2132433520396,19.851273310227135,2969.4273902378254,19.828754356602932,3028.05206691204,19.858343391171058,3010.2286645755808,19.84690709932351,2934.1112796301168,19.85134198758056,2987.6065289415205,19.847324028981042
409,2996.2132433520396,19.82791081056713,2969.4273902378254,19.869376437095063,3028.05206691204,19.86294526529618,3010.2286645755808,19.880155985170376,2934.1112796301168,19.860602604832078,2987.6065289415205,19.860198220592164
410,2996.2132433520396,19.86500381808007,2969.4273902378254,19.822122578128543,3028.05206691204,19.84888102359137,3010.2286645755808,19.87927677539973,2934.1112796301168,19.87045503120193,2987.6065289415205,19.85714784528033
411,2996.2132433520396,19.866429124107842,2969.4273902378254,19.84227522002045,3028.05206691204,19.852323873614672,3010.2286645755808,19.876428855921688,2934.1112796301168,19.850526043803214,2987.6065289415205,19.857596623493574
412,2996.2132433520396,19.87002975849468,2969.4273902378254,19.856559045290943,3028.05206691204,19.847914647645073,3010.2286645755808,19.829074980957323,2934.1112796301168,19.877167047589193,2987.6065289415205,19.856149095995445
413,2996.2132433520396,19.84757812311126,2969.4273902378254,19.848820313422692,3028.05206691204,19.836535258512377,3010.2286645755808,19.857511737755875,2934.1112796301168,19.820865440273813,2987.6065289415205,19.842262174615207
414,2996.2132433520396,19.86051502109073,2969.4273902378254,19.860571596391644,3028.05206691204,19.821341066492995,3010.2286645755808,19.845396874691332,2934.1112796301168,19.857430240194176,2987.6065289415205,19.849050959772175
415,2996.2132433520396,19.862815792733596,2969.4273902378254,19.860131287044833,3028.05206691204,19.836859162257284,3010.2286645755808,19.858759740323894,2934.1112796301168,19.77915628614434,2987.6065289415205,19.83954445370079
416,2996.2132433520396,19.815620620655523,2969.4273902378254,19.81626194669058,3028.05206691204,19.8275967006232,3010.2286645755808,19.871748126231502,2934.1112796301168,19.829857975841694,2987.6065289415205,19.832217074008497
417,2996.2132433520396,19.876020664261603,2969.4273902378254,19.856559645563824,3028.05206691204,19.84040476629764,3010.2286645755808,19.886905301385724,2934.1112796301168,19.847241370051773,2987.6065289415205,19.86142634951211
418,2996.2132433520396,19.832888940911765,2969.4273902378254,19.84687092180242,3028.05206691204,19.86960329753736,3010.2286645755808,19.879023504171112,2934.1112796301168,19.837541289661896,2987.6065289415205,19.853185590816913
419,2996.2132433520396,19.87222196616185,2969.4273902378254,19.856734374247644,3028.05206691204,19.883224887374567,3010.2286645755808,19.87006825876465,2934.1112796301168,19.85264319784378,2987.6065289415205,19.8669785368785
420,2996.2132433520396,19.825118831612105,2969.4273902378254,19.85469170606109,3028.05206691204,19.85522878618174,2879.1848059789477,19.832771071577838,2934.1112796301168,19.841586434655206,2961.397757222194,19.841879366017594
421,2996.2132433520396,19.839065715211124,2969.4273902378254,19.84131403146244,3028.05206691204,19.873600413111554,2879.1848059789477,19.88923477711133,2934.1112796301168,19.813297253030683,2961.397757222194,19.851302437985428
422,2996.2132433520396,19.79498643157195,2969.4273902378254,19.828631695203626,3028.05206691204,19.857114896911938,2879.1848059789477,19.895287307261214,2934.1112796301168,19.844842031180008,2961.397757222194,19.844172472425747
423,2996.2132433520396,19.838620569998685,2969.4273902378254,19.832905042731717,3028.05206691204,19.887853994128918,2879.1848059789477,19.89623626808782,2934.1112796301168,19.82247229161298,2961.397757222194,19.855617633312026
424,2996.2132433520396,19.864221571669372,2969.4273902378254,19.837762888385278,3028.05206691204,19.892472791436596,2879.1848059789477,19.83695225624165,2934.1112796301168,19.8090814382461,2961.397757222194,19.8480981891958
425,2996.2132433520396,19.88535706821811,2969.4273902378254,19.861186526712913,3028.05206691204,19.884420906813155,2879.1848059789477,19.82892898093993,2934.1112796301168,19.844609069785722,2961.397757222194,19.860900510493966
426,2996.2132433520396,19.858443360996034,2969.4273902378254,19.803722120129674,3028.05206691204,19.870925514226357,2879.1848059789477,19.847723777087566,2934.1112796301168,19.841260560888433,2961.397757222194,19.84441506666561
427,2996.2132433520396,19.83228629642196,2969.4273902378254,19.875694826130747,3028.05206691204,19.862620986391168,2879.1848059789477,19.900420442013974,2934.1112796301168,19.850537570872884,2961.397757222194,19.86431202436615
428,2996.2132433520396,19.851906043078326,2969.4273902378254,19.851702591055645,3028.05206691204,19.825735456423306,2879.1848059789477,19.866650257562085,2934.1112796301168,19.864857998990377,2961.397757222194,19.852170469421946
429,2996.2132433520396,19.8440450951545,2969.4273902378254,19.84768353576658,3028.05206691204,19.8540142429781,2879.1848059789477,19.851636106644335,2934.1112796301168,19.814744736224988,2961.397757222194,19.8424247433537
430,2996.2132433520396,19.815541327585564,2969.4273902378254,19.847548869494272,3028.05206691204,19.875514579048975,2879.1848059789477,19.874416311931235,2934.1112796301168,19.83932378745174,2961.397757222194,19.85046897510236
431,2996.2132433520396,19.79578782986495,2969.4273902378254,19.851674502787382,3028.05206691204,19.850701226430736,2879.1848059789477,19.82653216015433,2934.1112796301168,19.84573940914461,2961.397757222194,19.834087025676403
432,2996.2132433520396,19.831393715961465,2969.4273902378254,19.84233351467298,3028.05206691204,19.872485078060965,2879.1848059789477,19.785171099183195,2934.1112796301168,19.862748498605622,2961.397757222194,19.838826381296848
433,2996.2132433520396,19.87506336872987,2969.4273902378254,19.85205295274267,3028.05206691204,19.879895559061932,2879.1848059789477,19.75593157811345,2934.1112796301168,19.864341215756216,2961.397757222194,19.845456934880826
434,2996.2132433520396,19.838086216129437,2969.4273902378254,19.861508896159314,3028.05206691204,19.898388651767135,2879.1848059789477,19.808001819226675,2934.1112796301168,19.808730316368766,2961.397757222194,19.842943179930266
435,2996.2132433520396,19.83746707945299,2969.4273902378254,19.83989800045271,3028.05206691204,19.882738778599553,2879.1848059789477,19.859526151765117,2934.1112796301168,19.833110088477138,2961.397757222194,19.850548019749503
436,2996.2132433520396,19.889913586093442,2969.4273902378254,19.8493929103502,3028.05206691204,19.872449854493166,2879.1848059789477,19.8447242283081,2934.1112796301168,19.82601345813204,2961.397757222194,19.85649880747539
437,2996.2132433520396,19.862649107149476,2969.4273902378254,19.861248901245624,3028.05206691204,19.879319969981875,2879.1848059789477,19.84465632700493,2934.1112796301168,19.836371769577767,2961.397757222194,19.856849214991932
438,2996.2132433520396,19.85785464782448,2969.4273902378254,19.80488328355819,3028.05206691204,19.845027327223086,2879.1848059789477,19.881404229401205,2934.1112796301168,19.843792884440294,2961.397757222194,19.846592474489448
439,2996.2132433520396,19.846763608597755,2969.4273902378254,19.814097143203583,3028.05206691204,19.82718270793281,2879.1848059789477,19.883525855338714,2934.1112796301168,19.860347793952393,2961.397757222194,19.84638342180505
440,2996.2132433520396,19.866176664818212,2969.4273902378254,19.834174446864726,3028.05206691204,19.821781126338593,2879.1848059789477,19.869334177925914,2934.1112796301168,19.871786952898898,2961.397757222194,19.85265067376927
441,2996.2132433520396,19.84371978770245,2969.4273902378254,19.860366182986773,3028.05206691204,19.814210899426055,2879.1848059789477,19.87926954735823,2934.1112796301168,19.791268420235294,2961.397757222194,19.83776696754176
442,2996.2132433520396,19.819106806779512,2969.4273902378254,19.84969364526762,3028.05206691204,19.812542511540713,2879.1848059789477,19.85027934651204,2934.1112796301168,19.776199441078383,2961.397757222194,19.821564350235654
443,2996.2132433520396,19.86752240859792,2969.4273902378254,19.795354263758195,3028.05206691204,19.834029432683657,2879.1848059789477,19.844042692210138,2934.1112796301168,19.804905662934495,2961.397757222194,19.82917089203688
444,2996.2132433520396,19.84885058596924,2969.4273902378254,19.815568190444516,3028.05206691204,19.82494827997023,2879.1848059789477,19.888840911880383,2934.1112796301168,19.82932729580718,2961.397757222194,19.841507052814308
445,2917.9197248954456,19.813921704992072,2969.4273902378254,19.851918004736646,3028.05206691204,19.85914756730479,2879.1848059789477,19.84693692844039,2934.1112796301168,19.844654384082574,2945.739053530875,19.843315717911292
446,2917.9197248954456,19.878998509477466,2969.4273902378254,19.825129228121106,3028.05206691204,19.830949942279915,2879.1848059789477,19.859436612353846,2934.1112796301168,19.807747844181694,2945.739053530875,19.840452427282806
447,2917.9197248954456,19.890560313992626,2969.4273902378254,19.862178808780705,3028.05206691204,19.838930318685247,2879.1848059789477,19.871328963056314,2934.1112796301168,19.848030600655807,2945.739053530875,19.86220580103414
448,2917.9197248954456,19.84667561389406,2969.4273902378254,19.85962371900825,3028.05206691204,19.85187456562621,2879.1848059789477,19.86236190417687,2934.1112796301168,19.859087202099044,2945.739053530875,19.855924600960886
449,2917.9197248954456,19.82953951599821,2969.4273902378254,19.846070981042462,3028.05206691204,19.8755360527451,2879.1848059789477,19.85735585344409,2934.1112796301168,19.861602074359965,2945.739053530875,19.854020895517966
450,2917.9197248954456,19.87817397385714,2969.4273902378254,19.86225487819058,3028.05206691204,19.845485088631587,2879.1848059789477,19.884667369678358,2934.1112796301168,19.800578441843648,2945.739053530875,19.85423195044026
451,2917.9197248954456,19.84297185717087,2969.4273902378254,19.843733808522522,3028.05206691204,19.802418993941632,2879.1848059789477,19.838906348759252,2934.1112796301168,19.823288839720476,2945.739053530875,19.83026396962295
452,2917.9197248954456,19.83994915196329,2969.4273902378254,19.848344494425326,3028.05206691204,19.814212830659212,2879.1848059789477,19.85417561812282,2934.1112796301168,19.85672688609201,2945.739053530875,19.84268179625253
453,2917.9197248954456,19.861638416464384,2969.4273902378254,19.85375596440603,3028.05206691204,19.7788777985979,2879.1848059789477,19.8601970765866,2934.1112796301168,19.858443775703215,2945.739053530875,19.842582606351623
454,2917.9197248954456,19.840155447544387,2969.4273902378254,19.873341732365773,3028.05206691204,19.82385862867138,2879.1848059789477,19.85111980435834,2934.1112796301168,19.82257540762634,2945.739053530875,19.842210204113247
455,2917.9197248954456,19.851991149097756,2969.4273902378254,19.864674328380506,3028.05206691204,19.854753637119323,2879.1848059789477,19.81882919743635,2934.1112796301168,19.818524359833052,2945.739053530875,19.841754534373397
456,2917.9197248954456,19.864556680139195,2969.4273902378254,19.869193500150082,3028.05206691204,19.82468456522914,2879.1848059789477,19.835723647062334,2934.1112796301168,19.847560831743063,2945.739053530875,19.848343844864765
457,2917.9197248954456,19.891350427038635,2969.4273902378254,19.85418101800626,3028.05206691204,19.771579269597073,2879.1848059789477,19.879537191891053,2934.1112796301168,19.84375331300406,2945.739053530875,19.848080243907415
458,2917.9197248954456,19.845439004493322,2969.4273902378254,19.811366911083855,3028.05206691204,19.78768028946594,2879.1848059789477,19.867877686971262,2934.1112796301168,19.857127720219996,2945.739053530875,19.833898322446878
459,2917.9197248954456,19.876460195591925,2969.4273902378254,19.82776209438023,3028.05206691204,19.794968216006815,2879.1848059789477,19.87761081293394,2934.1112796301168,19.86723521899531,2945.739053530875,19.848807307581644
460,2917.9197248954456,19.878600544637862,2969.4273902378254,19.82326407782454,3028.05206691204,19.799048758925476,2879.1848059789477,19.842971558111245,2934.1112796301168,19.868438672453117,2945.739053530875,19.842464722390446
461,2917.9197248954456,19.86684411813644,2969.4273902378254,19.840099497722818,3028.05206691204,19.852590385920664,2879.1848059789477,19.781394463399256,2934.1112796301168,19.861711111360215,2945.739053530875,19.840527915307877
462,2917.9197248954456,19.859908107366813,2969.4273902378254,19.793875097842964,3028.05206691204,19.859967081903598,2879.1848059789477,19.807829666830962,2934.1112796301168,19.861162144494294,2945.739053530875,19.836548419687727
463,2917.9197248954456,19.861458761585105,2969.4273902378254,19.816866374642235,3028.05206691204,19.869629690875843,2879.1848059789477,19.788244961417824,2934.1112796301168,19.877211589269802,2945.739053530875,19.842682275558165
464,2917.9197248954456,19.871209678632823,2969.4273902378254,19.819168176920172,3028.05206691204,19.865214071480914,2879.1848059789477,19.86809839053204,2934.1112796301168,19.832207282402194,2945.739053530875,19.85117951999363
465,2917.9197248954456,19.887227250463194,2969.4273902378254,19.781615544914512,3028.05206691204,19.91158476939715,2879.1848059789477,19.86746558483497,2934.1112796301168,19.864902684406932,2945.739053530875,19.86255916680335
466,2917.9197248954456,19.87257322407886,2969.4273902378254,19.817137222869093,3028.05206691204,19.858852443455802,2879.1848059789477,19.87679674245131,2934.1112796301168,19.828080984213422,2945.739053530875,19.850688123413697
467,2917.9197248954456,19.86860755232001,2969.4273902378254,19.83577020537616,3028.05206691204,19.819148607575098,2879.1848059789477,19.84832426917424,2934.1112796301168,19.82566716148821,2945.739053530875,19.839503559186745
468,2917.9197248954456,19.88000906810857,2969.4273902378254,19.858639986158337,3028.05206691204,19.82620058181051,2879.1848059789477,19.849975805880835,2934.1112796301168,19.826321691713563,2945.739053530875,19.848229426734363
469,2917.9197248954456,19.828848100916908,2969.4273902378254,19.852809689462934,3028.05206691204,19.83624930448113,2879.1848059789477,19.870378755633297,2934.1112796301168,19.847930277638294,2945.739053530875,19.847243225626514
470,2917.9197248954456,19.819435024229897,2969.4273902378254,19.852322171527238,3028.05206691204,19.857780695174032,2879.1848059789477,19.862338248663015,2934.1112796301168,19.84147976462221,2945.739053530875,19.84667118084328
471,2917.9197248954456,19.81973747056757,2969.4273902378254,19.79429149811821,3028.05206691204,19.865714448219784,2879.1848059789477,19.88609113335907,2934.1112796301168,19.81742532965524,2945.739053530875,19.836651975983976
472,2917.9197248954456,19.73574678525323,2969.4273902378254,19.809755894421667,3028.05206691204,19.85231246170645,2879.1848059789477,19.86721361276348,2934.1112796301168,19.832445937975393,2945.739053530875,19.819494938424043
473,2917.9197248954456,19.81178302143828,2969.4273902378254,19.832855674554494,3028.05206691204,19.83812309441935,2879.1848059789477,19.841799855989702,2934.1112796301168,19.830590674926547,2945.739053530875,19.831030464265677
474,2917.9197248954456,19.827936859273542,2969.4273902378254,19.822292870173932,3028.05206691204,19.82637658766721,2879.1848059789477,19.847988801328295,2934.1112796301168,19.843601463285896,2945.739053530875,19.833639316345774
475,2917.9197248954456,19.851975768788098,2969.4273902378254,19.809851328641212,3028.05206691204,19.830551124318866,2879.1848059789477,19.84214857686417,2934.1112796301168,19.85714046670048,2945.739053530875,19.838333453062564
476,2917.9197248954456,19.850046323640182,2969.4273902378254,19.800134436896677,3028.05206691204,19.86669268766964,2879.1848059789477,19.8781370877418,2934.1112796301168,19.86909857065798,2945.739053530875,19.852821821321257
477,2917.9197248954456,19.874944288614437,2969.4273902378254,19.831655208064202,3028.05206691204,19.872283526638906,2879.1848059789477,19.86346099664417,2934.1112796301168,19.868667150451927,2945.739053530875,19.86220223408273
478,2917.9197248954456,19.85268980313076,2969.4273902378254,19.880256928961906,3028.05206691204,19.825933895886664,2879.1848059789477,19.867039538337277,2934.1112796301168,19.847341118182985,2945.739053530875,19.854652256899918
479,2917.9197248954456,19.854038362126683,2969.4273902378254,19.873288396853454,3028.05206691204,19.81932837855639,2879.1848059789477,19.874838306380468,2934.1112796301168,19.817028862809583,2945.739053530875,19.847704461345316
480,2917.9197248954456,19.851308642785995,2969.4273902378254,19.84747112891596,3028.05206691204,19.857990868691967,2879.1848059789477,19.85737033210243,2934.1112796301168,19.849099473527883,2945.739053530875,19.85264808920485
481,2917.9197248954456,19.876851654900957,2969.4273902378254,19.88322747708585,3028.05206691204,19.83642737772873,2879.1848059789477,19.835458828962167,2934.1112796301168,19.864999047339587,2945.739053530875,19.859392877203458
482,2917.9197248954456,19.737780414221394,2969.4273902378254,19.884212547220862,3028.05206691204,19.84552145403062,2879.1848059789477,19.842936643944075,2934.1112796301168,19.839125988402095,2945.739053530875,19.829915409563807
483,2917.9197248954456,19.759140478243648,2969.4273902378254,19.86660770707078,3028.05206691204,19.85569538393029,2879.1848059789477,19.85391748089146,2934.1112796301168,19.849094348459825,2945.739053530875,19.8368910797192
484,2917.9197248954456,19.772852891409613,2969.4273902378254,19.836786947054716,3028.05206691204,19.862633011992287,2879.1848059789477,19.824580516005383,2934.1112796301168,19.831157091220078,2945.739053530875,19.825602091536418
485,2917.9197248954456,19.771076161223256,2969.4273902378254,19.834264990210322,3028.05206691204,19.839667687151707,2879.1848059789477,19.860640475501498,2934.1112796301168,19.817116688852767,2945.739053530875,19.824553200587907
486,2917.9197248954456,19.817917874406092,2969.4273902378254,19.844640848777654,3028.05206691204,19.835207128767838,2879.1848059789477,19.85405356813226,2934.1112796301168,19.80942871003122,2945.739053530875,19.832249626023014
487,2917.9197248954456,19.82900254349339,2969.4273902378254,19.86025891765377,3028.05206691204,19.802835173236264,2879.1848059789477,19.89251175881675,2934.1112796301168,19.81174423193479,2945.739053530875,19.839270525026997
488,2917.9197248954456,19.851927735405525,2969.4273902378254,19.860200468044454,2880.8451462156568,19.826030251552087,2879.1848059789477,19.883917959640637,2934.1112796301168,19.789826236963922,2916.2976693915984,19.842380530321325
489,2917.9197248954456,19.825175039749578,2969.4273902378254,19.8527160108936,2880.8451462156568,19.833934110344803,2879.1848059789477,19.84087714597331,2934.1112796301168,19.82549686730986,2916.2976693915984,19.83563983485423
490,2917.9197248954456,19.853775568114738,2969.4273902378254,19.846920244571162,2880.8451462156568,19.856914459191106,2879.1848059789477,19.816990844849403,2934.1112796301168,19.84669088256102,2916.2976693915984,19.844258399857488
491,2917.9197248954456,19.863983321927208,2969.4273902378254,19.850385416047857,2880.8451462156568,19.84369433898342,2879.1848059789477,19.854511154089256,2934.1112796301168,19.846143314558905,2916.2976693915984,19.851743509121327
492,2917.9197248954456,19.8435455052975,2969.4273902378254,19.86480437346153,2880.8451462156568,19.826635560544258,2879.1848059789477,19.862775225175373,2934.1112796301168,19.847457001668065,2916.2976693915984,19.84904353322934
493,2917.9197248954456,19.77691497646642,2969.4273902378254,19.890227677482326,2880.8451462156568,19.823434974326606,2879.1848059789477,19.85788682326172,2934.1112796301168,19.850520241853346,2916.2976693915984,19.839796938678084
494,2917.9197248954456,19.788295638962413,2969.4273902378254,19.83744592134587,2880.8451462156568,19.86570477495224,2879.1848059789477,19.848842817706704,2934.1112796301168,19.858693770314574,2916.2976693915984,19.83979658465636
495,2917.9197248954456,19.829722836025727,2969.4273902378254,19.86102710829401,2880.8451462156568,19.87464758635076,2879.1848059789477,19.819600528610174,2934.1112796301168,19.873705486582836,2916.2976693915984,19.8517407091727
496,2917.9197248954456,19.84544948799673,2969.4273902378254,19.849536885886952,2880.8451462156568,19.884038429534506,2879.1848059789477,19.83029676959304,2934.1112796301168,19.858681670604646,2916.2976693915984,19.853600648723177
497,2917.9197248954456,19.87210132246554,2969.4273902378254,19.811158875773813,2880.8451462156568,19.858993641937722,2879.1848059789477,19.83377460510751,2934.1112796301168,19.86303236142869,2916.2976693915984,19.847812161342656
498,2917.9197248954456,19.887482000182175,2969.4273902378254,19.82266171862038,2880.8451462156568,19.823695358912065,2879.1848059789477,19.85871314915731,2934.1112796301168,19.861571909347344,2916.2976693915984,19.850824827243855
499,2917.9197248954456,19.865809096557754,2969.4273902378254,19.845244571390893,2880.8451462156568,19.814818269457394,2879.1848059789477,19.85527536716119,2934.1112796301168,19.867606603497148,2916.2976693915984,19.849750781612876
500,2917.9197248954456,19.847316514150226,2969.4273902378254,19.89994452680513,2880.8451462156568,19.84005607136258,2879.1848059789477,19.84844293557421,2934.1112796301168,19.835509978409604,2916.2976693915984,19.85425400526035
