generation,fitness_run_1,diversity_run_1,fitness_run_2,diversity_run_2,fitness_run_3,diversity_run_3,fitness_run_4,diversity_run_4,fitness_run_5,diversity_run_5,fitness_average,diversity_average
1,3237.229409172666,98.64335443037974,3215.363688368881,98.75569620253165,3225.787574078328,98.69050632911393,3181.442652509411,98.62753164556962,3231.856874489527,98.77784810126582,3218.3360397237625,98.69898734177215
2,3234.6294157867956,98.5246835443038,3041.833638064156,98.50443037974684,3162.415032469875,98.62310126582278,3158.6644318927365,98.59746835443038,3159.1609104086483,98.55854430379746,3151.340685724442,98.56164556962025
3,3168.3552626621513,98.52658227848102,3041.833638064156,98.43860759493671,3162.415032469875,98.51772151898734,3115.7469330856134,98.39335443037974,3159.1609104086483,98.39746835443037,3129.502355338089,98.45474683544305
4,3168.3552626621513,98.4503164556962,3041.833638064156,98.34525316455696,3162.415032469875,98.39715189873418,3115.7469330856134,98.24367088607595,3159.1609104086483,98.34145569620253,3129.502355338089,98.35556962025316
5,3168.3552626621513,98.275,3041.833638064156,98.0129746835443,3129.3486118705628,98.2756329113924,3115.7469330856134,98.35126582278481,2937.3559225889294,98.15094936708861,3078.5280736542823,98.21316455696203
6,3168.3552626621513,98.26550632911392,3041.833638064156,97.50189873417722,2976.598001608748,98.24525316455696,3115.7469330856134,98.22563291139241,2937.3559225889294,97.98512658227848,3047.9779516019194,98.0446835443038
7,3168.3552626621513,98.13449367088607,3041.833638064156,97.56772151898734,2976.598001608748,98.13101265822785,3115.7469330856134,98.35537974683544,2937.3559225889294,97.53512658227848,3047.9779516019194,97.94474683544304
8,3168.3552626621513,98.11139240506328,3041.833638064156,97.51550632911392,2976.598001608748,98.1376582278481,3115.7469330856134,98.31582278481012,2875.470825527917,96.43006329113923,3035.600932189717,97.70208860759492
9,3125.7123893769804,98.00094936708861,3041.833638064156,97.56708860759494,2976.598001608748,97.79177215189874,3115.7469330856134,97.78164556962025,2875.470825527917,95.99303797468355,3027.0723575326824,97.42689873417721
10,3125.7123893769804,97.96550632911392,3041.833638064156,97.4490506329114,2976.598001608748,97.30474683544304,3115.7469330856134,98.09556962025316,2875.470825527917,96.04841772151899,3027.0723575326824,97.3726582278481
11,3125.7123893769804,97.79651898734177,3041.833638064156,97.49335443037975,2976.598001608748,97.51360759493672,3115.7469330856134,97.96835443037975,2875.470825527917,96.36360759493671,3027.0723575326824,97.42708860759494
12,3062.9406558091177,97.9367088607595,3041.833638064156,97.35822784810127,2976.598001608748,97.89462025316456,3115.7469330856134,97.99082278481012,2875.470825527917,96.50791139240506,3014.5180108191103,97.5376582278481
13,3062.9406558091177,97.88449367088607,3041.833638064156,97.448417721519,2976.598001608748,97.97025316455696,3115.7469330856134,98.02848101265823,2875.470825527917,95.80126582278481,3014.5180108191103,97.426582278481
14,3062.9406558091177,97.62848101265823,3041.833638064156,97.61075949367088,2976.598001608748,97.6867088607595,3115.7469330856134,98.08512658227848,2875.470825527917,95.6132911392405,3014.5180108191103,97.32487341772152
15,3062.9406558091177,97.89936708860759,3041.833638064156,97.51107594936708,2976.598001608748,97.63639240506329,3100.245606931964,98.12816455696202,2875.470825527917,95.06930379746835,3011.4177455883805,97.24886075949368
16,3062.9406558091177,97.84018987341773,3041.833638064156,97.24493670886076,2976.598001608748,97.79841772151899,3054.268629366609,98.02278481012658,2875.470825527917,95.1737341772152,3002.2223500753094,97.21601265822784
17,3062.9406558091177,97.6759493670886,3041.833638064156,97.37373417721518,2976.598001608748,97.94050632911393,3043.1867946323932,98.00949367088607,2875.470825527917,94.91107594936709,3000.005983128466,97.18215189873418
18,3062.9406558091177,97.71012658227848,3041.833638064156,97.38037974683544,2976.598001608748,98.03227848101265,3043.1867946323932,97.88006329113924,2875.470825527917,95.01803797468355,3000.005983128466,97.20417721518989
19,3062.9406558091177,97.74113924050633,3041.833638064156,97.59873417721519,2976.598001608748,98.06044303797468,3043.1867946323932,97.9882911392405,2875.470825527917,95.1889240506329,3000.005983128466,97.31550632911393
20,3062.9406558091177,97.7987341772152,3041.833638064156,97.39651898734178,2976.598001608748,98.0256329113924,3042.535794129361,97.76993670886075,2875.470825527917,95.23354430379747,2999.87578302786,97.24487341772152
21,3062.9406558091177,97.84208860759493,3041.833638064156,97.53892405063291,2976.598001608748,97.87753164556962,3042.535794129361,97.81360759493671,2875.470825527917,95.59620253164557,2999.87578302786,97.33367088607596
22,3049.646910700323,97.7993670886076,3041.833638064156,97.73322784810127,2976.598001608748,97.84651898734177,3042.535794129361,97.62373417721518,2875.470825527917,95.67310126582278,2997.2170340061007,97.3351898734177
23,3049.646910700323,97.72816455696203,3041.833638064156,97.79177215189874,2976.598001608748,98.09240506329114,3042.535794129361,97.69240506329113,2875.470825527917,95.61044303797469,2997.2170340061007,97.38303797468355
24,3049.646910700323,97.75569620253165,3041.833638064156,97.46424050632912,2976.598001608748,98.04177215189874,3042.535794129361,97.42721518987342,2875.470825527917,95.8126582278481,2997.2170340061007,97.3003164556962
25,3049.646910700323,97.71392405063291,3041.833638064156,97.80253164556962,2976.598001608748,98.13575949367089,3042.535794129361,97.58955696202531,2875.470825527917,95.82943037974684,2997.2170340061007,97.41424050632911
26,3044.494067179902,97.71170886075949,3041.833638064156,97.80601265822784,2976.598001608748,97.6756329113924,3042.535794129361,97.71930379746836,2875.470825527917,95.56550632911393,2996.1864653020166,97.2956329113924
27,3044.494067179902,97.66803797468354,3041.833638064156,97.63892405063291,2976.598001608748,97.71550632911392,3042.535794129361,97.68006329113923,2875.470825527917,95.68544303797468,2996.1864653020166,97.27759493670885
28,3044.494067179902,97.4993670886076,3041.833638064156,97.70759493670886,2976.598001608748,97.74208860759494,3042.535794129361,97.63955696202531,2875.470825527917,96.25981012658228,2996.1864653020166,97.3696835443038
29,3044.494067179902,97.72405063291139,3041.833638064156,97.6993670886076,2976.598001608748,97.99050632911393,3042.535794129361,97.61075949367088,2875.470825527917,96.45917721518987,2996.1864653020166,97.49677215189874
30,3044.494067179902,97.8,3041.833638064156,97.84683544303797,2976.598001608748,97.98069620253165,3042.535794129361,97.54810126582278,2875.470825527917,96.4253164556962,2996.1864653020166,97.5201898734177
31,3044.494067179902,97.78132911392404,3041.833638064156,97.79335443037975,2976.598001608748,98.00126582278482,3042.535794129361,97.40158227848102,2875.470825527917,96.63101265822785,2996.1864653020166,97.5217088607595
32,3044.494067179902,97.91740506329114,3041.833638064156,97.70253164556962,2976.598001608748,97.85443037974683,3042.535794129361,97.49778481012659,2875.470825527917,96.65537974683544,2996.1864653020166,97.52550632911392
33,3044.494067179902,97.93417721518988,3041.833638064156,97.83101265822785,2976.598001608748,97.69335443037974,3042.535794129361,97.66898734177215,2875.470825527917,96.55569620253165,2996.1864653020166,97.53664556962025
34,3044.494067179902,97.80759493670887,2898.0205240842965,97.95411392405063,2976.598001608748,97.61867088607595,3042.535794129361,97.72816455696203,2875.470825527917,96.73037974683544,2967.4238425060444,97.5677848101266
35,3044.494067179902,98.12974683544304,2898.0205240842965,97.88354430379746,2976.598001608748,97.48291139240506,3042.535794129361,97.57784810126583,2875.470825527917,96.78575949367088,2967.4238425060444,97.57196202531645
36,3044.494067179902,98.13829113924051,2863.9311731247503,97.77594936708861,2976.598001608748,97.61962025316456,3042.535794129361,97.7120253164557,2875.470825527917,96.78227848101265,2960.6059723141357,97.6056329113924
37,3044.494067179902,98.0363924050633,2832.291270187267,97.70696202531646,2976.598001608748,97.8996835443038,3042.535794129361,97.8126582278481,2875.470825527917,97.07848101265823,2954.277991726639,97.70683544303799
38,3044.494067179902,98.02721518987342,2832.291270187267,97.59905063291139,2976.598001608748,97.61424050632911,3042.535794129361,97.76677215189873,2875.470825527917,97.21012658227848,2954.277991726639,97.64348101265823
39,3044.494067179902,98.10158227848102,2832.291270187267,97.4253164556962,2976.598001608748,97.39873417721519,3042.535794129361,97.61740506329114,2875.470825527917,97.28037974683544,2954.277991726639,97.56468354430379
40,3044.494067179902,97.7886075949367,2832.291270187267,97.4870253164557,2976.598001608748,97.52626582278481,3042.535794129361,97.58512658227848,2875.470825527917,97.6126582278481,2954.277991726639,97.59993670886075
41,3044.494067179902,97.28259493670886,2832.291270187267,97.50537974683544,2976.598001608748,97.55443037974683,3042.535794129361,97.47658227848102,2875.470825527917,97.75158227848101,2954.277991726639,97.51411392405063
42,3044.494067179902,97.45,2832.291270187267,97.79746835443038,2976.598001608748,97.3632911392405,3042.535794129361,97.49905063291139,2875.470825527917,97.625,2954.277991726639,97.54696202531646
43,3044.494067179902,97.31898734177216,2832.291270187267,97.69651898734178,2976.598001608748,97.44462025316456,3042.535794129361,97.48924050632911,2875.470825527917,97.79493670886076,2954.277991726639,97.54886075949366
44,3044.494067179902,97.4003164556962,2832.291270187267,97.78512658227848,2976.598001608748,97.17689873417721,3009.405575197563,97.66803797468354,2875.470825527917,97.7873417721519,2947.651947940279,97.56354430379747
45,3044.494067179902,97.43955696202532,2832.291270187267,97.92974683544304,2976.598001608748,97.05,3009.405575197563,97.57848101265823,2875.470825527917,97.62943037974684,2947.651947940279,97.5254430379747
46,2983.699184153714,97.56582278481012,2832.291270187267,98.04050632911392,2976.598001608748,97.35601265822785,3009.405575197563,97.72943037974683,2875.470825527917,97.69113924050633,2935.4929713350416,97.67658227848102
47,2983.699184153714,97.2382911392405,2832.291270187267,97.89841772151898,2976.598001608748,97.58037974683545,3009.405575197563,97.7006329113924,2875.470825527917,97.65537974683544,2935.4929713350416,97.61462025316455
48,2983.699184153714,97.62974683544304,2832.291270187267,97.98196202531645,2976.598001608748,97.56424050632911,3009.405575197563,97.78449367088608,2875.470825527917,97.65664556962025,2935.4929713350416,97.72341772151898
49,2983.699184153714,97.76360759493672,2832.291270187267,97.96930379746836,2976.598001608748,97.50411392405063,3009.405575197563,97.71645569620253,2875.470825527917,97.74493670886076,2935.4929713350416,97.7396835443038
50,2983.699184153714,97.66962025316455,2832.291270187267,97.9389240506329,2976.598001608748,97.59050632911392,3009.405575197563,97.73006329113925,2875.470825527917,97.56803797468355,2935.4929713350416,97.69943037974683
51,2983.699184153714,97.53291139240507,2832.291270187267,97.70094936708861,2976.598001608748,97.58481012658228,3009.405575197563,97.60348101265822,2875.470825527917,97.51392405063291,2935.4929713350416,97.58721518987342
52,2983.699184153714,97.42088607594937,2832.291270187267,97.83006329113924,2976.598001608748,97.4882911392405,3009.405575197563,97.77974683544304,2875.470825527917,97.53512658227848,2935.4929713350416,97.61082278481013
53,2983.699184153714,97.525,2832.291270187267,97.83101265822785,2976.598001608748,97.47341772151898,3009.405575197563,97.77974683544304,2875.470825527917,97.05189873417721,2935.4929713350416,97.53221518987343
54,2983.699184153714,97.61297468354431,2832.291270187267,97.83544303797468,2976.598001608748,97.51518987341773,3009.405575197563,97.81550632911393,2875.470825527917,97.09746835443038,2935.4929713350416,97.5753164556962
55,2983.699184153714,97.48797468354431,2832.291270187267,97.74177215189873,2976.598001608748,97.16107594936709,3009.405575197563,97.51677215189873,2875.470825527917,97.0870253164557,2935.4929713350416,97.39892405063293
56,2983.699184153714,97.44398734177216,2832.291270187267,97.85917721518987,2976.598001608748,97.2987341772152,3009.405575197563,97.61772151898734,2875.470825527917,97.26487341772152,2935.4929713350416,97.49689873417721
57,2983.699184153714,97.40917721518987,2832.291270187267,97.66424050632911,2976.598001608748,97.09462025316456,3009.405575197563,97.6879746835443,2875.470825527917,97.39177215189873,2935.4929713350416,97.44955696202533
58,2983.699184153714,97.22721518987342,2832.291270187267,97.48544303797469,2976.598001608748,96.698417721519,3009.405575197563,97.7753164556962,2875.470825527917,97.10822784810127,2935.4929713350416,97.25892405063291
59,2983.699184153714,97.35917721518987,2832.291270187267,97.46993670886076,2976.598001608748,96.70411392405063,3009.405575197563,97.80474683544304,2875.470825527917,97.0370253164557,2935.4929713350416,97.275
60,2983.699184153714,97.37721518987341,2832.291270187267,97.69367088607595,2976.598001608748,96.8873417721519,3009.405575197563,97.70759493670886,2875.470825527917,97.23291139240506,2935.4929713350416,97.37974683544304
61,2983.699184153714,97.49810126582278,2832.291270187267,97.8373417721519,2976.598001608748,96.94556962025317,3009.405575197563,97.84177215189874,2875.470825527917,97.04145569620253,2935.4929713350416,97.43284810126582
62,2983.699184153714,97.35886075949367,2832.291270187267,97.79050632911392,2976.598001608748,97.06708860759494,3009.405575197563,97.6873417721519,2875.470825527917,97.25822784810127,2935.4929713350416,97.43240506329114
63,2983.699184153714,97.4120253164557,2832.291270187267,97.92310126582278,2976.598001608748,96.95411392405063,3009.405575197563,97.71708860759493,2875.470825527917,97.28544303797469,2935.4929713350416,97.45835443037973
64,2983.699184153714,97.39841772151898,2832.291270187267,97.83196202531646,2976.598001608748,96.99335443037975,3009.405575197563,97.72721518987342,2875.470825527917,97.27943037974684,2935.4929713350416,97.44607594936708
65,2983.699184153714,97.49810126582278,2832.291270187267,97.78164556962025,2976.598001608748,96.91329113924051,3009.405575197563,97.51075949367089,2875.470825527917,97.35411392405064,2935.4929713350416,97.411582278481
66,2983.699184153714,97.65854430379747,2832.291270187267,97.81582278481012,2976.598001608748,96.94588607594936,3009.405575197563,97.5509493670886,2875.470825527917,97.4259493670886,2935.4929713350416,97.47943037974684
67,2983.699184153714,97.70094936708861,2832.291270187267,97.68259493670887,2976.598001608748,97.06772151898734,3009.405575197563,97.19462025316456,2875.470825527917,97.08386075949367,2935.4929713350416,97.34594936708861
68,2983.699184153714,97.73006329113925,2832.291270187267,97.53259493670886,2976.598001608748,96.99367088607595,3009.405575197563,97.53481012658227,2875.470825527917,96.92943037974683,2935.4929713350416,97.34411392405063
69,2983.699184153714,97.98639240506328,2832.291270187267,97.58227848101266,2976.598001608748,96.72120253164557,3009.405575197563,97.4512658227848,2875.470825527917,96.91613924050633,2935.4929713350416,97.33145569620254
70,2983.699184153714,97.78132911392404,2832.291270187267,97.72848101265822,2976.598001608748,96.93006329113923,3009.405575197563,97.43164556962026,2875.470825527917,97.03575949367088,2935.4929713350416,97.38145569620254
71,2983.699184153714,97.74493670886076,2832.291270187267,97.54905063291139,2976.598001608748,96.97246835443038,3009.405575197563,97.44715189873418,2875.470825527917,96.94715189873418,2935.4929713350416,97.33215189873417
72,2983.699184153714,97.90569620253164,2832.291270187267,97.74620253164557,2976.598001608748,97.10221518987342,3009.405575197563,97.26518987341773,2875.470825527917,96.87405063291139,2935.4929713350416,97.37867088607597
73,2983.699184153714,97.88291139240506,2832.291270187267,97.51930379746835,2976.598001608748,97.30949367088607,3009.405575197563,97.33227848101266,2875.470825527917,96.8243670886076,2935.4929713350416,97.37367088607596
74,2983.699184153714,97.90537974683544,2832.291270187267,97.60981012658227,2976.598001608748,97.33101265822785,3009.405575197563,97.40759493670886,2875.470825527917,96.83259493670886,2935.4929713350416,97.41727848101264
75,2983.699184153714,97.76582278481013,2832.291270187267,97.65379746835443,2976.598001608748,97.45,3009.405575197563,97.44746835443038,2875.470825527917,96.93322784810127,2935.4929713350416,97.45006329113923
76,2983.699184153714,97.76835443037974,2832.291270187267,97.55506329113923,2976.598001608748,97.5610759493671,3009.405575197563,97.29810126582278,2875.470825527917,96.83955696202531,2935.4929713350416,97.40443037974683
77,2944.6865632378176,97.79082278481013,2832.291270187267,97.95379746835442,2976.598001608748,97.45854430379747,3009.405575197563,97.33670886075949,2875.470825527917,96.88322784810127,2927.6904471518624,97.48462025316455
78,2944.6865632378176,97.65474683544304,2832.291270187267,97.89303797468355,2976.598001608748,97.16993670886076,3009.405575197563,97.48322784810127,2875.470825527917,97.19335443037974,2927.6904471518624,97.47886075949366
79,2944.6865632378176,97.75221518987341,2832.291270187267,97.94556962025317,2976.598001608748,97.52689873417721,2917.916314025484,97.70537974683545,2871.09027562491,97.02816455696203,2908.5164849368457,97.59164556962025
80,2944.6865632378176,97.82816455696202,2832.291270187267,97.89588607594936,2957.1883566229544,97.45822784810126,2917.916314025484,97.3509493670886,2816.611026385053,96.99778481012659,2893.7387060917154,97.50620253164557
81,2944.6865632378176,98.01455696202531,2832.291270187267,97.82943037974684,2957.1883566229544,97.84082278481013,2917.916314025484,97.71518987341773,2816.611026385053,97.21044303797468,2893.7387060917154,97.72208860759494
82,2944.6865632378176,97.99113924050633,2832.291270187267,97.95949367088608,2957.1883566229544,97.82215189873418,2917.916314025484,97.77436708860759,2816.611026385053,97.13291139240506,2893.7387060917154,97.73601265822785
83,2944.6865632378176,97.86835443037975,2832.291270187267,97.94113924050633,2957.1883566229544,98.04240506329114,2917.916314025484,97.72658227848102,2816.611026385053,97.12594936708861,2893.7387060917154,97.74088607594936
84,2944.6865632378176,97.80917721518988,2832.291270187267,97.82721518987341,2957.1883566229544,97.71455696202531,2917.916314025484,97.59113924050632,2816.611026385053,97.39177215189873,2893.7387060917154,97.66677215189874
85,2944.6865632378176,97.88322784810127,2832.291270187267,97.73797468354431,2957.1883566229544,97.79620253164558,2917.916314025484,97.55411392405064,2816.611026385053,97.30474683544304,2893.7387060917154,97.65525316455697
86,2944.6865632378176,97.80189873417721,2832.291270187267,97.88417721518988,2957.1883566229544,97.80506329113923,2917.916314025484,97.6990506329114,2816.611026385053,97.16740506329114,2893.7387060917154,97.67151898734177
87,2944.6865632378176,97.83132911392406,2832.291270187267,97.72088607594937,2957.1883566229544,97.64082278481013,2917.916314025484,97.79113924050633,2816.611026385053,97.24905063291139,2893.7387060917154,97.64664556962025
88,2944.6865632378176,97.58164556962025,2832.291270187267,97.76012658227847,2957.1883566229544,97.49968354430379,2917.916314025484,97.43544303797468,2816.611026385053,97.26962025316456,2893.7387060917154,97.50930379746835
89,2944.6865632378176,97.84746835443038,2832.291270187267,97.5626582278481,2957.1883566229544,97.56930379746835,2917.916314025484,97.57025316455696,2816.611026385053,96.92341772151899,2893.7387060917154,97.49462025316456
90,2944.6865632378176,97.8120253164557,2832.291270187267,97.29050632911392,2957.1883566229544,97.5129746835443,2917.916314025484,97.45981012658228,2816.611026385053,97.12088607594937,2893.7387060917154,97.43924050632913
91,2944.6865632378176,97.9,2832.291270187267,97.41740506329114,2957.1883566229544,97.8376582278481,2917.916314025484,97.71392405063291,2816.611026385053,97.16772151898734,2893.7387060917154,97.6073417721519
92,2944.6865632378176,97.88829113924051,2832.291270187267,97.4882911392405,2957.1883566229544,97.6379746835443,2917.916314025484,97.76424050632912,2816.611026385053,97.57246835443038,2893.7387060917154,97.67025316455697
93,2944.6865632378176,97.86012658227848,2832.291270187267,97.39398734177215,2957.1883566229544,97.72879746835443,2917.916314025484,97.77151898734178,2816.611026385053,97.31677215189873,2893.7387060917154,97.61424050632911
94,2944.6865632378176,97.71645569620253,2832.291270187267,97.24398734177215,2957.1883566229544,97.66582278481013,2917.916314025484,97.89651898734178,2816.611026385053,97.1490506329114,2893.7387060917154,97.5343670886076
95,2944.6865632378176,98.0006329113924,2832.291270187267,97.49778481012659,2957.1883566229544,97.75917721518988,2917.916314025484,97.79177215189874,2816.611026385053,96.81677215189873,2893.7387060917154,97.57322784810125
96,2944.6865632378176,98.03670886075949,2832.291270187267,97.2006329113924,2957.1883566229544,97.76044303797468,2917.916314025484,97.65506329113924,2816.611026385053,97.27974683544304,2893.7387060917154,97.58651898734176
97,2944.6865632378176,98.00253164556962,2832.291270187267,97.53069620253164,2957.1883566229544,97.67310126582278,2917.916314025484,97.62784810126583,2816.611026385053,97.31582278481012,2893.7387060917154,97.63
98,2944.6865632378176,97.90158227848102,2832.291270187267,97.52183544303797,2957.1883566229544,97.80791139240506,2917.916314025484,97.56139240506329,2816.611026385053,97.54050632911392,2893.7387060917154,97.66664556962026
99,2944.6865632378176,97.46772151898735,2832.291270187267,97.61645569620254,2957.1883566229544,97.75854430379746,2917.916314025484,97.3253164556962,2816.611026385053,97.58892405063291,2893.7387060917154,97.5513924050633
100,2944.6865632378176,97.76424050632912,2832.291270187267,97.82215189873418,2957.1883566229544,97.66329113924051,2917.916314025484,97.61930379746835,2816.611026385053,97.68037974683544,2893.7387060917154,97.70987341772152
101,2944.6865632378176,97.99810126582278,2832.291270187267,97.6870253164557,2957.1883566229544,97.94082278481012,2917.916314025484,97.55727848101266,2816.611026385053,97.61424050632911,2893.7387060917154,97.75949367088607
102,2944.6865632378176,97.90253164556962,2832.291270187267,97.52151898734178,2957.1883566229544,97.94145569620254,2917.916314025484,97.3240506329114,2816.611026385053,97.37658227848101,2893.7387060917154,97.61322784810127
103,2944.6865632378176,97.66803797468354,2832.291270187267,97.4620253164557,2957.1883566229544,97.87658227848101,2917.916314025484,97.52183544303797,2816.611026385053,97.54177215189874,2893.7387060917154,97.61405063291139
104,2944.6865632378176,97.49525316455696,2832.291270187267,97.56518987341772,2957.1883566229544,97.86993670886076,2917.916314025484,97.41740506329114,2816.611026385053,97.21993670886076,2893.7387060917154,97.51354430379747
105,2944.6865632378176,97.74082278481012,2832.291270187267,97.62056962025316,2957.1883566229544,97.67246835443038,2917.916314025484,97.61297468354431,2816.611026385053,97.35569620253165,2893.7387060917154,97.60050632911393
106,2944.6865632378176,97.76202531645569,2832.291270187267,97.62310126582278,2957.1883566229544,97.62753164556962,2917.916314025484,97.69208860759494,2816.611026385053,97.18259493670887,2893.7387060917154,97.57746835443038
107,2944.6865632378176,97.97278481012658,2832.291270187267,97.8243670886076,2957.1883566229544,97.55506329113923,2917.916314025484,97.65316455696203,2816.611026385053,97.14651898734178,2893.7387060917154,97.63037974683543
108,2944.6865632378176,98.02183544303797,2832.291270187267,97.77246835443037,2940.3856296461486,97.29113924050633,2917.916314025484,97.8743670886076,2816.611026385053,97.37943037974684,2890.378160696354,97.66784810126582
109,2944.6865632378176,97.94620253164557,2832.291270187267,97.78227848101265,2940.3856296461486,97.57151898734178,2917.916314025484,97.83164556962025,2816.611026385053,97.49968354430379,2890.378160696354,97.72626582278481
110,2944.6865632378176,98.01613924050633,2832.291270187267,97.51677215189873,2940.3856296461486,97.5740506329114,2917.916314025484,97.72246835443038,2816.611026385053,97.45474683544303,2890.378160696354,97.65683544303798
111,2944.6865632378176,97.87721518987341,2832.291270187267,98.02278481012658,2940.3856296461486,97.64335443037974,2917.916314025484,97.47278481012658,2816.611026385053,97.46740506329114,2890.378160696354,97.6967088607595
112,2944.6865632378176,97.50094936708861,2832.291270187267,97.99683544303798,2940.3856296461486,97.28987341772152,2917.916314025484,97.6009493670886,2816.611026385053,97.4753164556962,2890.378160696354,97.57278481012659
113,2944.6865632378176,97.91487341772152,2832.291270187267,97.98196202531645,2940.3856296461486,97.10917721518987,2917.916314025484,97.42753164556962,2816.611026385053,97.34588607594937,2890.378160696354,97.55588607594936
114,2944.6865632378176,97.95253164556962,2832.291270187267,98.01645569620253,2940.3856296461486,97.11645569620254,2917.916314025484,97.34905063291139,2816.611026385053,97.48417721518987,2890.378160696354,97.58373417721518
115,2944.6865632378176,97.88449367088607,2832.291270187267,97.99272151898734,2940.3856296461486,97.41708860759493,2917.916314025484,97.3246835443038,2816.611026385053,97.1867088607595,2890.378160696354,97.56113924050634
116,2944.6865632378176,97.64778481012658,2832.291270187267,97.97088607594937,2940.3856296461486,97.3363924050633,2917.916314025484,97.5363924050633,2816.611026385053,96.88481012658228,2890.378160696354,97.47525316455696
117,2944.6865632378176,97.82689873417722,2832.291270187267,97.9370253164557,2940.3856296461486,97.2113924050633,2917.916314025484,97.5870253164557,2816.611026385053,96.97341772151898,2890.378160696354,97.50715189873418
118,2944.6865632378176,97.78544303797469,2832.291270187267,97.9120253164557,2940.3856296461486,97.09145569620253,2917.916314025484,97.50158227848101,2816.611026385053,96.47626582278481,2890.378160696354,97.35335443037974
119,2944.6865632378176,97.80949367088607,2832.291270187267,97.75822784810127,2940.3856296461486,97.14082278481013,2917.916314025484,97.39936708860759,2816.611026385053,96.61044303797469,2890.378160696354,97.34367088607596
120,2944.6865632378176,97.85411392405064,2832.291270187267,97.61772151898734,2940.3856296461486,97.06550632911393,2917.916314025484,97.07594936708861,2816.611026385053,96.66044303797469,2890.378160696354,97.25474683544303
121,2944.6865632378176,97.80759493670887,2832.291270187267,97.44145569620254,2940.3856296461486,96.76487341772152,2917.916314025484,97.40474683544304,2816.611026385053,97.01518987341773,2890.378160696354,97.28677215189873
122,2944.6865632378176,97.74778481012659,2832.291270187267,97.59778481012658,2940.3856296461486,96.82215189873418,2917.916314025484,97.47246835443038,2816.611026385053,96.77183544303797,2890.378160696354,97.28240506329114
123,2944.6865632378176,97.52246835443037,2832.291270187267,97.21708860759493,2940.3856296461486,96.82183544303797,2917.916314025484,97.44525316455696,2816.611026385053,97.16708860759493,2890.378160696354,97.23474683544302
124,2935.782366674049,97.44208860759494,2832.291270187267,97.55474683544304,2940.3856296461486,96.8256329113924,2917.916314025484,97.41645569620253,2816.611026385053,97.08829113924051,2888.5973213836005,97.26544303797468
125,2935.782366674049,97.65189873417721,2832.291270187267,97.6123417721519,2940.3856296461486,96.8139240506329,2917.916314025484,97.37151898734177,2816.611026385053,97.10474683544304,2888.5973213836005,97.31088607594936
126,2935.782366674049,97.59715189873418,2832.291270187267,97.6626582278481,2940.3856296461486,96.95,2917.916314025484,97.43164556962026,2816.611026385053,97.33386075949367,2888.5973213836005,97.39506329113925
127,2935.782366674049,97.41044303797469,2832.291270187267,97.73449367088608,2940.3856296461486,96.70949367088608,2917.916314025484,97.38354430379746,2816.611026385053,97.4626582278481,2888.5973213836005,97.34012658227849
128,2935.782366674049,97.50759493670886,2832.291270187267,97.81835443037974,2940.3856296461486,96.75031645569621,2917.916314025484,97.5123417721519,2816.611026385053,97.6626582278481,2888.5973213836005,97.45025316455695
129,2935.782366674049,97.5363924050633,2832.291270187267,97.83037974683545,2940.3856296461486,96.54145569620253,2917.916314025484,97.62215189873417,2816.611026385053,97.74841772151899,2888.5973213836005,97.45575949367088
130,2935.782366674049,97.83512658227848,2832.291270187267,97.70727848101266,2940.3856296461486,96.71012658227848,2917.916314025484,97.37120253164557,2816.611026385053,97.6629746835443,2888.5973213836005,97.45734177215189
131,2935.782366674049,97.85601265822785,2832.291270187267,97.71803797468354,2940.3856296461486,96.58101265822785,2917.916314025484,97.36677215189873,2816.611026385053,97.48386075949367,2888.5973213836005,97.40113924050632
132,2935.782366674049,97.78386075949368,2832.291270187267,97.5,2940.3856296461486,96.37848101265823,2917.916314025484,97.5386075949367,2816.611026385053,97.62658227848101,2888.5973213836005,97.36550632911391
133,2935.782366674049,97.89303797468355,2832.291270187267,97.79398734177215,2940.3856296461486,96.65126582278481,2917.916314025484,97.62278481012659,2816.611026385053,97.71613924050632,2888.5973213836005,97.53544303797467
134,2935.782366674049,97.85221518987342,2832.291270187267,97.84335443037975,2940.3856296461486,96.86107594936709,2917.916314025484,97.74651898734177,2816.611026385053,97.76012658227847,2888.5973213836005,97.61265822784812
135,2935.782366674049,97.89556962025317,2832.291270187267,97.84145569620253,2940.3856296461486,96.7987341772152,2917.916314025484,97.61518987341772,2816.611026385053,97.82943037974684,2888.5973213836005,97.59607594936708
136,2935.782366674049,97.94398734177216,2832.291270187267,97.31867088607595,2940.3856296461486,96.81518987341772,2917.916314025484,97.63449367088607,2816.611026385053,97.65253164556962,2888.5973213836005,97.47297468354431
137,2935.782366674049,97.8126582278481,2832.291270187267,97.8626582278481,2940.3856296461486,97.02784810126582,2917.916314025484,97.49272151898734,2816.611026385053,97.55379746835443,2888.5973213836005,97.54993670886077
138,2935.782366674049,97.68987341772151,2832.291270187267,97.88227848101266,2940.3856296461486,97.02151898734178,2917.916314025484,97.80348101265822,2816.611026385053,97.71867088607596,2888.5973213836005,97.62316455696202
139,2935.782366674049,97.91772151898734,2832.291270187267,97.91772151898734,2940.3856296461486,96.8243670886076,2917.916314025484,97.73987341772153,2816.611026385053,97.83259493670886,2888.5973213836005,97.64645569620254
140,2935.782366674049,97.87120253164557,2832.291270187267,98.06898734177216,2940.3856296461486,96.94715189873418,2917.916314025484,97.91677215189874,2816.611026385053,97.68449367088607,2888.5973213836005,97.69772151898734
141,2935.782366674049,97.81740506329113,2832.291270187267,97.9623417721519,2940.3856296461486,96.79620253164558,2917.916314025484,97.59810126582279,2816.611026385053,97.48924050632911,2888.5973213836005,97.53265822784809
142,2935.782366674049,97.71044303797468,2832.291270187267,97.9382911392405,2940.3856296461486,96.91835443037975,2917.916314025484,97.47848101265822,2816.611026385053,97.56487341772151,2888.5973213836005,97.52208860759494
143,2935.782366674049,97.81139240506329,2832.291270187267,97.94810126582279,2940.3856296461486,96.89651898734178,2917.916314025484,97.21550632911392,2816.611026385053,97.29905063291139,2888.5973213836005,97.43411392405062
144,2935.782366674049,98.04272151898734,2832.291270187267,97.80126582278481,2940.3856296461486,96.80727848101266,2917.916314025484,97.33259493670886,2816.611026385053,97.45696202531646,2888.5973213836005,97.48816455696202
145,2935.782366674049,97.95981012658228,2832.291270187267,97.58955696202531,2940.3856296461486,96.9006329113924,2917.916314025484,97.34841772151898,2816.611026385053,97.41867088607594,2888.5973213836005,97.44341772151897
146,2935.782366674049,97.88702531645569,2832.291270187267,97.73575949367088,2940.3856296461486,97.02025316455696,2917.916314025484,97.34113924050632,2816.611026385053,97.60569620253165,2888.5973213836005,97.5179746835443
147,2935.782366674049,97.8003164556962,2832.291270187267,97.74715189873417,2940.3856296461486,97.05537974683544,2917.916314025484,97.29620253164558,2816.611026385053,97.46867088607596,2888.5973213836005,97.47354430379747
148,2935.782366674049,98.02784810126582,2832.291270187267,97.86708860759494,2940.3856296461486,96.76930379746835,2917.916314025484,97.28955696202532,2816.611026385053,97.23607594936709,2888.5973213836005,97.4379746835443
149,2935.782366674049,97.54746835443038,2832.291270187267,98.10759493670886,2940.3856296461486,97.0487341772152,2917.916314025484,97.2493670886076,2816.611026385053,97.17816455696203,2888.5973213836005,97.42626582278481
150,2935.782366674049,97.75569620253165,2832.291270187267,97.70411392405063,2940.3856296461486,97.1126582278481,2917.916314025484,97.24588607594937,2816.611026385053,96.93164556962026,2888.5973213836005,97.35
151,2935.782366674049,97.92025316455697,2832.291270187267,97.18069620253165,2940.3856296461486,96.90379746835443,2917.916314025484,97.53354430379747,2816.611026385053,97.24493670886076,2888.5973213836005,97.35664556962027
152,2935.782366674049,97.60601265822785,2832.291270187267,97.27721518987342,2940.3856296461486,96.81613924050633,2917.916314025484,97.44493670886077,2816.611026385053,96.8879746835443,2888.5973213836005,97.20645569620254
153,2935.782366674049,97.55854430379746,2832.291270187267,97.2123417721519,2940.3856296461486,96.91075949367088,2917.916314025484,97.2870253164557,2816.611026385053,97.18449367088607,2888.5973213836005,97.2306329113924
154,2935.782366674049,97.70474683544303,2832.291270187267,97.36962025316456,2940.3856296461486,96.975,2917.916314025484,97.42341772151899,2816.611026385053,97.29841772151899,2888.5973213836005,97.35424050632912
155,2935.782366674049,97.76613924050633,2832.291270187267,97.47784810126582,2906.6446307982424,97.16455696202532,2917.916314025484,97.03069620253164,2816.611026385053,97.49525316455696,2881.849121614019,97.38689873417721
156,2935.782366674049,97.6737341772152,2832.291270187267,97.36012658227848,2906.6446307982424,97.18322784810127,2917.916314025484,97.34493670886076,2816.611026385053,97.50316455696202,2881.849121614019,97.41303797468355
157,2935.782366674049,97.49303797468355,2832.291270187267,97.48069620253165,2906.6446307982424,96.90094936708861,2917.916314025484,97.32310126582279,2816.611026385053,97.47911392405064,2881.849121614019,97.33537974683546
158,2935.782366674049,97.77056962025317,2832.291270187267,97.35189873417721,2906.6446307982424,96.6737341772152,2917.916314025484,97.22563291139241,2816.611026385053,97.65506329113924,2881.849121614019,97.33537974683544
159,2935.782366674049,97.83132911392406,2832.291270187267,97.50411392405063,2906.6446307982424,96.8139240506329,2917.916314025484,97.19335443037974,2816.611026385053,97.5876582278481,2881.849121614019,97.3860759493671
160,2935.782366674049,97.4493670886076,2832.291270187267,97.57784810126583,2906.6446307982424,96.99873417721518,2917.916314025484,96.94715189873418,2816.611026385053,97.6737341772152,2881.849121614019,97.3293670886076
161,2935.782366674049,97.72784810126582,2832.291270187267,97.275,2906.6446307982424,96.8632911392405,2917.916314025484,96.75253164556962,2816.611026385053,97.75158227848101,2881.849121614019,97.2740506329114
162,2935.782366674049,97.70221518987341,2832.291270187267,96.91329113924051,2906.6446307982424,96.80854430379746,2917.916314025484,96.62658227848101,2816.611026385053,97.6873417721519,2881.849121614019,97.14759493670887
163,2935.782366674049,97.79177215189874,2832.291270187267,97.35727848101266,2906.6446307982424,96.62974683544304,2917.916314025484,96.83196202531646,2816.611026385053,97.79050632911392,2881.849121614019,97.28025316455697
164,2935.782366674049,97.95348101265823,2832.291270187267,97.47056962025316,2906.6446307982424,97.02658227848102,2917.916314025484,96.92721518987342,2816.611026385053,97.67056962025316,2881.849121614019,97.4096835443038
165,2935.782366674049,98.06012658227849,2832.291270187267,97.4003164556962,2906.6446307982424,97.17784810126582,2917.916314025484,96.90348101265823,2816.611026385053,97.55696202531645,2881.849121614019,97.41974683544305
166,2935.782366674049,97.86487341772153,2832.291270187267,97.21962025316456,2906.6446307982424,97.30126582278481,2917.916314025484,97.11803797468355,2816.611026385053,97.48575949367088,2881.849121614019,97.39791139240506
167,2935.782366674049,97.56012658227849,2832.291270187267,97.11075949367088,2906.6446307982424,97.2740506329114,2917.916314025484,97.09810126582279,2816.611026385053,97.40158227848102,2881.849121614019,97.28892405063291
168,2935.782366674049,97.67056962025316,2832.291270187267,97.3253164556962,2906.6446307982424,97.37310126582278,2917.916314025484,97.30474683544304,2816.611026385053,97.38132911392405,2881.849121614019,97.41101265822785
169,2935.782366674049,97.80537974683544,2832.291270187267,97.49177215189873,2906.6446307982424,97.17151898734177,2917.916314025484,97.0129746835443,2816.611026385053,97.50537974683544,2881.849121614019,97.39740506329113
170,2935.782366674049,97.67151898734177,2832.291270187267,97.56677215189873,2906.6446307982424,97.22753164556963,2917.916314025484,96.9382911392405,2816.611026385053,97.5503164556962,2881.849121614019,97.39088607594937
171,2935.782366674049,97.63987341772152,2832.291270187267,97.46772151898735,2906.6446307982424,97.24145569620254,2917.916314025484,97.03322784810126,2816.611026385053,97.31487341772151,2881.849121614019,97.33943037974683
172,2935.782366674049,97.58196202531646,2832.291270187267,97.52373417721519,2906.6446307982424,97.61518987341772,2917.916314025484,97.1256329113924,2816.611026385053,97.37658227848101,2881.849121614019,97.44462025316456
173,2935.782366674049,97.4746835443038,2832.291270187267,97.41677215189874,2906.6446307982424,97.54177215189874,2917.916314025484,96.97088607594937,2816.611026385053,97.45379746835442,2881.849121614019,97.37158227848101
174,2935.782366674049,97.49715189873417,2832.291270187267,97.35632911392405,2906.6446307982424,97.41740506329114,2917.916314025484,97.25474683544304,2816.611026385053,97.47626582278481,2881.849121614019,97.40037974683544
175,2935.782366674049,97.51518987341773,2832.291270187267,97.16455696202532,2906.6446307982424,97.19272151898734,2917.916314025484,97.24525316455696,2816.611026385053,97.3132911392405,2881.849121614019,97.28620253164557
176,2935.782366674049,97.39082278481013,2832.291270187267,97.27721518987342,2900.3197003451833,97.38481012658228,2917.916314025484,97.24620253164557,2816.611026385053,97.46645569620253,2880.5841355234074,97.35310126582279
177,2935.782366674049,97.33892405063291,2832.291270187267,97.11677215189873,2900.3197003451833,97.55917721518988,2917.916314025484,97.08164556962025,2816.611026385053,97.48797468354431,2880.5841355234074,97.31689873417722
178,2935.782366674049,96.9370253164557,2832.291270187267,97.18196202531645,2900.3197003451833,97.49683544303798,2917.916314025484,97.14303797468355,2816.611026385053,97.65284810126582,2880.5841355234074,97.28234177215191
179,2935.782366674049,97.44240506329113,2832.291270187267,96.90506329113924,2900.3197003451833,97.65601265822785,2917.916314025484,96.74841772151899,2816.611026385053,97.84272151898735,2880.5841355234074,97.3189240506329
180,2935.782366674049,97.5762658227848,2832.291270187267,97.073417721519,2900.3197003451833,97.83449367088608,2917.916314025484,97.10886075949367,2816.611026385053,97.74018987341772,2880.5841355234074,97.46664556962025
181,2935.782366674049,97.65221518987342,2832.291270187267,97.08227848101266,2900.3197003451833,97.72911392405064,2917.916314025484,97.22183544303797,2816.611026385053,97.73670886075949,2880.5841355234074,97.48443037974684
182,2935.782366674049,97.59810126582279,2832.291270187267,97.2129746835443,2900.3197003451833,97.75379746835443,2917.916314025484,97.03987341772152,2816.611026385053,97.82721518987341,2880.5841355234074,97.4863924050633
183,2935.782366674049,97.61962025316456,2832.291270187267,96.89113924050633,2900.3197003451833,97.6996835443038,2917.916314025484,96.78955696202532,2816.611026385053,97.64145569620253,2880.5841355234074,97.3282911392405
184,2935.782366674049,97.66455696202532,2832.291270187267,97.05537974683544,2900.3197003451833,97.48892405063292,2917.916314025484,97.00822784810127,2816.611026385053,97.76518987341773,2880.5841355234074,97.39645569620254
185,2935.782366674049,97.34905063291139,2832.291270187267,97.37848101265823,2900.3197003451833,97.56930379746835,2917.916314025484,97.00031645569621,2816.611026385053,97.80791139240506,2880.5841355234074,97.42101265822785
186,2935.782366674049,97.44018987341772,2832.291270187267,97.29683544303798,2900.3197003451833,97.49778481012659,2917.916314025484,96.89873417721519,2816.611026385053,97.86550632911393,2880.5841355234074,97.39981012658228
187,2935.782366674049,97.4367088607595,2832.291270187267,97.29651898734177,2900.3197003451833,97.4003164556962,2917.916314025484,96.6993670886076,2816.611026385053,97.6870253164557,2880.5841355234074,97.30398734177216
188,2935.782366674049,97.44746835443038,2832.291270187267,97.24525316455696,2900.3197003451833,97.38860759493672,2917.916314025484,96.65569620253164,2816.611026385053,97.57943037974684,2880.5841355234074,97.26329113924052
189,2935.782366674049,97.42911392405064,2832.291270187267,97.29113924050633,2900.3197003451833,97.54810126582278,2917.916314025484,96.55537974683544,2816.611026385053,97.57943037974684,2880.5841355234074,97.28063291139242
190,2935.782366674049,97.35316455696203,2832.291270187267,97.37405063291139,2900.3197003451833,97.54715189873417,2917.916314025484,96.47373417721519,2816.611026385053,97.64113924050633,2880.5841355234074,97.27784810126583
191,2935.782366674049,97.28386075949368,2832.291270187267,97.52151898734178,2900.3197003451833,97.56803797468355,2917.916314025484,96.65569620253164,2816.611026385053,97.71044303797468,2880.5841355234074,97.34791139240507
192,2935.782366674049,97.38417721518988,2832.291270187267,97.75221518987341,2900.3197003451833,97.698417721519,2917.916314025484,96.50189873417722,2816.611026385053,97.57246835443038,2880.5841355234074,97.38183544303797
193,2935.782366674049,97.34683544303797,2832.291270187267,97.49018987341772,2900.3197003451833,97.36708860759494,2917.916314025484,96.5879746835443,2816.611026385053,97.21424050632912,2880.5841355234074,97.20126582278482
194,2935.782366674049,97.3503164556962,2832.291270187267,97.45316455696202,2900.3197003451833,97.1879746835443,2917.916314025484,96.48670886075949,2816.611026385053,97.59462025316456,2880.5841355234074,97.21455696202531
195,2935.782366674049,97.59208860759493,2832.291270187267,97.55126582278481,2900.3197003451833,97.14715189873418,2876.9118351995867,95.76898734177215,2816.611026385053,97.79778481012659,2872.383239758228,97.17145569620254
196,2935.782366674049,97.7012658227848,2832.291270187267,97.56772151898734,2900.3197003451833,97.08512658227848,2843.2462110657793,96.02183544303797,2816.611026385053,97.83924050632912,2865.6501149314668,97.24303797468355
197,2935.782366674049,97.50411392405063,2832.291270187267,97.38037974683544,2900.3197003451833,97.14050632911392,2843.2462110657793,95.99050632911393,2816.611026385053,97.551582278481,2865.6501149314668,97.11341772151899
198,2935.782366674049,97.38892405063291,2832.291270187267,97.44462025316456,2900.3197003451833,97.38132911392405,2843.2462110657793,96.6373417721519,2816.611026385053,97.33291139240507,2865.6501149314668,97.2370253164557
199,2935.782366674049,96.87120253164557,2832.291270187267,97.38955696202531,2900.3197003451833,97.4243670886076,2843.2462110657793,96.9636075949367,2816.611026385053,97.1746835443038,2865.6501149314668,97.16468354430381
200,2935.782366674049,97.075,2832.291270187267,97.2259493670886,2853.2281983485445,97.29493670886076,2843.2462110657793,96.86677215189873,2816.611026385053,97.20474683544303,2856.2318145321387,97.13348101265822
201,2935.782366674049,97.17753164556962,2832.291270187267,97.29810126582278,2853.2281983485445,97.1860759493671,2843.2462110657793,96.67151898734177,2816.611026385053,97.24462025316456,2856.2318145321387,97.11556962025315
202,2935.782366674049,97.24050632911393,2832.291270187267,97.35189873417721,2853.2281983485445,97.07753164556962,2843.2462110657793,96.84588607594937,2816.611026385053,97.53196202531646,2856.2318145321387,97.20955696202532
203,2935.782366674049,97.39873417721519,2832.291270187267,97.49715189873417,2853.2281983485445,97.34018987341773,2843.2462110657793,97.1009493670886,2816.611026385053,97.60727848101266,2856.2318145321387,97.38886075949367
204,2935.782366674049,97.48955696202532,2832.291270187267,97.39113924050633,2853.2281983485445,97.31582278481012,2843.2462110657793,97.00696202531645,2816.611026385053,97.4367088607595,2856.2318145321387,97.32803797468355
205,2935.782366674049,97.27436708860759,2832.291270187267,97.33101265822785,2853.2281983485445,97.19715189873418,2843.2462110657793,97.02721518987342,2816.611026385053,97.40822784810126,2856.2318145321387,97.24759493670885
206,2935.782366674049,97.27911392405063,2832.291270187267,97.57088607594936,2853.2281983485445,97.32183544303797,2843.2462110657793,97.09430379746836,2816.611026385053,97.57278481012658,2856.2318145321387,97.36778481012657
207,2935.782366674049,97.4243670886076,2832.291270187267,97.26360759493672,2853.2281983485445,97.29746835443038,2843.2462110657793,97.22183544303797,2816.611026385053,97.68639240506329,2856.2318145321387,97.37873417721521
208,2935.782366674049,97.52816455696203,2832.291270187267,97.6132911392405,2853.2281983485445,97.14810126582279,2843.2462110657793,97.24905063291139,2816.611026385053,97.4503164556962,2856.2318145321387,97.39778481012658
209,2935.782366674049,97.28829113924051,2832.291270187267,97.58069620253164,2853.2281983485445,97.11867088607595,2843.2462110657793,97.46392405063291,2816.611026385053,97.61898734177215,2856.2318145321387,97.41411392405062
210,2935.782366674049,97.19208860759494,2832.291270187267,97.48291139240506,2853.2281983485445,97.22310126582279,2843.2462110657793,97.37278481012659,2816.611026385053,97.49588607594937,2856.2318145321387,97.35335443037975
211,2935.782366674049,96.69113924050633,2832.291270187267,97.4882911392405,2853.2281983485445,96.61930379746835,2843.2462110657793,97.18006329113923,2816.611026385053,97.28227848101265,2856.2318145321387,97.05221518987341
212,2935.782366674049,96.823417721519,2832.291270187267,97.5762658227848,2853.2281983485445,97.12721518987341,2843.2462110657793,97.2987341772152,2816.611026385053,96.9493670886076,2856.2318145321387,97.155
213,2935.782366674049,96.52594936708861,2832.291270187267,97.4126582278481,2853.2281983485445,97.16867088607594,2843.2462110657793,97.36645569620254,2816.611026385053,97.25601265822785,2856.2318145321387,97.1459493670886
214,2935.782366674049,96.66867088607594,2832.291270187267,97.33544303797468,2853.2281983485445,96.64588607594936,2843.2462110657793,97.26740506329114,2816.611026385053,97.23417721518987,2856.2318145321387,97.0303164556962
215,2935.782366674049,96.66993670886076,2832.291270187267,97.49810126582278,2853.2281983485445,96.70696202531646,2843.2462110657793,96.95379746835442,2816.611026385053,97.25411392405063,2856.2318145321387,97.01658227848101
216,2935.782366674049,96.23164556962026,2832.291270187267,97.56708860759494,2853.2281983485445,96.30569620253165,2843.2462110657793,97.21487341772152,2816.611026385053,97.20727848101266,2856.2318145321387,96.90531645569621
217,2935.782366674049,96.65126582278481,2832.291270187267,97.50474683544304,2853.2281983485445,96.43101265822784,2843.2462110657793,97.04683544303798,2816.611026385053,97.30316455696203,2856.2318145321387,96.98740506329113
218,2935.782366674049,96.84841772151898,2832.291270187267,97.22088607594937,2853.2281983485445,96.44082278481012,2843.2462110657793,97.22341772151898,2816.611026385053,97.44873417721519,2856.2318145321387,97.03645569620252
219,2935.782366674049,96.92816455696203,2832.291270187267,97.26424050632912,2853.2281983485445,96.64651898734178,2843.2462110657793,97.48322784810127,2816.611026385053,97.4256329113924,2856.2318145321387,97.14955696202533
220,2935.782366674049,96.72056962025316,2832.291270187267,97.3240506329114,2853.2281983485445,96.77246835443037,2843.2462110657793,97.37310126582278,2816.611026385053,97.35632911392405,2856.2318145321387,97.10930379746836
221,2935.782366674049,96.76898734177215,2832.291270187267,96.98860759493671,2853.2281983485445,96.67753164556962,2843.2462110657793,97.19746835443038,2816.611026385053,97.64050632911392,2856.2318145321387,97.05462025316456
222,2935.782366674049,96.70253164556962,2832.291270187267,96.73544303797469,2853.2281983485445,96.63512658227847,2843.2462110657793,97.17689873417721,2816.611026385053,97.49113924050633,2856.2318145321387,96.94822784810125
223,2935.782366674049,96.71329113924051,2832.291270187267,96.73037974683544,2853.2281983485445,97.00284810126583,2843.2462110657793,97.0117088607595,2816.611026385053,97.26487341772152,2856.2318145321387,96.94462025316456
224,2935.782366674049,96.65696202531646,2832.291270187267,96.5246835443038,2853.2281983485445,97.02974683544304,2843.2462110657793,97.03196202531646,2816.611026385053,97.62848101265823,2856.2318145321387,96.9743670886076
225,2935.782366674049,96.69556962025317,2832.291270187267,96.58386075949367,2853.2281983485445,97.05601265822784,2843.2462110657793,97.24462025316456,2816.611026385053,97.64208860759494,2856.2318145321387,97.04443037974683
226,2935.782366674049,96.2740506329114,2832.291270187267,96.10411392405064,2853.2281983485445,97.0256329113924,2843.2462110657793,97.38924050632912,2816.611026385053,97.61803797468355,2856.2318145321387,96.88221518987342
227,2935.782366674049,96.48575949367088,2832.291270187267,95.91708860759493,2853.2281983485445,96.74113924050633,2843.2462110657793,97.36487341772153,2816.611026385053,97.61898734177215,2856.2318145321387,96.82556962025316
228,2935.782366674049,95.96898734177215,2832.291270187267,96.08006329113924,2853.2281983485445,96.97784810126582,2843.2462110657793,97.3003164556962,2816.611026385053,97.79651898734177,2856.2318145321387,96.82474683544304
229,2935.782366674049,95.57721518987341,2832.291270187267,96.28607594936709,2853.2281983485445,97.03164556962025,2843.2462110657793,97.16898734177215,2816.611026385053,97.6753164556962,2856.2318145321387,96.74784810126582
230,2935.782366674049,95.79841772151899,2832.291270187267,96.325,2853.2281983485445,97.00379746835443,2843.2462110657793,96.99272151898734,2816.611026385053,97.84430379746836,2856.2318145321387,96.79284810126583
231,2935.782366674049,95.75917721518988,2832.291270187267,96.4623417721519,2853.2281983485445,97.04905063291139,2843.2462110657793,97.17246835443038,2816.611026385053,97.71645569620253,2856.2318145321387,96.8318987341772
232,2935.782366674049,95.7126582278481,2832.291270187267,96.53227848101265,2853.2281983485445,97.09715189873418,2843.2462110657793,97.24335443037975,2816.611026385053,97.65917721518987,2856.2318145321387,96.8489240506329
233,2935.782366674049,95.79556962025316,2832.291270187267,96.57151898734178,2853.2281983485445,96.90094936708861,2843.2462110657793,97.25632911392405,2816.611026385053,97.64556962025317,2856.2318145321387,96.83398734177216
234,2935.782366674049,96.00284810126583,2832.291270187267,96.75601265822785,2853.2281983485445,97.07721518987341,2843.2462110657793,97.25791139240506,2816.611026385053,97.6379746835443,2856.2318145321387,96.94639240506329
235,2935.782366674049,95.86772151898734,2832.291270187267,97.12088607594937,2853.2281983485445,96.99018987341772,2843.2462110657793,97.55348101265822,2816.611026385053,97.7382911392405,2856.2318145321387,97.05411392405063
236,2935.782366674049,95.92246835443038,2832.291270187267,97.17689873417721,2853.2281983485445,97.03354430379747,2843.2462110657793,97.57911392405063,2816.611026385053,97.67753164556962,2856.2318145321387,97.07791139240506
237,2935.782366674049,96.0629746835443,2832.291270187267,97.11455696202532,2853.2281983485445,97.12088607594937,2843.2462110657793,97.54715189873417,2816.611026385053,97.6626582278481,2856.2318145321387,97.10164556962026
238,2935.782366674049,96.2373417721519,2832.291270187267,97.15886075949368,2853.2281983485445,97.11962025316456,2843.2462110657793,97.49588607594937,2816.611026385053,97.83069620253164,2856.2318145321387,97.16848101265823
239,2935.782366674049,96.3876582278481,2832.291270187267,97.27594936708861,2853.2281983485445,97.57911392405063,2843.2462110657793,97.46392405063291,2816.611026385053,97.8632911392405,2856.2318145321387,97.31398734177215
240,2935.782366674049,96.48322784810127,2832.291270187267,97.34651898734177,2853.2281983485445,97.4237341772152,2843.2462110657793,97.44430379746835,2816.611026385053,97.87753164556962,2856.2318145321387,97.31506329113924
241,2935.782366674049,96.33481012658228,2832.291270187267,97.4136075949367,2853.2281983485445,97.64462025316456,2843.2462110657793,97.43481012658228,2816.611026385053,97.83386075949367,2856.2318145321387,97.33234177215192
242,2935.782366674049,96.3879746835443,2832.291270187267,97.40443037974684,2853.2281983485445,97.50379746835443,2843.2462110657793,97.2993670886076,2816.611026385053,98.07278481012658,2856.2318145321387,97.33367088607595
243,2935.782366674049,96.63354430379746,2832.291270187267,97.5762658227848,2853.2281983485445,97.66708860759493,2843.2462110657793,97.22816455696203,2816.611026385053,97.88639240506329,2856.2318145321387,97.39829113924051
244,2933.424230305367,96.87468354430379,2832.291270187267,97.8,2853.2281983485445,97.80886075949367,2843.2462110657793,97.30981012658228,2816.611026385053,97.89651898734178,2855.7601872584023,97.5379746835443
245,2933.424230305367,97.17816455696203,2832.291270187267,97.89841772151898,2853.2281983485445,97.71898734177215,2843.2462110657793,97.1990506329114,2816.611026385053,98.16518987341772,2855.7601872584023,97.63196202531645
246,2933.424230305367,97.0126582278481,2832.291270187267,98.06740506329113,2853.2281983485445,97.46582278481013,2843.2462110657793,96.76835443037974,2816.611026385053,97.81613924050633,2855.7601872584023,97.4260759493671
247,2933.424230305367,96.87848101265823,2832.291270187267,97.88702531645569,2853.2281983485445,97.50822784810127,2843.2462110657793,96.84303797468354,2816.611026385053,97.76645569620253,2855.7601872584023,97.37664556962025
248,2933.424230305367,97.11455696202532,2832.291270187267,97.86867088607595,2853.2281983485445,97.43354430379746,2843.2462110657793,96.76139240506329,2816.611026385053,97.90284810126582,2855.7601872584023,97.41620253164557
249,2933.424230305367,97.00221518987341,2832.291270187267,97.90854430379747,2853.2281983485445,97.5993670886076,2843.2462110657793,96.88955696202531,2816.611026385053,97.95189873417722,2855.7601872584023,97.4703164556962
250,2933.424230305367,96.63069620253165,2832.291270187267,97.77594936708861,2853.2281983485445,97.53101265822785,2843.2462110657793,97.05791139240506,2816.611026385053,97.88449367088607,2855.7601872584023,97.37601265822784
251,2933.424230305367,96.95601265822785,2832.291270187267,97.80569620253165,2853.2281983485445,97.48354430379747,2843.2462110657793,97.0639240506329,2816.611026385053,97.3246835443038,2855.7601872584023,97.32677215189874
252,2933.424230305367,96.71392405063291,2832.291270187267,97.58227848101266,2853.2281983485445,97.37215189873417,2843.2462110657793,97.21550632911392,2816.611026385053,96.55917721518988,2855.7601872584023,97.0886075949367
253,2933.424230305367,96.0246835443038,2832.291270187267,97.55791139240506,2853.2281983485445,97.40158227848102,2843.2462110657793,97.20632911392406,2816.611026385053,96.52025316455696,2855.7601872584023,96.94215189873418
254,2933.424230305367,96.01455696202531,2832.291270187267,97.59746835443038,2853.2281983485445,97.38259493670886,2843.2462110657793,97.02056962025317,2816.611026385053,96.00316455696202,2855.7601872584023,96.80367088607595
255,2933.424230305367,96.20379746835442,2832.291270187267,97.59398734177215,2853.2281983485445,97.44620253164557,2843.2462110657793,96.98227848101266,2816.611026385053,96.30411392405064,2855.7601872584023,96.90607594936708
256,2933.424230305367,96.45822784810126,2832.291270187267,97.30126582278481,2853.2281983485445,97.50981012658228,2843.2462110657793,97.03512658227848,2816.611026385053,96.17911392405064,2855.7601872584023,96.89670886075949
257,2933.424230305367,96.70284810126583,2832.291270187267,97.35189873417721,2853.2281983485445,97.57183544303797,2843.2462110657793,97.03037974683544,2816.611026385053,96.31645569620254,2855.7601872584023,96.9946835443038
258,2933.424230305367,96.53607594936709,2832.291270187267,97.16392405063291,2853.2281983485445,97.57278481012658,2843.2462110657793,97.00348101265823,2816.611026385053,95.83955696202531,2855.7601872584023,96.82316455696203
259,2933.424230305367,96.44367088607595,2832.291270187267,97.14715189873418,2853.2281983485445,97.66582278481013,2843.2462110657793,97.06962025316456,2816.611026385053,96.02879746835443,2855.7601872584023,96.87101265822784
260,2933.424230305367,96.50664556962025,2832.291270187267,97.20506329113924,2853.2281983485445,97.2626582278481,2843.2462110657793,97.15221518987342,2816.611026385053,95.76835443037974,2855.7601872584023,96.77898734177214
261,2933.424230305367,96.5610759493671,2832.291270187267,97.11613924050633,2853.2281983485445,97.43386075949367,2843.2462110657793,97.2886075949367,2816.611026385053,95.92689873417721,2855.7601872584023,96.8653164556962
262,2933.424230305367,96.2623417721519,2832.291270187267,97.05474683544304,2853.2281983485445,96.94145569620254,2843.2462110657793,96.54588607594937,2816.611026385053,95.63860759493672,2855.7601872584023,96.48860759493671
263,2933.424230305367,96.59588607594937,2832.291270187267,96.94398734177216,2853.2281983485445,97.11677215189873,2843.2462110657793,97.0129746835443,2816.611026385053,96.12341772151899,2855.7601872584023,96.7586075949367
264,2933.424230305367,96.74240506329114,2832.291270187267,96.98924050632911,2853.2281983485445,97.1873417721519,2843.2462110657793,97.28291139240507,2816.611026385053,96.38006329113924,2855.7601872584023,96.91639240506329
265,2933.424230305367,96.68354430379746,2832.291270187267,97.12468354430379,2853.2281983485445,97.34398734177215,2843.2462110657793,97.47215189873418,2816.611026385053,96.57911392405063,2855.7601872584023,97.04069620253165
266,2933.424230305367,96.72848101265822,2832.291270187267,96.84050632911392,2853.2281983485445,97.33449367088608,2843.2462110657793,97.29367088607594,2816.611026385053,96.84588607594937,2855.7601872584023,97.00860759493669
267,2933.424230305367,96.64493670886075,2832.291270187267,96.73955696202532,2853.2281983485445,97.09430379746836,2843.2462110657793,97.41708860759493,2816.611026385053,96.75917721518988,2855.7601872584023,96.93101265822784
268,2933.424230305367,96.46962025316456,2832.291270187267,96.68860759493671,2853.2281983485445,97.23860759493671,2843.2462110657793,97.49208860759494,2816.611026385053,96.95569620253164,2855.7601872584023,96.9689240506329
269,2933.424230305367,96.28924050632911,2832.291270187267,96.5740506329114,2853.2281983485445,97.11518987341772,2843.2462110657793,97.1629746835443,2816.611026385053,96.7123417721519,2855.7601872584023,96.77075949367088
270,2933.424230305367,96.30632911392405,2832.291270187267,96.57848101265823,2853.2281983485445,96.67246835443038,2843.2462110657793,97.11993670886076,2816.611026385053,96.94778481012658,2855.7601872584023,96.725
271,2933.424230305367,96.20284810126583,2832.291270187267,96.94082278481012,2853.2281983485445,96.60506329113925,2843.2462110657793,97.2870253164557,2816.611026385053,97.12753164556962,2855.7601872584023,96.8326582278481
272,2933.424230305367,96.26708860759494,2832.291270187267,96.84113924050632,2853.2281983485445,96.64113924050633,2767.071157989189,97.27278481012658,2816.611026385053,96.99556962025316,2840.525176643084,96.80354430379745
273,2933.424230305367,96.51582278481013,2832.291270187267,96.80506329113923,2853.2281983485445,96.66392405063291,2767.071157989189,97.29145569620253,2816.611026385053,96.56645569620254,2840.525176643084,96.76854430379747
274,2933.424230305367,96.61012658227848,2832.291270187267,96.66012658227848,2853.2281983485445,96.6243670886076,2737.2805902671817,97.04050632911392,2816.611026385053,97.01582278481013,2834.5670630986824,96.79018987341772
275,2933.424230305367,96.70537974683545,2832.291270187267,96.99113924050633,2853.2281983485445,96.88702531645569,2737.2805902671817,97.01962025316456,2816.611026385053,97.10569620253165,2834.5670630986824,96.94177215189873
276,2933.424230305367,96.79493670886076,2832.291270187267,96.21613924050632,2853.2281983485445,96.6636075949367,2737.2805902671817,96.39367088607595,2816.611026385053,97.05727848101266,2834.5670630986824,96.62512658227847
277,2933.424230305367,96.5376582278481,2832.291270187267,95.56582278481012,2853.2281983485445,96.71170886075949,2737.2805902671817,96.85886075949367,2816.611026385053,97.15411392405063,2834.5670630986824,96.5656329113924
278,2933.424230305367,96.46550632911392,2832.291270187267,94.82658227848101,2853.2281983485445,96.9367088607595,2737.2805902671817,96.64873417721519,2816.611026385053,97.10253164556963,2834.5670630986824,96.39601265822785
279,2933.424230305367,96.83481012658228,2832.291270187267,94.75253164556962,2853.2281983485445,97.0503164556962,2737.2805902671817,96.30854430379746,2816.611026385053,97.08449367088608,2834.5670630986824,96.40613924050633
280,2933.424230305367,96.90854430379747,2832.291270187267,94.6867088607595,2853.2281983485445,97.21550632911392,2737.2805902671817,96.16044303797469,2816.611026385053,97.41044303797469,2834.5670630986824,96.47632911392405
281,2933.424230305367,96.80632911392405,2832.291270187267,95.47911392405064,2853.2281983485445,97.42120253164558,2737.2805902671817,95.82025316455696,2816.611026385053,97.2012658227848,2834.5670630986824,96.5456329113924
282,2933.424230305367,96.98417721518987,2832.291270187267,95.89841772151898,2853.2281983485445,97.44145569620254,2737.2805902671817,95.74335443037975,2816.611026385053,97.10411392405064,2834.5670630986824,96.63430379746836
283,2933.424230305367,96.74683544303798,2832.291270187267,96.17848101265822,2853.2281983485445,97.38607594936708,2737.2805902671817,96.00284810126583,2816.611026385053,97.35632911392405,2834.5670630986824,96.73411392405063
284,2933.424230305367,97.01107594936708,2832.291270187267,96.20221518987341,2853.2281983485445,97.25537974683544,2737.2805902671817,96.17120253164558,2816.611026385053,97.225,2834.5670630986824,96.77297468354429
285,2933.424230305367,97.30474683544304,2832.291270187267,95.99556962025316,2853.2281983485445,97.48037974683544,2737.2805902671817,96.21487341772152,2816.611026385053,97.25822784810127,2834.5670630986824,96.85075949367089
286,2933.424230305367,97.29177215189874,2832.291270187267,95.80284810126582,2853.2281983485445,97.36962025316456,2737.2805902671817,96.18132911392405,2816.611026385053,97.40189873417721,2834.5670630986824,96.80949367088608
287,2933.424230305367,97.29018987341772,2832.291270187267,95.71645569620253,2853.2281983485445,97.05,2737.2805902671817,96.28449367088608,2816.611026385053,97.35411392405064,2834.5670630986824,96.73905063291139
288,2933.424230305367,97.15949367088608,2832.291270187267,95.86075949367088,2853.2281983485445,97.1860759493671,2737.2805902671817,96.11708860759494,2816.611026385053,97.33449367088608,2834.5670630986824,96.731582278481
289,2933.424230305367,97.0129746835443,2832.291270187267,95.74778481012659,2853.2281983485445,97.24525316455696,2737.2805902671817,95.83006329113924,2816.611026385053,97.29018987341772,2834.5670630986824,96.62525316455697
290,2933.424230305367,97.22943037974683,2832.291270187267,94.95569620253164,2853.2281983485445,97.27721518987342,2737.2805902671817,95.94556962025317,2816.611026385053,97.24398734177215,2834.5670630986824,96.53037974683544
291,2933.424230305367,97.21803797468354,2832.291270187267,95.29525316455697,2853.2281983485445,97.05822784810127,2737.2805902671817,96.0746835443038,2816.611026385053,97.18417721518988,2834.5670630986824,96.56607594936709
292,2933.424230305367,97.26993670886075,2832.291270187267,94.55981012658228,2853.2281983485445,97.04018987341772,2737.2805902671817,96.17405063291139,2816.611026385053,97.23069620253165,2834.5670630986824,96.45493670886074
293,2933.424230305367,96.92310126582278,2832.291270187267,94.6123417721519,2853.2281983485445,97.08417721518987,2737.2805902671817,95.99810126582278,2816.611026385053,97.3386075949367,2834.5670630986824,96.3912658227848
294,2933.424230305367,96.98259493670886,2832.291270187267,95.14082278481013,2853.2281983485445,96.81360759493671,2737.2805902671817,96.27373417721519,2816.611026385053,97.4376582278481,2834.5670630986824,96.5296835443038
295,2933.424230305367,97.13955696202531,2832.291270187267,95.29462025316455,2853.2281983485445,96.7753164556962,2737.2805902671817,96.2740506329114,2816.611026385053,97.37753164556962,2834.5670630986824,96.5722151898734
296,2933.424230305367,97.27594936708861,2832.291270187267,95.50601265822785,2853.2281983485445,96.88386075949367,2737.2805902671817,96.48512658227848,2816.611026385053,97.35886075949367,2834.5670630986824,96.70196202531646
297,2933.424230305367,97.42943037974683,2832.291270187267,95.17911392405064,2853.2281983485445,96.95791139240507,2737.2805902671817,96.43291139240506,2816.611026385053,97.32848101265823,2834.5670630986824,96.66556962025317
298,2933.424230305367,97.51044303797468,2832.291270187267,95.47246835443038,2853.2281983485445,96.99050632911393,2737.2805902671817,96.24810126582278,2816.611026385053,97.00759493670886,2834.5670630986824,96.64582278481014
299,2933.424230305367,97.3120253164557,2832.291270187267,95.54556962025316,2853.2281983485445,96.92689873417721,2737.2805902671817,96.31677215189873,2816.611026385053,96.55791139240506,2834.5670630986824,96.53183544303798
300,2933.424230305367,97.35189873417721,2832.291270187267,95.74050632911393,2814.3754156640966,96.90126582278481,2737.2805902671817,96.32310126582279,2816.611026385053,96.51962025316456,2826.7965065617927,96.56727848101266
301,2933.424230305367,97.49493670886076,2832.291270187267,95.44778481012658,2814.3754156640966,96.98354430379747,2737.2805902671817,96.08955696202531,2816.611026385053,96.38924050632912,2826.7965065617927,96.48101265822785
302,2933.424230305367,97.55253164556962,2832.291270187267,95.44493670886077,2814.3754156640966,97.14936708860759,2737.2805902671817,96.43544303797468,2816.611026385053,96.53829113924051,2826.7965065617927,96.62411392405063
303,2933.424230305367,97.77848101265823,2832.291270187267,95.91803797468354,2814.3754156640966,96.91772151898734,2737.2805902671817,96.29050632911392,2816.611026385053,96.73575949367088,2826.7965065617927,96.72810126582279
304,2933.424230305367,97.63006329113924,2832.291270187267,95.98607594936709,2814.3754156640966,97.23386075949367,2737.2805902671817,96.18544303797468,2816.611026385053,96.61582278481012,2826.7965065617927,96.73025316455696
305,2933.424230305367,97.55569620253165,2832.291270187267,95.71012658227848,2814.3754156640966,97.02911392405063,2737.2805902671817,96.24303797468355,2816.611026385053,96.60316455696203,2826.7965065617927,96.62822784810126
306,2933.424230305367,97.61582278481012,2832.291270187267,95.57056962025317,2814.3754156640966,97.21044303797468,2737.2805902671817,96.01962025316456,2816.611026385053,96.9246835443038,2826.7965065617927,96.66822784810127
307,2933.424230305367,97.76582278481013,2832.291270187267,95.24841772151899,2814.3754156640966,97.39398734177215,2737.2805902671817,96.51708860759494,2816.611026385053,96.8876582278481,2826.7965065617927,96.76259493670887
308,2933.424230305367,97.39430379746835,2832.291270187267,95.40316455696203,2814.3754156640966,97.47879746835443,2737.2805902671817,96.34715189873418,2816.611026385053,97.01962025316456,2826.7965065617927,96.72860759493672
309,2933.424230305367,97.45886075949367,2832.291270187267,95.40189873417721,2814.3754156640966,97.56772151898734,2737.2805902671817,96.15601265822785,2816.611026385053,96.92310126582278,2826.7965065617927,96.70151898734176
310,2933.424230305367,97.53227848101265,2832.291270187267,95.39493670886075,2787.9575135264377,97.55759493670887,2737.2805902671817,96.17405063291139,2816.611026385053,96.88291139240506,2821.5129261342613,96.70835443037974
311,2933.424230305367,97.60791139240506,2832.291270187267,95.36962025316456,2787.9575135264377,97.50981012658228,2737.2805902671817,96.46708860759493,2816.611026385053,97.26962025316456,2821.5129261342613,96.84481012658227
312,2933.424230305367,97.56645569620254,2832.291270187267,95.47151898734177,2787.9575135264377,97.43639240506329,2737.2805902671817,96.59873417721519,2816.611026385053,97.39240506329114,2821.5129261342613,96.89310126582276
313,2933.424230305367,97.58987341772152,2832.291270187267,95.38259493670886,2787.9575135264377,97.30854430379746,2737.2805902671817,96.825,2816.611026385053,97.46613924050632,2821.5129261342613,96.91443037974683
314,2933.424230305367,97.36360759493671,2832.291270187267,95.56835443037974,2787.9575135264377,97.32816455696202,2737.2805902671817,96.64177215189873,2816.611026385053,97.6256329113924,2821.5129261342613,96.90550632911393
315,2933.424230305367,97.44177215189873,2832.291270187267,96.20632911392406,2787.9575135264377,97.36012658227848,2737.2805902671817,96.54113924050633,2816.611026385053,97.6636075949367,2821.5129261342613,97.04259493670887
316,2933.424230305367,97.51867088607595,2832.291270187267,96.2987341772152,2787.9575135264377,97.36550632911393,2737.2805902671817,96.73132911392405,2816.611026385053,97.74018987341772,2821.5129261342613,97.13088607594936
317,2933.424230305367,97.4243670886076,2832.291270187267,96.10284810126582,2787.9575135264377,97.40981012658227,2737.2805902671817,96.78955696202532,2816.611026385053,97.6876582278481,2821.5129261342613,97.08284810126581
318,2933.424230305367,97.49651898734177,2832.291270187267,95.86645569620254,2787.9575135264377,97.51044303797468,2737.2805902671817,96.74525316455696,2816.611026385053,97.60189873417721,2821.5129261342613,97.04411392405063
319,2933.424230305367,97.58512658227848,2832.291270187267,96.10158227848102,2787.9575135264377,97.29367088607594,2737.2805902671817,96.59588607594937,2816.611026385053,97.34082278481013,2821.5129261342613,96.98341772151898
320,2933.424230305367,97.31898734177216,2832.291270187267,96.25727848101266,2787.9575135264377,97.52278481012658,2737.2805902671817,96.99651898734177,2816.611026385053,97.05886075949367,2821.5129261342613,97.03088607594937
321,2933.424230305367,97.59905063291139,2832.291270187267,96.50253164556962,2787.9575135264377,97.13544303797468,2737.2805902671817,97.08291139240507,2816.611026385053,97.3626582278481,2821.5129261342613,97.13651898734176
322,2933.424230305367,97.5746835443038,2832.291270187267,96.63449367088607,2787.9575135264377,97.03955696202532,2737.2805902671817,96.76139240506329,2816.611026385053,97.35696202531645,2821.5129261342613,97.073417721519
323,2933.424230305367,97.42974683544304,2832.291270187267,96.6636075949367,2787.9575135264377,97.07088607594936,2737.2805902671817,96.85221518987342,2816.611026385053,97.24715189873417,2821.5129261342613,97.05272151898734
324,2933.424230305367,97.26424050632912,2832.291270187267,96.54905063291139,2787.9575135264377,97.19145569620254,2737.2805902671817,96.44620253164557,2816.611026385053,97.23892405063292,2821.5129261342613,96.9379746835443
325,2933.424230305367,97.51962025316456,2832.291270187267,96.58829113924051,2787.9575135264377,97.16993670886076,2737.2805902671817,96.36044303797469,2816.611026385053,97.21898734177215,2821.5129261342613,96.97145569620253
326,2933.424230305367,97.1009493670886,2832.291270187267,96.22151898734177,2787.9575135264377,97.09525316455696,2737.2805902671817,96.45632911392406,2816.611026385053,97.075,2821.5129261342613,96.7898101265823
327,2933.424230305367,97.26677215189873,2832.291270187267,96.43196202531645,2787.9575135264377,97.11835443037975,2737.2805902671817,96.53544303797469,2816.611026385053,97.08924050632912,2821.5129261342613,96.88835443037975
328,2933.424230305367,97.51202531645569,2832.291270187267,96.0879746835443,2787.9575135264377,97.01329113924051,2737.2805902671817,96.69746835443038,2816.611026385053,97.23227848101266,2821.5129261342613,96.90860759493671
329,2933.424230305367,97.44335443037974,2832.291270187267,95.9626582278481,2787.9575135264377,97.15917721518987,2737.2805902671817,96.59620253164557,2816.611026385053,97.24082278481012,2821.5129261342613,96.88044303797469
330,2933.424230305367,97.39810126582279,2832.291270187267,95.60474683544304,2787.9575135264377,96.99050632911393,2737.2805902671817,96.72215189873418,2816.611026385053,97.30189873417721,2821.5129261342613,96.80348101265824
331,2933.424230305367,97.2626582278481,2832.291270187267,95.65189873417721,2787.9575135264377,96.72848101265822,2737.2805902671817,96.51012658227847,2816.611026385053,97.39493670886075,2821.5129261342613,96.70962025316456
332,2933.424230305367,97.26582278481013,2832.291270187267,95.98639240506328,2787.9575135264377,96.56930379746835,2737.2805902671817,96.89082278481013,2816.611026385053,97.54588607594937,2821.5129261342613,96.85164556962027
333,2933.424230305367,97.32025316455696,2832.291270187267,96.03512658227848,2787.9575135264377,96.88955696202531,2737.2805902671817,96.93101265822784,2816.611026385053,97.56898734177216,2821.5129261342613,96.94898734177215
334,2933.424230305367,97.13924050632912,2832.291270187267,96.05506329113923,2787.9575135264377,96.7493670886076,2737.2805902671817,96.86898734177215,2816.611026385053,97.24272151898734,2821.5129261342613,96.8110759493671
335,2933.424230305367,97.21803797468354,2832.291270187267,95.88829113924051,2787.9575135264377,96.65094936708861,2737.2805902671817,96.8626582278481,2816.611026385053,97.43449367088607,2821.5129261342613,96.81088607594937
336,2933.424230305367,97.42341772151899,2832.291270187267,96.02721518987342,2787.9575135264377,96.49620253164557,2737.2805902671817,96.95221518987341,2816.611026385053,97.66455696202532,2821.5129261342613,96.91272151898734
337,2933.424230305367,97.60126582278481,2832.291270187267,96.13449367088607,2787.9575135264377,96.40537974683544,2737.2805902671817,97.15917721518987,2816.611026385053,97.65696202531646,2821.5129261342613,96.99145569620252
338,2933.424230305367,97.53101265822785,2832.291270187267,96.12531645569621,2787.9575135264377,96.67025316455697,2737.2805902671817,97.11518987341772,2816.611026385053,97.57784810126583,2821.5129261342613,97.00392405063292
339,2933.424230305367,97.4376582278481,2832.291270187267,96.1746835443038,2787.9575135264377,96.99018987341772,2737.2805902671817,97.28607594936709,2816.611026385053,97.51930379746835,2821.5129261342613,97.08158227848102
340,2933.424230305367,97.00411392405063,2832.291270187267,96.23037974683544,2787.9575135264377,96.83101265822785,2737.2805902671817,97.4126582278481,2816.611026385053,97.33512658227848,2821.5129261342613,96.9626582278481
341,2933.424230305367,97.25854430379746,2832.291270187267,96.23322784810127,2787.9575135264377,96.98512658227848,2737.2805902671817,97.23006329113925,2816.611026385053,97.63322784810127,2821.5129261342613,97.06803797468355
342,2933.424230305367,97.24335443037975,2832.291270187267,96.18449367088607,2787.9575135264377,97.02721518987342,2737.2805902671817,97.41075949367088,2816.611026385053,97.698417721519,2821.5129261342613,97.11284810126583
343,2933.424230305367,97.16518987341772,2832.291270187267,96.2879746835443,2787.9575135264377,97.05791139240506,2737.2805902671817,97.37911392405063,2816.611026385053,97.75949367088607,2821.5129261342613,97.12993670886075
344,2933.424230305367,97.0740506329114,2832.291270187267,96.09018987341773,2787.9575135264377,97.01582278481013,2737.2805902671817,97.03892405063291,2816.611026385053,97.73512658227848,2821.5129261342613,96.99082278481013
345,2933.424230305367,97.3386075949367,2832.291270187267,96.00601265822785,2787.9575135264377,97.26107594936708,2737.2805902671817,96.61455696202532,2816.611026385053,97.72784810126582,2821.5129261342613,96.98962025316456
346,2933.424230305367,96.84620253164557,2832.291270187267,96.1496835443038,2787.9575135264377,97.11898734177215,2737.2805902671817,96.61772151898734,2816.611026385053,97.37911392405063,2821.5129261342613,96.8223417721519
347,2933.424230305367,96.75094936708861,2832.291270187267,96.22056962025316,2787.9575135264377,97.12373417721518,2737.2805902671817,96.72215189873418,2816.611026385053,97.58955696202531,2821.5129261342613,96.88139240506328
348,2933.424230305367,96.7863924050633,2832.291270187267,96.32594936708861,2787.9575135264377,97.27626582278481,2737.2805902671817,96.87310126582278,2816.611026385053,97.58196202531646,2821.5129261342613,96.9687341772152
349,2933.424230305367,97.0617088607595,2832.291270187267,96.16075949367088,2787.9575135264377,97.25854430379746,2737.2805902671817,97.073417721519,2816.611026385053,97.76202531645569,2821.5129261342613,97.0632911392405
350,2933.424230305367,96.88386075949367,2832.291270187267,95.92689873417721,2787.9575135264377,97.16930379746836,2737.2805902671817,97.12341772151899,2816.611026385053,97.79620253164558,2821.5129261342613,96.97993670886076
351,2933.424230305367,97.1120253164557,2832.291270187267,95.90917721518987,2787.9575135264377,97.07151898734178,2737.2805902671817,97.051582278481,2816.611026385053,97.60569620253165,2821.5129261342613,96.95
352,2933.424230305367,96.73354430379747,2832.291270187267,95.94588607594936,2787.9575135264377,96.88987341772152,2737.2805902671817,96.54018987341772,2816.611026385053,97.4136075949367,2821.5129261342613,96.70462025316456
353,2933.424230305367,96.72753164556963,2832.291270187267,95.70443037974684,2787.9575135264377,96.83037974683545,2737.2805902671817,96.13259493670886,2816.611026385053,97.33829113924051,2821.5129261342613,96.54664556962025
354,2933.424230305367,96.92879746835443,2832.291270187267,95.81139240506329,2787.9575135264377,96.89620253164557,2737.2805902671817,95.74683544303798,2816.611026385053,97.58670886075949,2821.5129261342613,96.59398734177213
355,2933.424230305367,96.95221518987341,2832.291270187267,96.1490506329114,2787.9575135264377,96.54683544303798,2737.2805902671817,95.70284810126583,2816.611026385053,97.45759493670886,2821.5129261342613,96.5617088607595
356,2933.424230305367,96.14240506329114,2832.291270187267,96.1889240506329,2787.9575135264377,96.68069620253165,2737.2805902671817,95.55506329113923,2816.611026385053,97.01930379746835,2821.5129261342613,96.31727848101265
357,2933.424230305367,96.64113924050633,2832.291270187267,96.44113924050633,2787.9575135264377,96.69715189873418,2737.2805902671817,95.44430379746835,2816.611026385053,97.26962025316456,2821.5129261342613,96.49867088607596
358,2933.424230305367,96.67310126582278,2832.291270187267,96.6993670886076,2787.9575135264377,96.51613924050633,2737.2805902671817,94.93417721518988,2816.611026385053,97.12183544303798,2821.5129261342613,96.38892405063292
359,2933.424230305367,96.7113924050633,2832.291270187267,96.77278481012658,2787.9575135264377,96.58575949367089,2737.2805902671817,95.15316455696203,2816.611026385053,97.1756329113924,2821.5129261342613,96.47974683544305
360,2933.424230305367,96.78291139240507,2832.291270187267,96.74651898734177,2787.9575135264377,96.8493670886076,2737.2805902671817,95.323417721519,2816.611026385053,97.43354430379746,2821.5129261342613,96.62715189873418
361,2933.424230305367,96.85316455696203,2832.291270187267,96.79620253164558,2787.9575135264377,96.85981012658227,2737.2805902671817,95.58892405063291,2816.611026385053,97.32594936708861,2821.5129261342613,96.68481012658228
362,2933.424230305367,97.00158227848101,2832.291270187267,96.98417721518987,2787.9575135264377,96.80569620253165,2737.2805902671817,96.04050632911392,2816.611026385053,97.36677215189873,2821.5129261342613,96.83974683544304
363,2933.424230305367,97.10791139240506,2832.291270187267,96.74430379746835,2787.9575135264377,96.95221518987341,2737.2805902671817,96.323417721519,2816.611026385053,97.31645569620254,2821.5129261342613,96.88886075949367
364,2933.424230305367,97.0379746835443,2832.291270187267,96.76677215189873,2787.9575135264377,97.11613924050633,2737.2805902671817,96.0509493670886,2816.611026385053,97.18386075949367,2821.5129261342613,96.83113924050633
365,2933.424230305367,97.34588607594937,2832.291270187267,96.58449367088608,2787.9575135264377,97.17626582278481,2737.2805902671817,96.31550632911393,2816.611026385053,97.14050632911392,2821.5129261342613,96.91253164556962
366,2933.424230305367,97.40854430379747,2832.291270187267,96.86962025316456,2787.9575135264377,96.83164556962025,2737.2805902671817,96.62278481012659,2816.611026385053,96.88987341772152,2821.5129261342613,96.92449367088606
367,2933.424230305367,97.4006329113924,2832.291270187267,96.92974683544304,2787.9575135264377,96.68291139240506,2737.2805902671817,96.61708860759494,2816.611026385053,96.98924050632911,2821.5129261342613,96.9239240506329
368,2933.424230305367,97.34810126582279,2832.291270187267,96.65917721518987,2787.9575135264377,96.98322784810127,2737.2805902671817,96.65664556962025,2816.611026385053,96.82120253164557,2821.5129261342613,96.89367088607595
369,2933.424230305367,97.16962025316455,2832.291270187267,96.59651898734177,2787.9575135264377,96.90664556962025,2737.2805902671817,96.66867088607594,2816.611026385053,97.05537974683544,2821.5129261342613,96.8793670886076
370,2933.424230305367,97.24746835443038,2832.291270187267,96.69493670886077,2787.9575135264377,96.8756329113924,2737.2805902671817,96.67721518987342,2816.611026385053,96.85379746835443,2821.5129261342613,96.86981012658228
371,2933.424230305367,97.45348101265823,2832.291270187267,96.75284810126583,2787.9575135264377,96.85696202531645,2737.2805902671817,96.88924050632912,2816.611026385053,96.78607594936709,2821.5129261342613,96.94772151898734
372,2933.424230305367,97.22278481012658,2832.291270187267,96.91424050632911,2787.9575135264377,96.68955696202532,2737.2805902671817,96.69335443037974,2816.611026385053,97.15696202531646,2821.5129261342613,96.93537974683545
373,2933.424230305367,97.05443037974683,2832.291270187267,96.91075949367088,2787.9575135264377,96.79841772151899,2737.2805902671817,97.20474683544303,2816.611026385053,97.09177215189874,2821.5129261342613,97.01202531645569
374,2933.424230305367,96.84303797468354,2832.291270187267,97.03386075949368,2787.9575135264377,96.80221518987342,2737.2805902671817,97.30474683544304,2816.611026385053,96.87531645569621,2821.5129261342613,96.97183544303797
375,2933.424230305367,97.15917721518987,2832.291270187267,97.2012658227848,2787.9575135264377,96.68037974683544,2737.2805902671817,97.47056962025316,2816.611026385053,97.1996835443038,2821.5129261342613,97.14221518987343
376,2933.424230305367,97.12120253164557,2832.291270187267,97.12689873417722,2787.9575135264377,96.04778481012659,2737.2805902671817,97.33037974683545,2816.611026385053,97.31550632911393,2821.5129261342613,96.98835443037976
377,2933.424230305367,96.96645569620253,2832.291270187267,97.02689873417721,2771.0736262471437,95.88037974683544,2737.2805902671817,97.27025316455696,2816.611026385053,97.425,2818.136148678402,96.91379746835443
378,2933.424230305367,96.70917721518987,2832.291270187267,97.28006329113924,2771.0736262471437,95.19810126582279,2737.2805902671817,97.32088607594936,2816.611026385053,97.2246835443038,2818.136148678402,96.74658227848101
379,2933.424230305367,96.64113924050633,2832.291270187267,97.29145569620253,2771.0736262471437,94.55854430379746,2737.2805902671817,96.79683544303798,2816.611026385053,97.32943037974684,2818.136148678402,96.52348101265824
380,2933.424230305367,96.52373417721519,2832.291270187267,97.4493670886076,2771.0736262471437,93.9759493670886,2737.2805902671817,96.7617088607595,2816.611026385053,97.45949367088608,2818.136148678402,96.43405063291138
381,2933.424230305367,96.49240506329114,2832.291270187267,97.49683544303798,2771.0736262471437,94.82215189873418,2737.2805902671817,96.93481012658228,2816.611026385053,97.43481012658228,2818.136148678402,96.63620253164558
382,2933.424230305367,96.4493670886076,2832.291270187267,97.3253164556962,2771.0736262471437,94.6860759493671,2737.2805902671817,96.6876582278481,2816.611026385053,97.61740506329114,2818.136148678402,96.55316455696202
383,2933.424230305367,96.42215189873417,2832.291270187267,96.81708860759494,2771.0736262471437,94.99525316455696,2737.2805902671817,96.48860759493671,2816.611026385053,97.4506329113924,2818.136148678402,96.43474683544304
384,2933.424230305367,96.4256329113924,2832.291270187267,96.92626582278481,2771.0736262471437,95.57120253164557,2737.2805902671817,96.41708860759493,2816.611026385053,97.44556962025317,2818.136148678402,96.55715189873418
385,2933.424230305367,96.58006329113924,2832.291270187267,97.35632911392405,2771.0736262471437,96.08829113924051,2737.2805902671817,96.37879746835443,2816.611026385053,97.5626582278481,2818.136148678402,96.79322784810127
386,2933.424230305367,96.61012658227848,2832.291270187267,97.37088607594937,2771.0736262471437,96.18575949367089,2737.2805902671817,96.59272151898735,2816.611026385053,97.55854430379746,2818.136148678402,96.86360759493671
387,2933.424230305367,96.36455696202532,2832.291270187267,97.35348101265822,2771.0736262471437,96.41962025316455,2737.2805902671817,96.41487341772152,2816.611026385053,97.49430379746835,2818.136148678402,96.80936708860759
388,2933.424230305367,96.53924050632911,2832.291270187267,97.37879746835443,2771.0736262471437,96.33132911392406,2737.2805902671817,96.6373417721519,2816.611026385053,97.43512658227849,2818.136148678402,96.86436708860761
389,2933.424230305367,96.60569620253165,2832.291270187267,97.55727848101266,2771.0736262471437,96.48101265822785,2737.2805902671817,96.5379746835443,2816.611026385053,97.55221518987342,2818.136148678402,96.94683544303797
390,2933.424230305367,96.57943037974684,2832.291270187267,97.30664556962026,2771.0736262471437,96.55316455696203,2737.2805902671817,96.74746835443038,2816.611026385053,97.63164556962025,2818.136148678402,96.96367088607596
391,2917.7742470164967,96.22183544303797,2832.291270187267,97.4626582278481,2771.0736262471437,96.6626582278481,2737.2805902671817,96.72626582278481,2816.611026385053,97.74651898734177,2815.006152020628,96.96398734177214
392,2917.7742470164967,96.70189873417722,2832.291270187267,97.54430379746836,2771.0736262471437,96.69082278481012,2737.2805902671817,96.98797468354431,2816.611026385053,97.43164556962026,2815.006152020628,97.07132911392405
393,2917.7742470164967,96.82753164556962,2832.291270187267,97.41392405063291,2771.0736262471437,96.7006329113924,2737.2805902671817,96.83101265822785,2816.611026385053,97.47120253164557,2815.006152020628,97.04886075949368
394,2917.7742470164967,97.14303797468355,2832.291270187267,97.19303797468355,2771.0736262471437,96.87531645569621,2737.2805902671817,96.68101265822784,2816.611026385053,97.46930379746836,2815.006152020628,97.07234177215189
395,2917.7742470164967,97.09018987341773,2832.291270187267,97.53322784810126,2771.0736262471437,96.69240506329113,2737.2805902671817,96.58006329113924,2816.611026385053,97.35569620253165,2815.006152020628,97.0503164556962
396,2917.7742470164967,97.1737341772152,2832.291270187267,97.36360759493671,2771.0736262471437,96.31487341772151,2737.2805902671817,96.44556962025317,2816.611026385053,97.70601265822785,2815.006152020628,97.00075949367088
397,2917.7742470164967,97.13829113924051,2832.291270187267,97.17215189873417,2771.0736262471437,96.20284810126583,2737.2805902671817,96.63607594936708,2816.611026385053,97.54778481012659,2815.006152020628,96.93943037974682
398,2917.7742470164967,97.1746835443038,2832.291270187267,97.25537974683544,2771.0736262471437,96.34651898734177,2737.2805902671817,96.73227848101266,2816.611026385053,97.73797468354431,2815.006152020628,97.0493670886076
399,2917.7742470164967,97.28607594936709,2832.291270187267,97.22753164556963,2771.0736262471437,96.3493670886076,2737.2805902671817,96.60949367088608,2816.611026385053,97.53607594936709,2815.006152020628,97.0017088607595
400,2917.7742470164967,97.10316455696203,2832.291270187267,97.2253164556962,2771.0736262471437,96.10727848101266,2737.2805902671817,96.56424050632911,2816.611026385053,97.15094936708861,2815.006152020628,96.83018987341772
401,2917.7742470164967,96.95506329113924,2832.291270187267,97.38449367088607,2771.0736262471437,96.05822784810127,2737.2805902671817,96.50316455696202,2816.611026385053,97.39430379746835,2815.006152020628,96.85905063291139
402,2917.7742470164967,96.87373417721518,2832.291270187267,97.61518987341772,2771.0736262471437,96.06613924050633,2737.2805902671817,96.55727848101266,2816.611026385053,97.26803797468355,2815.006152020628,96.87607594936708
403,2917.7742470164967,96.79240506329114,2832.291270187267,97.68639240506329,2771.0736262471437,95.89430379746835,2737.2805902671817,96.53512658227848,2816.611026385053,96.99588607594937,2815.006152020628,96.78082278481014
404,2917.7742470164967,96.80537974683544,2832.291270187267,97.78227848101265,2771.0736262471437,96.19620253164557,2737.2805902671817,96.44113924050633,2816.611026385053,97.15727848101265,2815.006152020628,96.87645569620254
405,2917.7742470164967,97.10221518987342,2832.291270187267,97.70601265822785,2771.0736262471437,96.35696202531645,2737.2805902671817,96.2629746835443,2816.611026385053,97.0376582278481,2815.006152020628,96.89316455696203
406,2917.7742470164967,97.2863924050633,2832.291270187267,97.77373417721519,2771.0736262471437,96.49525316455696,2737.2805902671817,96.69018987341772,2816.611026385053,97.2987341772152,2815.006152020628,97.10886075949367
407,2917.7742470164967,97.16582278481013,2832.291270187267,97.7626582278481,2771.0736262471437,96.64082278481013,2737.2805902671817,96.91075949367088,2816.611026385053,97.31518987341772,2815.006152020628,97.15905063291139
408,2917.7742470164967,97.11645569620254,2832.291270187267,97.78227848101265,2771.0736262471437,96.85854430379747,2737.2805902671817,96.775,2816.611026385053,97.22689873417721,2815.006152020628,97.15183544303798
409,2917.7742470164967,97.25727848101266,2832.291270187267,97.44082278481012,2771.0736262471437,97.19556962025317,2737.2805902671817,97.0610759493671,2816.611026385053,97.3009493670886,2815.006152020628,97.25113924050632
410,2917.7742470164967,97.275,2832.291270187267,97.40569620253164,2771.0736262471437,97.10284810126582,2737.2805902671817,96.98164556962026,2816.611026385053,97.32246835443038,2815.006152020628,97.21753164556961
411,2917.745723883346,97.02215189873418,2832.291270187267,97.41170886075949,2771.0736262471437,97.16582278481013,2737.2805902671817,97.18860759493671,2816.611026385053,97.1879746835443,2815.000447393998,97.19525316455697
412,2917.745723883346,96.90316455696203,2832.291270187267,97.6123417721519,2771.0736262471437,97.20601265822785,2737.2805902671817,97.04683544303798,2816.611026385053,97.16044303797469,2815.000447393998,97.18575949367089
413,2917.745723883346,97.02341772151898,2832.291270187267,97.52246835443037,2771.0736262471437,97.05949367088607,2737.2805902671817,97.0620253164557,2816.611026385053,96.9382911392405,2815.000447393998,97.12113924050632
414,2917.745723883346,96.90886075949368,2832.291270187267,97.4113924050633,2771.0736262471437,97.23006329113925,2737.2805902671817,97.04683544303798,2816.611026385053,96.53892405063291,2815.000447393998,97.02721518987342
415,2917.745723883346,96.83670886075949,2832.291270187267,97.29525316455697,2771.0736262471437,96.8509493670886,2737.2805902671817,96.97151898734177,2816.611026385053,96.73006329113925,2815.000447393998,96.93689873417722
416,2917.745723883346,96.9613924050633,2832.291270187267,97.48449367088608,2771.0736262471437,97.04683544303798,2737.2805902671817,96.93860759493671,2816.611026385053,96.59303797468354,2815.000447393998,97.00487341772153
417,2917.745723883346,97.02594936708861,2832.291270187267,97.24620253164557,2771.0736262471437,97.1860759493671,2737.2805902671817,96.99240506329114,2816.611026385053,96.59050632911392,2815.000447393998,97.00822784810126
418,2917.745723883346,96.975,2832.291270187267,96.975,2771.0736262471437,97.19367088607595,2737.2805902671817,96.86867088607595,2816.611026385053,96.70886075949367,2815.000447393998,96.94424050632912
419,2917.745723883346,96.79841772151899,2832.291270187267,97.0503164556962,2771.0736262471437,97.51930379746835,2737.2805902671817,97.07025316455696,2816.611026385053,96.47088607594937,2815.000447393998,96.98183544303797
420,2917.745723883346,96.94493670886077,2832.291270187267,97.10696202531645,2771.0736262471437,97.28575949367088,2737.2805902671817,97.13322784810127,2816.611026385053,96.50949367088607,2815.000447393998,96.99607594936708
421,2917.745723883346,96.94746835443038,2832.291270187267,97.15158227848102,2771.0736262471437,97.07594936708861,2737.2805902671817,97.09841772151898,2816.611026385053,96.60126582278481,2815.000447393998,96.97493670886075
422,2917.745723883346,97.0509493670886,2832.291270187267,97.45316455696202,2771.0736262471437,97.20094936708861,2737.2805902671817,96.97405063291139,2816.611026385053,96.78512658227848,2815.000447393998,97.09284810126583
423,2917.745723883346,96.76518987341773,2832.291270187267,97.4512658227848,2771.0736262471437,97.23797468354431,2737.2805902671817,97.01487341772152,2816.611026385053,96.9006329113924,2815.000447393998,97.07398734177215
424,2917.745723883346,96.63924050632912,2832.291270187267,97.33575949367089,2771.0736262471437,97.47151898734177,2737.2805902671817,97.0126582278481,2816.611026385053,96.72183544303797,2815.000447393998,97.03620253164559
425,2917.745723883346,96.64367088607595,2832.291270187267,97.32721518987341,2771.0736262471437,97.57278481012658,2737.2805902671817,96.88101265822785,2816.611026385053,96.775,2815.000447393998,97.03993670886075
426,2917.745723883346,96.80601265822784,2832.291270187267,97.12120253164557,2771.0736262471437,97.46740506329114,2737.2805902671817,96.90443037974684,2768.9724539912386,97.14746835443037,2805.472732915235,97.08930379746835
427,2917.745723883346,96.89462025316456,2832.291270187267,97.4743670886076,2771.0736262471437,97.55759493670887,2737.2805902671817,96.88544303797468,2768.9724539912386,96.75443037974684,2805.472732915235,97.1132911392405
428,2917.745723883346,96.80474683544304,2832.291270187267,97.5873417721519,2771.0736262471437,97.31044303797468,2737.2805902671817,96.95569620253164,2768.9724539912386,96.71329113924051,2805.472732915235,97.07430379746833
429,2917.745723883346,96.90759493670886,2832.291270187267,97.37626582278482,2771.0736262471437,97.47120253164557,2737.2805902671817,96.94651898734178,2768.9724539912386,96.88924050632912,2805.472732915235,97.11816455696203
430,2917.745723883346,97.04240506329114,2832.291270187267,97.24620253164557,2771.0736262471437,97.2870253164557,2737.2805902671817,96.90917721518987,2768.9724539912386,97.12784810126583,2805.472732915235,97.12253164556962
431,2917.745723883346,96.78354430379747,2832.291270187267,97.24683544303798,2771.0736262471437,97.52436708860759,2737.2805902671817,97.02784810126582,2768.9724539912386,97.02151898734178,2805.472732915235,97.12082278481013
432,2917.745723883346,96.80379746835443,2832.291270187267,97.30822784810127,2771.0736262471437,97.42310126582278,2737.2805902671817,96.9490506329114,2768.9724539912386,96.94746835443038,2805.472732915235,97.08632911392405
433,2917.745723883346,96.69810126582279,2832.291270187267,97.43259493670887,2771.0736262471437,97.39430379746835,2737.2805902671817,97.10411392405064,2768.9724539912386,96.6620253164557,2805.472732915235,97.05822784810127
434,2917.745723883346,96.83544303797468,2832.291270187267,97.3126582278481,2771.0736262471437,97.29651898734177,2737.2805902671817,97.24588607594937,2768.9724539912386,96.47879746835443,2805.472732915235,97.03386075949368
435,2917.745723883346,97.01550632911392,2832.291270187267,96.91993670886076,2771.0736262471437,97.36550632911393,2737.2805902671817,97.36613924050633,2768.9724539912386,96.57879746835442,2805.472732915235,97.04917721518987
436,2917.745723883346,97.14145569620253,2832.291270187267,96.9512658227848,2771.0736262471437,97.50854430379746,2737.2805902671817,97.50348101265823,2768.9724539912386,96.6743670886076,2805.472732915235,97.15582278481013
437,2917.745723883346,96.94177215189873,2832.291270187267,97.09905063291139,2771.0736262471437,97.275,2737.2805902671817,97.56518987341772,2768.9724539912386,96.68386075949367,2805.472732915235,97.11297468354431
438,2917.745723883346,96.83164556962025,2832.291270187267,97.09873417721519,2771.0736262471437,97.33829113924051,2737.2805902671817,97.71329113924051,2768.9724539912386,96.698417721519,2805.472732915235,97.13607594936708
439,2917.745723883346,97.16993670886076,2832.291270187267,96.88417721518988,2771.0736262471437,97.0256329113924,2737.2805902671817,97.77436708860759,2768.9724539912386,96.8876582278481,2805.472732915235,97.14835443037973
440,2917.745723883346,97.22056962025316,2832.291270187267,97.02848101265823,2771.0736262471437,97.04082278481013,2737.2805902671817,97.65443037974684,2768.9724539912386,96.7740506329114,2805.472732915235,97.14367088607595
441,2917.745723883346,97.051582278481,2832.291270187267,96.79715189873417,2771.0736262471437,97.35063291139241,2737.2805902671817,97.65601265822785,2768.9724539912386,96.8879746835443,2805.472732915235,97.14867088607595
442,2917.745723883346,97.09588607594937,2832.291270187267,96.68354430379746,2771.0736262471437,97.34525316455696,2737.2805902671817,97.77721518987342,2768.9724539912386,96.80253164556962,2805.472732915235,97.14088607594937
443,2917.745723883346,97.27246835443037,2832.291270187267,96.5376582278481,2771.0736262471437,97.51740506329114,2737.2805902671817,97.56772151898734,2768.9724539912386,96.55981012658228,2805.472732915235,97.09101265822785
444,2917.745723883346,97.52848101265823,2832.291270187267,96.61392405063292,2771.0736262471437,97.31772151898734,2737.2805902671817,97.66012658227848,2768.9724539912386,96.49968354430379,2805.472732915235,97.12398734177216
445,2917.745723883346,97.36044303797469,2832.291270187267,97.10791139240506,2771.0736262471437,97.3003164556962,2737.2805902671817,97.59367088607596,2768.9724539912386,95.78829113924051,2805.472732915235,97.03012658227848
446,2917.745723883346,97.35696202531645,2832.291270187267,97.09556962025316,2771.0736262471437,97.48386075949367,2737.2805902671817,97.7617088607595,2768.9724539912386,96.05316455696203,2805.472732915235,97.15025316455696
447,2917.745723883346,97.3253164556962,2832.291270187267,96.85759493670886,2771.0736262471437,97.11487341772153,2737.2805902671817,97.95284810126583,2768.9724539912386,95.92246835443038,2805.472732915235,97.03462025316455
448,2917.745723883346,97.0743670886076,2832.291270187267,96.89525316455696,2771.0736262471437,97.06993670886077,2737.2805902671817,97.79018987341772,2768.9724539912386,95.83512658227848,2805.472732915235,96.9329746835443
449,2917.745723883346,97.38702531645569,2832.291270187267,96.62594936708861,2771.0736262471437,96.96455696202531,2737.2805902671817,97.87120253164557,2768.9724539912386,95.86803797468355,2805.472732915235,96.94335443037974
450,2917.745723883346,97.35284810126582,2832.291270187267,96.27689873417721,2771.0736262471437,96.94335443037974,2737.2805902671817,97.7617088607595,2768.9724539912386,95.55949367088607,2805.472732915235,96.77886075949365
451,2878.363396992701,97.18639240506329,2832.291270187267,96.53607594936709,2771.0736262471437,96.96772151898735,2737.2805902671817,97.88829113924051,2768.9724539912386,95.36297468354431,2797.596267537106,96.7882911392405
452,2878.363396992701,97.09462025316456,2832.291270187267,96.61772151898734,2771.0736262471437,97.34588607594937,2737.2805902671817,97.90601265822785,2768.9724539912386,95.76107594936708,2797.596267537106,96.94506329113923
453,2813.937607717486,97.11867088607595,2832.291270187267,96.7993670886076,2771.0736262471437,97.44683544303797,2737.2805902671817,98.04905063291139,2768.9724539912386,95.63544303797468,2784.7111096820636,97.00987341772152
454,2813.937607717486,97.02025316455696,2832.291270187267,96.95917721518987,2771.0736262471437,97.52151898734178,2737.2805902671817,97.94810126582279,2768.9724539912386,95.8620253164557,2784.7111096820636,97.06221518987341
455,2813.937607717486,97.13101265822785,2832.291270187267,96.57183544303797,2771.0736262471437,97.40632911392404,2737.2805902671817,97.86012658227848,2768.9724539912386,96.0623417721519,2784.7111096820636,97.00632911392407
456,2813.937607717486,97.22246835443038,2832.291270187267,96.46772151898735,2771.0736262471437,97.19240506329113,2737.2805902671817,97.88006329113924,2768.9724539912386,96.17056962025316,2784.7111096820636,96.98664556962025
457,2813.937607717486,97.42879746835443,2832.291270187267,96.49968354430379,2771.0736262471437,97.35981012658227,2737.2805902671817,97.71803797468354,2768.9724539912386,95.66170886075949,2784.7111096820636,96.93360759493672
458,2813.937607717486,97.35063291139241,2832.291270187267,96.42879746835443,2771.0736262471437,97.54145569620253,2737.2805902671817,97.93924050632911,2768.9724539912386,95.64778481012658,2784.7111096820636,96.981582278481
459,2813.937607717486,97.46170886075949,2832.291270187267,96.34272151898735,2771.0736262471437,97.49651898734177,2737.2805902671817,97.90253164556962,2768.9724539912386,95.89873417721519,2784.7111096820636,97.02044303797469
460,2813.937607717486,97.47943037974683,2832.291270187267,96.23639240506328,2771.0736262471437,97.53196202531646,2737.2805902671817,97.84810126582279,2768.9724539912386,95.99018987341772,2784.7111096820636,97.01721518987341
461,2813.937607717486,97.425,2832.291270187267,95.94715189873418,2771.0736262471437,97.70696202531646,2737.2805902671817,97.77373417721519,2768.9724539912386,96.19651898734178,2784.7111096820636,97.00987341772152
462,2813.937607717486,97.40126582278481,2832.291270187267,96.03069620253164,2771.0736262471437,97.6003164556962,2737.2805902671817,97.61835443037975,2768.9724539912386,96.0629746835443,2784.7111096820636,96.94272151898736
463,2813.937607717486,97.426582278481,2832.291270187267,96.19430379746835,2771.0736262471437,97.71329113924051,2737.2805902671817,97.25379746835443,2768.9724539912386,96.02183544303797,2784.7111096820636,96.92196202531645
464,2813.937607717486,97.3620253164557,2832.291270187267,96.70348101265823,2771.0736262471437,97.64493670886075,2737.2805902671817,97.58164556962025,2768.9724539912386,96.4376582278481,2784.7111096820636,97.1459493670886
465,2813.937607717486,97.45696202531646,2832.291270187267,96.68227848101266,2771.0736262471437,97.67816455696203,2737.2805902671817,97.70253164556962,2768.9724539912386,96.28259493670886,2784.7111096820636,97.16050632911393
466,2813.937607717486,97.6746835443038,2832.291270187267,96.8117088607595,2771.0736262471437,97.52120253164557,2737.2805902671817,97.66075949367088,2768.9724539912386,96.50822784810127,2784.7111096820636,97.2353164556962
467,2813.937607717486,97.49525316455696,2832.291270187267,96.61677215189873,2771.0736262471437,97.52594936708861,2737.2805902671817,97.5256329113924,2768.9724539912386,96.27689873417721,2784.7111096820636,97.08810126582279
468,2813.937607717486,97.58164556962025,2832.291270187267,96.3632911392405,2771.0736262471437,97.40886075949368,2737.2805902671817,97.56360759493671,2768.9724539912386,96.18291139240506,2784.7111096820636,97.02006329113922
469,2813.937607717486,97.52784810126582,2832.291270187267,96.36139240506328,2771.0736262471437,97.53955696202532,2737.2805902671817,97.62753164556962,2768.9724539912386,96.16803797468354,2784.7111096820636,97.0448734177215
470,2813.937607717486,97.40632911392404,2832.291270187267,96.60411392405064,2771.0736262471437,97.45601265822785,2737.2805902671817,97.57658227848101,2768.9724539912386,96.06518987341772,2784.7111096820636,97.02164556962025
471,2813.937607717486,97.50348101265823,2832.291270187267,96.46012658227848,2771.0736262471437,97.53322784810126,2737.2805902671817,97.4496835443038,2768.9724539912386,96.28132911392404,2784.7111096820636,97.04556962025318
472,2813.937607717486,97.5623417721519,2832.291270187267,96.44240506329113,2771.0736262471437,97.61550632911393,2737.2805902671817,97.62088607594937,2768.9724539912386,96.31424050632911,2784.7111096820636,97.11107594936709
473,2813.937607717486,97.6120253164557,2832.291270187267,96.39462025316456,2771.0736262471437,97.60949367088608,2737.2805902671817,97.61993670886076,2768.9724539912386,96.51044303797468,2784.7111096820636,97.14930379746836
474,2813.937607717486,97.48544303797469,2832.291270187267,96.4506329113924,2771.0736262471437,97.49208860759494,2737.2805902671817,97.63987341772152,2768.9724539912386,96.38291139240506,2784.7111096820636,97.09018987341771
475,2813.937607717486,97.4243670886076,2832.291270187267,96.61582278481012,2771.0736262471437,97.34335443037975,2737.2805902671817,97.573417721519,2768.9724539912386,96.44177215189873,2784.7111096820636,97.07974683544303
476,2813.937607717486,97.55664556962026,2832.291270187267,96.71329113924051,2771.0736262471437,97.32816455696202,2737.2805902671817,97.63924050632912,2768.9724539912386,96.48544303797469,2784.7111096820636,97.14455696202532
477,2813.937607717486,97.19462025316456,2832.291270187267,96.87974683544304,2771.0736262471437,97.29208860759493,2737.2805902671817,97.47310126582279,2768.9724539912386,96.3,2784.7111096820636,97.02791139240506
478,2813.937607717486,97.03164556962025,2832.291270187267,96.81645569620254,2771.0736262471437,97.01329113924051,2737.2805902671817,97.59620253164557,2768.9724539912386,96.07151898734178,2784.7111096820636,96.90582278481013
479,2813.937607717486,97.47246835443038,2832.291270187267,96.82658227848101,2771.0736262471437,97.04651898734177,2737.2805902671817,97.51740506329114,2768.9724539912386,96.22816455696203,2784.7111096820636,97.01822784810126
480,2813.937607717486,97.53449367088608,2832.291270187267,97.0610759493671,2771.0736262471437,97.22721518987342,2737.2805902671817,97.48955696202532,2768.9724539912386,96.11424050632911,2784.7111096820636,97.08531645569619
481,2813.937607717486,97.74462025316456,2832.291270187267,96.85284810126582,2771.0736262471437,97.1873417721519,2737.2805902671817,97.18417721518988,2768.9724539912386,96.34810126582279,2784.7111096820636,97.06341772151899
482,2813.937607717486,97.47784810126582,2832.291270187267,97.10949367088608,2771.0736262471437,97.12120253164557,2737.2805902671817,97.06708860759494,2768.9724539912386,96.40094936708861,2784.7111096820636,97.0353164556962
483,2813.937607717486,97.22943037974683,2832.291270187267,96.88829113924051,2771.0736262471437,97.0629746835443,2737.2805902671817,97.09905063291139,2768.9724539912386,96.04746835443038,2784.7111096820636,96.86544303797469
484,2813.937607717486,97.72974683544304,2832.291270187267,96.81930379746835,2771.0736262471437,97.24683544303798,2737.2805902671817,96.97721518987342,2768.9724539912386,96.28829113924051,2784.7111096820636,97.01227848101266
485,2813.937607717486,97.77151898734178,2832.291270187267,96.94050632911393,2771.0736262471437,97.34272151898735,2737.2805902671817,97.11518987341772,2768.9724539912386,96.27626582278481,2784.7111096820636,97.0892405063291
486,2813.937607717486,97.69810126582279,2832.291270187267,97.13069620253165,2771.0736262471437,96.90506329113924,2737.2805902671817,97.18037974683544,2768.9724539912386,96.23259493670886,2784.7111096820636,97.02936708860759
487,2813.937607717486,97.72088607594937,2832.291270187267,97.21898734177215,2771.0736262471437,96.84430379746836,2737.2805902671817,97.02943037974684,2768.9724539912386,95.82594936708861,2784.7111096820636,96.92791139240505
488,2813.937607717486,97.43291139240506,2832.291270187267,97.36550632911393,2771.0736262471437,96.74651898734177,2737.2805902671817,96.85,2768.9724539912386,95.83164556962025,2784.7111096820636,96.8453164556962
489,2813.937607717486,97.47848101265822,2832.291270187267,97.64462025316456,2771.0736262471437,97.07056962025317,2737.2805902671817,96.80506329113923,2768.9724539912386,95.5996835443038,2784.7111096820636,96.9196835443038
490,2813.937607717486,97.43860759493671,2832.291270187267,97.63291139240506,2771.0736262471437,97.13892405063291,2737.2805902671817,96.89620253164557,2768.9724539912386,95.75411392405063,2784.7111096820636,96.97215189873417
491,2813.937607717486,97.28544303797469,2832.291270187267,97.5379746835443,2771.0736262471437,97.20949367088608,2737.2805902671817,96.45949367088608,2768.9724539912386,95.72848101265822,2784.7111096820636,96.84417721518987
492,2813.937607717486,97.13291139240506,2832.291270187267,97.49367088607595,2771.0736262471437,97.10411392405064,2737.2805902671817,96.83924050632912,2768.9724539912386,95.96677215189874,2784.7111096820636,96.90734177215191
493,2813.937607717486,97.4636075949367,2832.291270187267,97.28196202531646,2771.0736262471437,96.92848101265822,2737.2805902671817,97.08575949367089,2768.9724539912386,95.94525316455696,2784.7111096820636,96.94101265822783
494,2813.937607717486,97.6876582278481,2832.291270187267,97.0743670886076,2771.0736262471437,97.27753164556962,2737.2805902671817,97.04050632911392,2768.9724539912386,95.92911392405064,2784.7111096820636,97.00183544303798
495,2813.937607717486,97.73259493670886,2832.291270187267,97.04715189873417,2771.0736262471437,96.9636075949367,2737.2805902671817,96.96835443037975,2768.9724539912386,96.1120253164557,2784.7111096820636,96.96474683544304
496,2813.937607717486,97.3996835443038,2832.291270187267,96.59493670886076,2771.0736262471437,97.00506329113924,2737.2805902671817,97.41962025316455,2768.9724539912386,96.16645569620253,2784.7111096820636,96.91715189873419
497,2813.937607717486,97.37151898734177,2832.291270187267,96.4243670886076,2771.0736262471437,97.13227848101266,2737.2805902671817,97.45443037974684,2768.9724539912386,96.3132911392405,2784.7111096820636,96.93917721518987
498,2813.937607717486,97.48481012658227,2832.291270187267,96.81962025316456,2771.0736262471437,97.08892405063291,2737.2805902671817,97.42879746835443,2768.9724539912386,96.14841772151898,2784.7111096820636,96.99411392405064
499,2813.937607717486,97.24525316455696,2832.291270187267,97.23481012658227,2771.0736262471437,97.1506329113924,2737.2805902671817,97.32088607594936,2768.9724539912386,96.05886075949367,2784.7111096820636,97.00208860759493
500,2813.937607717486,97.44018987341772,2832.291270187267,97.08386075949367,2771.0736262471437,97.04588607594937,2737.2805902671817,97.43924050632911,2768.9724539912386,96.39272151898734,2784.7111096820636,97.08037974683543
