generation,fitness_run_1,diversity_run_1,fitness_run_2,diversity_run_2,fitness_run_3,diversity_run_3,fitness_run_4,diversity_run_4,fitness_run_5,diversity_run_5,fitness_average,diversity_average
1,3738.634033953439,3.3816415190390883,3679.8533556413904,3.4309811664160668,3742.9520085748136,3.4123252838945093,3695.610910784878,3.5004889462805613,3727.216733442867,3.3935153786157093,3716.8534084794774,3.4237904588491874
2,3648.113913201083,2.892382191419344,3679.8533556413904,2.956545630113394,3600.267340957007,2.79936242987494,3685.929024356005,2.990387852479138,3727.216733442867,2.935436307971305,3668.2760735196703,2.9148228823716242
3,3648.113913201083,2.5768007829877515,3679.8533556413904,2.5600579730311086,3600.267340957007,2.4625149187597835,3685.929024356005,2.5670235920423314,3665.1673418514956,2.5146648126369717,3655.8661952013963,2.5362124158915895
4,3648.113913201083,2.349534596870252,3679.8533556413904,2.2569495163653857,3600.267340957007,2.1509945509204114,3685.929024356005,2.2288787941184736,3665.1673418514956,2.254425863213296,3655.8661952013963,2.2481566642975634
5,3648.113913201083,2.1480350115414537,3679.8533556413904,2.0352389800085944,3600.267340957007,2.0050485724918863,3659.2289718099732,1.9538143161758856,3665.1673418514956,2.0435260740173855,3650.5261846921903,2.0371325908470412
6,3648.113913201083,1.921603721987786,3679.8533556413904,1.7765792298000282,3527.8837014997794,1.7815719050550474,3659.2289718099732,1.8031507947715368,3665.1673418514956,1.8508560059744068,3636.0494568007443,1.826752331517761
7,3648.113913201083,1.7559592808329476,3679.8533556413904,1.658232268067738,3527.8837014997794,1.6765021742327189,3659.2289718099732,1.6981749105196242,3665.1673418514956,1.6897650457114273,3636.0494568007443,1.6957267358728914
8,3569.4795544551816,1.6236271921322112,3679.8533556413904,1.5626309598893786,3527.8837014997794,1.578949853041448,3659.2289718099732,1.6353646816241614,3665.1673418514956,1.5777149818602954,3620.322585051564,1.595657533709499
9,3569.4795544551816,1.5309240083866906,3679.8533556413904,1.5169098846592923,3527.8837014997794,1.5199291432355424,3659.2289718099732,1.5492597010682534,3590.8515052552248,1.5659646539696246,3605.45941773231,1.5365974782638805
10,3569.4795544551816,1.4673234582676482,3679.8533556413904,1.4476344054735297,3527.8837014997794,1.474029275178456,3508.0311457204098,1.543360311374586,3590.8515052552248,1.5116515744061927,3575.2198525143976,1.4887998049400823
11,3569.4795544551816,1.4553389983963976,3679.8533556413904,1.4561745183245027,3527.8837014997794,1.4187426743273663,3508.0311457204098,1.4929187238150714,3590.8515052552248,1.4896723913371828,3575.2198525143976,1.4625694612401041
12,3569.4795544551816,1.4171946618845483,3639.051343569497,1.4153926744328493,3527.8837014997794,1.389889008412542,3508.0311457204098,1.4388516631609942,3590.8515052552248,1.4637222777440064,3567.0594501000187,1.425010057126988
13,3569.4795544551816,1.3945737903930266,3639.051343569497,1.3836181877458462,3527.8837014997794,1.414149519611887,3508.0311457204098,1.397332301021662,3590.8515052552248,1.4461520149031366,3567.0594501000187,1.4071651627351116
14,3569.4795544551816,1.3844362717928664,3639.051343569497,1.4099590298924052,3527.8837014997794,1.4259953738164906,3508.0311457204098,1.4107693253075526,3590.8515052552248,1.3748848121890467,3567.0594501000187,1.4012089625996722
15,3569.4795544551816,1.3836663116219678,3639.051343569497,1.3684827032225655,3527.8837014997794,1.3709234895272382,3508.0311457204098,1.4273577252044451,3590.8515052552248,1.3579750915883833,3567.0594501000187,1.3816810642329198
16,3569.4795544551816,1.419047384734685,3597.7786832397883,1.3751529942120018,3527.8837014997794,1.3559986236917603,3508.0311457204098,1.4178307401573955,3590.8515052552248,1.3646930549329939,3558.8049180340763,1.3865445595457673
17,3569.4795544551816,1.396181554095176,3597.7786832397883,1.3716879399611799,3527.8837014997794,1.3376139701541387,3508.0311457204098,1.4204700362477665,3590.8515052552248,1.3519181951981059,3558.8049180340763,1.3755743391312734
18,3569.4795544551816,1.3651782117415825,3576.4173199853954,1.3392802722942625,3527.8837014997794,1.3299949690556938,3508.0311457204098,1.428952413066361,3590.8515052552248,1.3571552427869629,3554.5326453831976,1.3641122217889723
19,3569.4795544551816,1.3879471394655334,3576.4173199853954,1.3212644634854223,3527.8837014997794,1.3675579329412078,3508.0311457204098,1.3914148933573944,3590.8515052552248,1.3461246766035546,3554.5326453831976,1.3628618211706225
20,3569.4795544551816,1.379734606799303,3576.4173199853954,1.3526161318375,3527.8837014997794,1.3900380235414165,3508.0311457204098,1.407158005907737,3590.8515052552248,1.3402521352051628,3554.5326453831976,1.373959780658224
21,3569.4795544551816,1.3477340627080032,3576.4173199853954,1.3636204048764609,3527.8837014997794,1.4211768014800692,3508.0311457204098,1.4117864396789794,3590.8515052552248,1.3633927752642923,3554.5326453831976,1.381542096801561
22,3569.4795544551816,1.3683781387459188,3576.4173199853954,1.374175628869535,3527.8837014997794,1.3878088458888982,3508.0311457204098,1.3965341840639576,3590.8515052552248,1.35139673159203,3554.5326453831976,1.375658705832068
23,3569.4795544551816,1.415816352493053,3576.4173199853954,1.3694089406581238,3527.8837014997794,1.3956665330927578,3508.0311457204098,1.3672806916575557,3590.8515052552248,1.3820454742075456,3554.5326453831976,1.3860435984218071
24,3569.4795544551816,1.3968296138462868,3576.4173199853954,1.3561770028882951,3527.8837014997794,1.3891590805181298,3508.0311457204098,1.3601534889009965,3590.8515052552248,1.3895004160378814,3554.5326453831976,1.3783639204383178
25,3569.4795544551816,1.4327620933722778,3576.4173199853954,1.348134594709199,3527.8837014997794,1.4007625437829097,3508.0311457204098,1.368429844715583,3590.8515052552248,1.3301117448463502,3554.5326453831976,1.3760401642852638
26,3569.4795544551816,1.4010859115859193,3552.687656715555,1.3615888831283995,3527.8837014997794,1.4016859469492595,3508.0311457204098,1.3861986233828092,3590.8515052552248,1.366699570244315,3549.78671272923,1.3834517870581404
27,3569.4795544551816,1.3722341045136732,3552.687656715555,1.381507672986196,3527.8837014997794,1.3734414034806048,3508.0311457204098,1.3664140010635313,3590.8515052552248,1.3098016679058821,3549.78671272923,1.3606797699899773
28,3569.4795544551816,1.3739350636868064,3552.687656715555,1.388433080762138,3527.8837014997794,1.3349331241032014,3508.0311457204098,1.3868991483297322,3590.8515052552248,1.3129910298081071,3549.78671272923,1.359438289337997
29,3569.4795544551816,1.3665996345665299,3552.687656715555,1.4043867644691481,3527.8837014997794,1.317667453437303,3508.0311457204098,1.3691695142263476,3590.8515052552248,1.3150959682036698,3549.78671272923,1.3545838669805996
30,3569.4795544551816,1.3398469048750037,3552.687656715555,1.3990695714815669,3527.8837014997794,1.327033395716799,3508.0311457204098,1.3457386564349376,3590.8515052552248,1.3137866630542196,3549.78671272923,1.3450950383125053
31,3569.4795544551816,1.333310576598719,3552.687656715555,1.3789526968781853,3527.8837014997794,1.3781980426666591,3508.0311457204098,1.3560080541511468,3590.8515052552248,1.3413566920537767,3549.78671272923,1.3575652124696973
32,3569.4795544551816,1.35748905926976,3552.687656715555,1.3709404643827448,3527.8837014997794,1.3811692808141596,3508.0311457204098,1.3906336030277398,3590.8515052552248,1.3807598061908732,3549.78671272923,1.3761984427370555
33,3569.4795544551816,1.3487674987084333,3552.687656715555,1.3901754470280947,3527.8837014997794,1.3712310326652,3508.0311457204098,1.3823435886893676,3590.8515052552248,1.403783490645682,3549.78671272923,1.3792602115473556
34,3569.4795544551816,1.3617779257104832,3552.687656715555,1.3933041419177223,3527.8837014997794,1.3647600604433614,3508.0311457204098,1.3705516399141269,3590.8515052552248,1.375173032572174,3549.78671272923,1.3731133601115737
35,3569.4795544551816,1.3599547017200224,3552.687656715555,1.3698999779876868,3527.8837014997794,1.3422881840994576,3508.0311457204098,1.3628582333205617,3590.8515052552248,1.3643609632877804,3549.78671272923,1.3598724120831016
36,3569.4795544551816,1.3453872556424782,3552.687656715555,1.3148148539112365,3527.8837014997794,1.350764851507305,3508.0311457204098,1.35841760587873,3590.8515052552248,1.3828183110861438,3549.78671272923,1.3504405756051785
37,3569.4795544551816,1.3438685200998832,3552.687656715555,1.3310829398337538,3527.8837014997794,1.369504319476955,3508.0311457204098,1.3532070416307744,3590.8515052552248,1.3432193395285368,3549.78671272923,1.3481764321139806
38,3569.4795544551816,1.2826666849722446,3552.687656715555,1.3497623490140345,3527.8837014997794,1.3708340591225794,3508.0311457204098,1.3451532004376994,3590.8515052552248,1.3583351551844927,3549.78671272923,1.34135028974621
39,3569.4795544551816,1.3131971102870665,3552.687656715555,1.3527112232174792,3527.8837014997794,1.353507571129626,3508.0311457204098,1.3470816059660593,3590.8515052552248,1.3763174380018217,3549.78671272923,1.3485629897204106
40,3569.4795544551816,1.3637485941243708,3552.687656715555,1.3527820671938973,3527.8837014997794,1.3321611477290127,3508.0311457204098,1.3665577171460297,3590.8515052552248,1.3811096695803056,3549.78671272923,1.3592718391547232
41,3569.4795544551816,1.3576018087499975,3552.687656715555,1.376471009859805,3527.8837014997794,1.3360506731806439,3508.0311457204098,1.3374249622794825,3590.8515052552248,1.3943668275343466,3549.78671272923,1.360383056320855
42,3569.4795544551816,1.3538505578716338,3457.308356343449,1.3870621628871098,3527.8837014997794,1.3282453397109426,3508.0311457204098,1.3327780066403143,3588.756401713977,1.3638377756966198,3530.2918319465593,1.353154768561324
43,3553.979780356216,1.3826090209123245,3457.308356343449,1.4228003957544106,3527.8837014997794,1.3164062326501704,3508.0311457204098,1.3535687963077498,3588.756401713977,1.3344953640573896,3527.1918771267656,1.361975961936409
44,3553.979780356216,1.4241004297598174,3457.308356343449,1.4042195001988214,3527.8837014997794,1.325109406170443,3508.0311457204098,1.3543500575029774,3588.756401713977,1.36045042415153,3527.1918771267656,1.3736459635567178
45,3553.979780356216,1.3786770109015007,3457.308356343449,1.3351639458962266,3527.8837014997794,1.3419555307475957,3508.0311457204098,1.3561925309137726,3588.756401713977,1.329299535580936,3527.1918771267656,1.3482577108080063
46,3553.979780356216,1.3817289083789068,3414.321853371562,1.3015888758093974,3527.8837014997794,1.3465872471870386,3508.0311457204098,1.3663783996317107,3588.756401713977,1.3094127726117233,3518.5945765323886,1.3411392407237552
47,3553.979780356216,1.3657385708287657,3414.321853371562,1.307593547306869,3527.8837014997794,1.3530021753010297,3508.0311457204098,1.3663285129695832,3588.756401713977,1.3220392495729658,3518.5945765323886,1.3429404111958427
48,3553.979780356216,1.3583489975162042,3414.321853371562,1.3424313577564935,3527.8837014997794,1.3601193814347685,3508.0311457204098,1.3290294261717157,3588.756401713977,1.316576987771066,3518.5945765323886,1.3413012301300495
49,3553.979780356216,1.3345061645188978,3414.321853371562,1.3434579605164596,3527.8837014997794,1.3716393007722345,3508.0311457204098,1.3554649890964747,3588.756401713977,1.308001625627139,3518.5945765323886,1.342614008106241
50,3482.2791486586634,1.323337279482215,3414.321853371562,1.3126290880974674,3527.8837014997794,1.3551475832120994,3508.0311457204098,1.3458127876812902,3588.756401713977,1.2997244122336715,3504.254450192878,1.3273302301413488
51,3482.2791486586634,1.3035504128094337,3414.321853371562,1.3319180863326534,3527.8837014997794,1.3582445174744893,3508.0311457204098,1.334736932701513,3588.756401713977,1.3066487229371626,3504.254450192878,1.3270197344510504
52,3482.2791486586634,1.3064748183032149,3414.321853371562,1.3104985846800363,3527.8837014997794,1.3772241513740702,3508.0311457204098,1.3312789182749838,3588.756401713977,1.3190158610722824,3504.254450192878,1.3288984667409174
53,3482.2791486586634,1.3097043237158525,3414.321853371562,1.2793207674886249,3527.8837014997794,1.3650570954502546,3508.0311457204098,1.3430661300469433,3588.756401713977,1.3411779676524458,3504.254450192878,1.327665256870824
54,3482.2791486586634,1.349828632683037,3414.321853371562,1.316219706020897,3527.8837014997794,1.401148123382077,3508.0311457204098,1.347401318675644,3588.756401713977,1.3517081001651639,3504.254450192878,1.3532611761853637
55,3482.2791486586634,1.3359784692274463,3414.321853371562,1.3364922898597633,3527.8837014997794,1.3875465596302705,3508.0311457204098,1.3543478469172343,3588.756401713977,1.3313795771396628,3504.254450192878,1.3491489485548755
56,3482.2791486586634,1.3434451233014213,3414.321853371562,1.3226623979585062,3527.8837014997794,1.3890045091823024,3466.757580494333,1.3446142043191802,3588.756401713977,1.3569559383399847,3495.999737147663,1.3513364346202787
57,3482.2791486586634,1.3751073738249486,3414.321853371562,1.321670198335018,3527.8837014997794,1.3535727313711488,3466.757580494333,1.3217649799308386,3588.756401713977,1.4066370648941409,3495.999737147663,1.3557504696712188
58,3482.2791486586634,1.3373334475678156,3414.321853371562,1.327322882909105,3527.8837014997794,1.3162312917029282,3466.757580494333,1.3487102607464139,3563.314739416097,1.3897774495073978,3490.9114046880873,1.343875066486732
59,3482.2791486586634,1.3403328147522946,3414.321853371562,1.3337440742737923,3527.8837014997794,1.3297871849878133,3466.757580494333,1.3206802203426695,3563.314739416097,1.3571144256409442,3490.9114046880873,1.3363317439995028
60,3482.2791486586634,1.3561578398436982,3281.7579418773425,1.2992983067927204,3527.8837014997794,1.3065923145077525,3466.757580494333,1.3070137580600445,3541.648301977662,1.335930452577967,3460.0653349015565,1.3209985343564365
61,3377.4003003291505,1.3789354686402147,3281.7579418773425,1.310369144780597,3527.8837014997794,1.339614865711789,3466.757580494333,1.3282422233519984,3510.2343165976927,1.3519047535972892,3432.80676815966,1.3418132912163778
62,3377.4003003291505,1.3415320425034225,3281.7579418773425,1.3187659400334772,3527.8837014997794,1.337546953940196,3466.757580494333,1.3236910256681154,3510.2343165976927,1.324095911235303,3432.80676815966,1.3291263746761026
63,3377.4003003291505,1.3619897943791655,3281.7579418773425,1.3249083910913082,3527.8837014997794,1.3593432150677809,3466.757580494333,1.3482062741881746,3510.2343165976927,1.3290876520791906,3432.80676815966,1.3447070653611242
64,3377.4003003291505,1.330326243215406,3281.7579418773425,1.33663738863161,3527.8837014997794,1.3736158193797061,3466.757580494333,1.3389183609525401,3510.2343165976927,1.343319517468159,3432.80676815966,1.3445634659294843
65,3377.4003003291505,1.3153024111222218,3281.7579418773425,1.3511399726964615,3527.8837014997794,1.3898622800761538,3466.757580494333,1.334205670704527,3510.2343165976927,1.329662155759835,3432.80676815966,1.34403449807184
66,3377.4003003291505,1.3447496821927425,3281.7579418773425,1.3493627615680956,3527.8837014997794,1.3721256549005196,3466.757580494333,1.3434721058836532,3501.458814637251,1.3560305828439163,3431.051667767571,1.3531481574777857
67,3377.4003003291505,1.3370394485014216,3281.7579418773425,1.362986512542079,3527.8837014997794,1.3549149839205314,3466.757580494333,1.3606083796202628,3501.458814637251,1.3508954716419708,3431.051667767571,1.3532889592452535
68,3377.4003003291505,1.2843998833343262,3281.7579418773425,1.352493734236926,3482.3198862444347,1.3606814996890855,3466.757580494333,1.3897041056962312,3497.5771512930187,1.3128652335472757,3421.162572047656,1.340028891300769
69,3377.4003003291505,1.2815232089297068,3281.7579418773425,1.3582770657303025,3482.3198862444347,1.3950401571383408,3466.757580494333,1.3869336892747688,3497.5771512930187,1.3445469407646005,3421.162572047656,1.353264212367544
70,3377.4003003291505,1.2767018402301966,3281.7579418773425,1.3200019362530087,3482.3198862444347,1.3858142196470986,3466.757580494333,1.4201718910314487,3460.779106651179,1.3295130786605873,3413.8029631192885,1.346440593164468
71,3377.4003003291505,1.2756637116980334,3281.7579418773425,1.3092549994582554,3482.3198862444347,1.3444337686767327,3466.757580494333,1.4246111912074195,3460.779106651179,1.3293920236439158,3413.8029631192885,1.3366711389368713
72,3377.4003003291505,1.2692595466612446,3281.7579418773425,1.3092925846696797,3482.3198862444347,1.3214532562496697,3466.757580494333,1.4233055905455732,3460.779106651179,1.3340572192393272,3413.8029631192885,1.3314736394730988
73,3377.4003003291505,1.3118187763227154,3281.7579418773425,1.3275051436730954,3482.3198862444347,1.3289437886815347,3466.757580494333,1.3830104317253067,3334.3240463209427,1.3084687643408153,3388.511951053241,1.3319493809486933
74,3377.4003003291505,1.3193632583987556,3281.7579418773425,1.334857395919437,3482.3198862444347,1.3196215865655243,3466.757580494333,1.3788031382572654,3334.3240463209427,1.3521887359752562,3388.511951053241,1.3409668230232477
75,3377.4003003291505,1.3532181579798765,3281.7579418773425,1.3879725375618022,3482.3198862444347,1.3413829564337822,3466.757580494333,1.3700875284381695,3334.3240463209427,1.3446819388246467,3388.511951053241,1.3594686238476554
76,3377.4003003291505,1.3559193770257834,3281.7579418773425,1.3726243110382124,3482.3198862444347,1.3623292797507254,3466.757580494333,1.342616420631313,3334.3240463209427,1.327681358680242,3388.511951053241,1.3522341494252552
77,3377.4003003291505,1.3335213009742495,3281.7579418773425,1.3571249692790297,3482.3198862444347,1.3354305092543823,3466.757580494333,1.360244551836342,3334.3240463209427,1.3183917899829332,3388.511951053241,1.3409426242653875
78,3377.4003003291505,1.3489736867140056,3281.7579418773425,1.2885870945245144,3387.6432544508193,1.343000510420259,3466.757580494333,1.3605231217114186,3334.3240463209427,1.3369585697467898,3369.5766246945177,1.3356085966233973
79,3377.4003003291505,1.3301644247576376,3281.7579418773425,1.2963535221363143,3387.6432544508193,1.3307556424869238,3466.757580494333,1.3733799876004615,3334.3240463209427,1.3779178196049022,3369.5766246945177,1.3417142793172478
80,3377.4003003291505,1.3240108104244763,3281.7579418773425,1.2843661350881412,3387.6432544508193,1.2832395189604706,3466.757580494333,1.4193366426280654,3334.3240463209427,1.359160753891724,3369.5766246945177,1.3340227721985756
81,3377.4003003291505,1.3079150788179315,3257.465786070597,1.2944388870521188,3387.6432544508193,1.2548548380269335,3466.757580494333,1.340324233743985,3317.023989800493,1.3536994277871002,3361.2581822290786,1.310246493085614
82,3377.4003003291505,1.3577144813562148,3257.465786070597,1.2908175277746383,3387.6432544508193,1.2890235626486328,3466.757580494333,1.3589659381030075,3317.023989800493,1.4169671405879154,3361.2581822290786,1.3426977300940817
83,3377.4003003291505,1.3754806881599317,3252.495577365259,1.3160132384210823,3387.6432544508193,1.2708812482217908,3466.757580494333,1.329540307204929,3317.023989800493,1.40131793860236,3360.264140488011,1.3386466841220188
84,3377.4003003291505,1.344721159751764,3252.495577365259,1.333469036663607,3387.6432544508193,1.3145531966639206,3466.757580494333,1.3264766948112214,3317.023989800493,1.3833883565238345,3360.264140488011,1.3405216888828695
85,3377.4003003291505,1.3353429332743385,3252.495577365259,1.3201908308067611,3387.6432544508193,1.297916381737244,3466.757580494333,1.3071836821486071,3299.047055425722,1.3910505862952651,3356.6687536130567,1.3303368828524433
86,3377.4003003291505,1.3232187855281372,3215.899299207737,1.345604195704294,3387.6432544508193,1.3000049755946252,3464.7238355164263,1.3198347948262654,3299.047055425722,1.3861552695201074,3348.942748985971,1.3349636042346857
87,3377.4003003291505,1.3304554828600352,3197.2925080426976,1.354618619844846,3387.6432544508193,1.3112359871755033,3464.7238355164263,1.2983836600544916,3299.047055425722,1.3339685876188445,3345.221390752963,1.325732467510744
88,3377.4003003291505,1.3420202489983706,3197.2925080426976,1.3788254018876323,3387.6432544508193,1.3638382366639765,3464.7238355164263,1.3060588204151344,3299.047055425722,1.3254559031818907,3345.221390752963,1.3432397222294008
89,3377.4003003291505,1.3419988779585414,3197.2925080426976,1.3207223804593025,3387.6432544508193,1.3615580049888572,3464.7238355164263,1.319196465735464,3299.047055425722,1.3174305053056883,3345.221390752963,1.3321812468895708
90,3377.4003003291505,1.3256842628325851,3197.2925080426976,1.2814070863697775,3387.6432544508193,1.3301840682160955,3459.5157740058353,1.291012526901783,3299.047055425722,1.3002373619581669,3344.1797784508444,1.3057050612556815
91,3377.4003003291505,1.3022932309103072,3163.4155567731914,1.3187948040539592,3387.6432544508193,1.3261470601618242,3459.5157740058353,1.3181882091137775,3299.047055425722,1.3756789334289248,3337.4043881969433,1.3282204475337587
92,3355.6113557760823,1.319008229980912,3163.4155567731914,1.3263854376190154,3372.6983955419905,1.2886928629966325,3387.2514161442396,1.3215288207963583,3299.047055425722,1.4034005516008625,3315.6047559322456,1.3318031805987562
93,3355.6113557760823,1.2812980893503485,3163.4155567731914,1.3293755630507382,3342.204431906991,1.2806499014225619,3387.2514161442396,1.3837442453864404,3299.047055425722,1.3821994432126772,3309.505963205245,1.3314534484845533
94,3355.6113557760823,1.2884240847725592,3163.4155567731914,1.3098735253599947,3342.204431906991,1.2972492948163243,3387.2514161442396,1.38673676912838,3299.047055425722,1.3396190615559684,3309.505963205245,1.3243805471266452
95,3355.6113557760823,1.3594244229934815,3148.2444545572444,1.283716886510572,3342.204431906991,1.3373342879438606,3387.2514161442396,1.3702130349299768,3299.047055425722,1.3410001527061535,3306.4717427620553,1.338337757016809
96,3355.6113557760823,1.3560716285043142,3148.2444545572444,1.3104364041550234,3342.204431906991,1.317202530318956,3387.2514161442396,1.3323574238886797,3299.047055425722,1.311718740228972,3306.4717427620553,1.3255573454191891
97,3355.6113557760823,1.360731927466575,3148.2444545572444,1.3503121138486005,3342.204431906991,1.2896024701655509,3364.5289075093674,1.3289922573755175,3299.047055425722,1.3074264582594977,3301.9272410350814,1.3274130454231483
98,3355.6113557760823,1.335765323584171,3148.2444545572444,1.3081373721408251,3342.204431906991,1.3133499273484288,3364.5289075093674,1.3501491516025848,3299.047055425722,1.3355672704091166,3301.9272410350814,1.3285938090170253
99,3355.6113557760823,1.3213009645305052,3148.2444545572444,1.299046446112232,3342.204431906991,1.3165989542258068,3364.5289075093674,1.347753448618437,3299.047055425722,1.3451150542697052,3301.9272410350814,1.3259629735513372
100,3355.6113557760823,1.3446225500038123,3148.2444545572444,1.3180552398255354,3342.204431906991,1.3080927390834645,3364.5289075093674,1.3313198161560016,3299.047055425722,1.3407617614512188,3301.9272410350814,1.3285704213040066
101,3319.4108393541987,1.3318585166169945,3102.727494759744,1.3402016866199835,3314.7090593053504,1.3010369924500655,3364.5289075093674,1.3626862286992902,3299.047055425722,1.3337818497987115,3280.0846712708762,1.333913054837009
102,3302.521452100815,1.3273284153045957,3102.727494759744,1.317590359048351,3171.504751536141,1.2929608100627696,3364.5289075093674,1.3304412497105569,3299.047055425722,1.2932347113440175,3248.0659322663582,1.312311109094058
103,3302.521452100815,1.3596599339677342,3093.317629083337,1.316360899389454,3171.504751536141,1.332640048969735,3364.5289075093674,1.3323831419548091,3299.047055425722,1.291854633299203,3246.183959131077,1.3265797315161871
104,3302.521452100815,1.3770310341396743,3093.317629083337,1.3113507584141146,3171.504751536141,1.3328659334930866,3364.5289075093674,1.3400695822001623,3299.047055425722,1.318373936041907,3246.183959131077,1.335938248857789
105,3302.521452100815,1.3428437748743478,3041.6331079926845,1.2896697864457534,3171.504751536141,1.364161015761071,3364.5289075093674,1.3288717705397715,3299.047055425722,1.314153734265533,3235.847054912946,1.3279400163772952
106,3302.521452100815,1.383435758810459,3041.6331079926845,1.2999201092943207,3171.504751536141,1.3625442446008371,3364.5289075093674,1.3623221061156963,3281.856214839694,1.305346492601759,3232.4088867957407,1.3427137422846145
107,3302.521452100815,1.3296282179418721,3041.6331079926845,1.2755117223409849,3171.504751536141,1.3242504024926196,3364.5289075093674,1.3385775156471398,3227.5353794296484,1.3264607866929659,3221.5447197137314,1.3188857290231166
108,3302.521452100815,1.3455298974439802,3041.6331079926845,1.249121292707634,3171.504751536141,1.3132425196041508,3364.5289075093674,1.3302846901565832,3227.5353794296484,1.3447949143617697,3221.5447197137314,1.3165946628548235
109,3302.521452100815,1.3461298042225283,3041.6331079926845,1.2533940384645772,3171.504751536141,1.3390952132991403,3364.5289075093674,1.348749540220427,3227.5353794296484,1.3513131591440166,3221.5447197137314,1.3277363510701379
110,3302.521452100815,1.3475638660641331,3041.6331079926845,1.3022312105319414,3171.504751536141,1.3175837304418603,3364.5289075093674,1.4012930756517195,3227.5353794296484,1.328671506586743,3221.5447197137314,1.3394686778552793
111,3302.521452100815,1.339665751576308,3041.6331079926845,1.2993681343260723,3171.504751536141,1.287903166444897,3364.5289075093674,1.368100639588208,3227.5353794296484,1.3310699736586025,3221.5447197137314,1.3252215331188175
112,3302.521452100815,1.335800270388333,3041.6331079926845,1.2850284733473603,3171.504751536141,1.3218255522390994,3364.5289075093674,1.3465264272573694,3227.5353794296484,1.335305375002411,3221.5447197137314,1.3248972196469146
113,3302.521452100815,1.3342217640337353,3041.6331079926845,1.2951089124008186,3171.504751536141,1.3083489877396635,3364.5289075093674,1.3208744041002614,3227.5353794296484,1.314553198973718,3221.5447197137314,1.3146214534496394
114,3302.521452100815,1.3283875232306737,3041.6331079926845,1.2846679235030183,3171.504751536141,1.3281015143054427,3364.5289075093674,1.2739709382742355,3227.5353794296484,1.335562457154242,3221.5447197137314,1.3101380712935224
115,3302.521452100815,1.3504857750206913,3041.6331079926845,1.3009533447550494,3171.504751536141,1.317463704017926,3364.5289075093674,1.3213378316799282,3161.1972329569467,1.3521956913586575,3208.277090419191,1.3284872693664505
116,3302.521452100815,1.341574341894965,3041.6331079926845,1.279790102218439,3171.504751536141,1.3178399978406878,3364.5289075093674,1.3241041025494893,3161.1972329569467,1.3339726333141848,3208.277090419191,1.3194562355635533
117,3258.8292188531486,1.3248684284020797,3041.6331079926845,1.2677939321519474,3171.504751536141,1.3157144514301014,3364.5289075093674,1.3597342087474085,3161.1972329569467,1.3295895843464158,3199.538643769658,1.3195401210155906
118,3258.8292188531486,1.3364394030829618,3041.6331079926845,1.2825374126115754,3171.504751536141,1.2859973847750978,3364.5289075093674,1.3229193275226032,3161.1972329569467,1.321447493970009,3199.538643769658,1.3098682043924494
119,3258.8292188531486,1.3482666434969268,3041.6331079926845,1.2633409689162611,3171.504751536141,1.3032984305193709,3299.891433598691,1.3557758060574556,3161.1972329569467,1.3291644393737325,3186.611148987523,1.3199692576727495
120,3258.8292188531486,1.350658555561371,3041.6331079926845,1.2607243896198153,3171.504751536141,1.2760071766996648,3299.891433598691,1.3663914714785887,3161.1972329569467,1.370763353607638,3186.611148987523,1.3249089893934154
121,3258.8292188531486,1.352362340815722,3041.6331079926845,1.2553472887206454,3171.504751536141,1.2853906209327064,3299.891433598691,1.3619296176839328,3161.1972329569467,1.3260699405118965,3186.611148987523,1.3162199617329804
122,3258.8292188531486,1.3226681098418236,3041.6331079926845,1.3085319723208821,3171.504751536141,1.3071066625533425,3299.891433598691,1.3474922882009004,3161.1972329569467,1.3152882933578998,3186.611148987523,1.3202174652549696
123,3258.8292188531486,1.311770966099962,3041.6331079926845,1.3218064538139034,3171.504751536141,1.26560166867305,3299.891433598691,1.3681077159478832,3161.1972329569467,1.294177035933909,3186.611148987523,1.3122927680937415
124,3258.8292188531486,1.3029006304421564,3041.6331079926845,1.325881010477665,3171.504751536141,1.2827235942206916,3299.891433598691,1.360918339495558,3161.1972329569467,1.3411905780478826,3186.611148987523,1.3227228305367906
125,3258.8292188531486,1.322371475746294,3041.6331079926845,1.3172802855106949,3171.504751536141,1.278391118293267,3299.891433598691,1.362932160503148,3161.1972329569467,1.357900280622625,3186.611148987523,1.3277750641352057
126,3258.8292188531486,1.3732379269468973,3041.6331079926845,1.2844054584317817,3171.504751536141,1.2814344886896167,3299.891433598691,1.3457566188999288,3161.1972329569467,1.3422798558030942,3186.611148987523,1.3254228697542636
127,3258.8292188531486,1.3168198135135276,2953.6489324707104,1.277879691813445,3171.504751536141,1.3225886214186557,3299.891433598691,1.3393868430108002,3161.1972329569467,1.3526667118895561,3169.0143138831277,1.321868336329197
128,3258.8292188531486,1.2868979799081761,2920.241248856732,1.252728303809507,3171.504751536141,1.3555945101470326,3299.891433598691,1.3529245794298697,3161.1972329569467,1.3292463965193144,3162.3327771603317,1.3154783539627801
129,3258.8292188531486,1.2797735190991124,2920.241248856732,1.2581790797951629,3171.504751536141,1.3252129185460542,3299.891433598691,1.3116848005389514,3161.1972329569467,1.3426555102107893,3162.3327771603317,1.3035011656380138
130,3258.8292188531486,1.2705481214261105,2920.241248856732,1.2807729374735388,3171.504751536141,1.2994096856795467,3299.891433598691,1.3171958262139631,3161.1972329569467,1.3308399250606495,3162.3327771603317,1.2997532991707617
131,3258.8292188531486,1.28956802749025,2920.241248856732,1.2733216811234873,3171.504751536141,1.2954457067233496,3267.298806269298,1.2859595800366876,3161.1972329569467,1.3245540707087644,3155.814251694453,1.2937698132165079
132,3258.8292188531486,1.2938614512502293,2884.798167354269,1.241302619953013,3171.504751536141,1.3130412323206053,3267.298806269298,1.305660737575376,3161.1972329569467,1.361263273189546,3148.725635393961,1.303025862857754
133,3258.8292188531486,1.297223095519491,2884.798167354269,1.2479686865531818,3171.504751536141,1.2939864676678992,3267.298806269298,1.297814432716171,3161.1972329569467,1.3207996946489478,3148.725635393961,1.291558475421138
134,3258.8292188531486,1.3114426214248684,2861.9664158438836,1.2297120494744957,3148.2224582724907,1.2633797743886286,3267.298806269298,1.2789957816103106,3161.1972329569467,1.3503770894495521,3139.502826439154,1.286781463269571
135,3258.8292188531486,1.2992639603291498,2861.9664158438836,1.2244893059531874,3148.2224582724907,1.3027863175015586,3267.298806269298,1.2595655453717234,3161.1972329569467,1.3076884824133728,3139.502826439154,1.2787587223137984
136,3201.2230951576694,1.274691603323521,2861.9664158438836,1.2458833557716862,3148.2224582724907,1.3172463292608236,3267.298806269298,1.2943792232276528,3161.1972329569467,1.262214077150715,3127.981601700058,1.2788829177468797
137,3201.2230951576694,1.3189309034860501,2861.9664158438836,1.2562758877983697,3148.2224582724907,1.3324073078550032,3231.2776606030025,1.3202169972278226,3161.1972329569467,1.3048211642442613,3120.7773725667985,1.3065304521223013
138,3201.2230951576694,1.2755722855798939,2861.9664158438836,1.2705876979560258,3148.2224582724907,1.3048760712979792,3231.2776606030025,1.2979763458145905,3161.1972329569467,1.3096184075067292,3120.7773725667985,1.2917261616310438
139,3201.2230951576694,1.3123434724688956,2861.9664158438836,1.276785714431413,3066.1696319253842,1.3120754886059394,3231.2776606030025,1.3146583741800189,3161.1972329569467,1.334972445675467,3104.366807297377,1.3101670990723466
140,3201.2230951576694,1.2910005663347672,2810.3708845512065,1.2592984108362169,3066.1696319253842,1.3035003434406267,3231.2776606030025,1.3177949412716823,3161.1972329569467,1.3150364240357824,3094.0477010388418,1.297326137183815
141,3201.2230951576694,1.2631863468115982,2810.3708845512065,1.2786133244958071,3066.1696319253842,1.308150088838887,3231.2776606030025,1.3084477653903637,3161.1972329569467,1.3248960696941992,3094.0477010388418,1.296658719046171
142,3201.2230951576694,1.2507352160638383,2810.3708845512065,1.3016706856656088,3066.1696319253842,1.3116305722135226,3231.2776606030025,1.3111668001719101,3161.1972329569467,1.3243722119350256,3094.0477010388418,1.299915097209981
143,3124.6673671307885,1.2469188677569447,2810.3708845512065,1.275373411455788,3066.1696319253842,1.2810619378022428,3231.2776606030025,1.3396501494631712,3161.1972329569467,1.3365377202965019,3078.7365554334656,1.2959084173549296
144,3124.6673671307885,1.2806525252794434,2810.3708845512065,1.291328276686679,3066.1696319253842,1.3000706874236434,3231.2776606030025,1.344498079688805,3161.1972329569467,1.3041353336560646,3078.7365554334656,1.3041369805469274
145,3084.9156664049387,1.3176656070535353,2810.3708845512065,1.275407056654679,3066.1696319253842,1.3049601055072992,3231.2776606030025,1.3102669375002218,3150.3366237979676,1.2861607972481837,3068.6140934565,1.2988921007927838
146,3084.9156664049387,1.299563372333587,2810.3708845512065,1.2591663547127436,3066.1696319253842,1.314617456506623,3231.2776606030025,1.2982824728070155,3133.8525003519594,1.28138172996369,3065.317268767298,1.2906022772647319
147,3084.9156664049387,1.3025531347934314,2810.3708845512065,1.2976204848651898,3066.1696319253842,1.288151133066669,3231.2776606030025,1.2860425407477525,3097.3102577700743,1.305300879551297,3058.008820250921,1.295933634604868
148,3084.9156664049387,1.2892033621386614,2748.978098445294,1.2702045517607268,3066.1696319253842,1.2711841949961096,3231.2776606030025,1.2640900525830998,3097.3102577700743,1.2851266547651303,3045.7302630297386,1.2759617632487457
149,3084.9156664049387,1.3115481316305029,2748.978098445294,1.2473700832254815,3066.1696319253842,1.275837949350167,3210.5335468830435,1.2752611227850696,3097.3102577700743,1.2661054912585623,3041.581440285747,1.2752245556499566
150,3084.9156664049387,1.285741948457941,2748.978098445294,1.2300755138315276,3066.1696319253842,1.2778088634456926,3210.5335468830435,1.2665433820842573,3097.3102577700743,1.2890884746425304,3041.581440285747,1.2698516364923897
151,3084.9156664049387,1.292372963195271,2748.978098445294,1.2446283066646116,3066.1696319253842,1.3007595066720643,3210.5335468830435,1.3283411318644098,2956.6860163910815,1.3279815911083834,3013.4565920099485,1.2988166999009478
152,3075.5638617083778,1.3505257044117382,2748.978098445294,1.2271997071767555,3066.1696319253842,1.295992905363966,3210.5335468830435,1.3344413322948878,2956.6860163910815,1.302968591404731,3011.586231070636,1.3022256481304157
153,3075.5638617083778,1.2920373288303115,2748.978098445294,1.230327649897315,3066.1696319253842,1.3089452211760209,3210.5335468830435,1.344293304288321,2956.6860163910815,1.3085096274716617,3011.586231070636,1.296822626332726
154,3075.5638617083778,1.279803882035634,2748.978098445294,1.244603668750087,3066.1696319253842,1.2828396578626673,3210.5335468830435,1.3177309393533692,2956.6860163910815,1.3429907350898886,3011.586231070636,1.2935937766183294
155,3075.5638617083778,1.2695017750496245,2748.978098445294,1.2460026400398496,3066.1696319253842,1.2821175173681312,3210.5335468830435,1.301549201240354,2956.6860163910815,1.3151414589308472,3011.586231070636,1.2828625185257612
156,3075.5638617083778,1.26733485777426,2748.978098445294,1.2414547970887797,3066.1696319253842,1.2863599079184866,3210.5335468830435,1.3323473421910208,2956.6860163910815,1.3163442187719687,3011.586231070636,1.2887682247489032
157,3075.5638617083778,1.2653616325650043,2748.978098445294,1.2427328758260303,3066.1696319253842,1.3051109809113253,3210.5335468830435,1.3376173906746651,2956.6860163910815,1.2866072596395557,3011.586231070636,1.287486027923316
158,3075.5638617083778,1.2398423016302007,2748.978098445294,1.2069486962984584,3066.1696319253842,1.3076368041815627,3210.5335468830435,1.340195616348145,2956.6860163910815,1.3405303208522317,3011.586231070636,1.2870307478621197
159,3075.5638617083778,1.272557645528552,2748.978098445294,1.2367497662606084,3066.1696319253842,1.3034307852746705,3210.5335468830435,1.3298156554433693,2956.6860163910815,1.3132450893773493,3011.586231070636,1.29115978837691
160,3075.5638617083778,1.2988659900164454,2676.0062772787805,1.2222785807472076,3066.1696319253842,1.2886275254109802,3210.5335468830435,1.31516657014185,2956.6860163910815,1.3324906596147774,2996.9918668373334,1.291485865186252
161,3075.5638617083778,1.3338631441661366,2594.6676945433564,1.2525828160376382,3066.1696319253842,1.2885974500869015,3210.5335468830435,1.324517942043465,2956.6860163910815,1.3468265941544497,2980.7241502902484,1.309277589297718
162,3075.5638617083778,1.3195852529932872,2594.6676945433564,1.256965480187618,3066.1696319253842,1.2756378551512082,3210.5335468830435,1.324511119043244,2956.6860163910815,1.3388086787353526,2980.7241502902484,1.303101677222142
163,3075.5638617083778,1.2987935086904194,2594.6676945433564,1.2610399982929479,3066.1696319253842,1.327649227227037,3210.5335468830435,1.3076517333786926,2956.6860163910815,1.341089250910208,2980.7241502902484,1.307244743699861
164,3075.5638617083778,1.3018070221592875,2594.6676945433564,1.240674034350814,3044.8878267256396,1.3191377944228966,3210.5335468830435,1.295176021413603,2956.6860163910815,1.3334294533696298,2976.4677892502996,1.2980448651432461
165,3075.5638617083778,1.2736236151717768,2594.6676945433564,1.2231701704059594,3044.8878267256396,1.3013768466755784,3210.5335468830435,1.3078711809511767,2956.6860163910815,1.3065379062330804,2976.4677892502996,1.2825159438875144
166,3075.5638617083778,1.2808141436178646,2594.6676945433564,1.2301510539801845,3044.8878267256396,1.2902707001856886,3210.5335468830435,1.3231497264190628,2956.6860163910815,1.2591738077410095,2976.4677892502996,1.276711886388762
167,3065.3002352623107,1.2674540144485849,2594.6676945433564,1.23028567578842,3044.8878267256396,1.2902261760982385,3210.5335468830435,1.33112957695566,2956.6860163910815,1.2692454882676105,2974.415063961086,1.2776681863117028
168,3065.3002352623107,1.2905344955952904,2594.6676945433564,1.2384719664842962,3044.8878267256396,1.306450061721657,3210.5335468830435,1.3180084162003343,2956.6860163910815,1.2899552389506246,2974.415063961086,1.2886840357904406
169,3065.3002352623107,1.269236214388491,2594.6676945433564,1.232992597384372,3012.826739272792,1.259360200101951,3210.5335468830435,1.3088838747822928,2956.6860163910815,1.289265603910704,2968.0028464705165,1.271947698113562
170,3065.3002352623107,1.2514541548750613,2594.6676945433564,1.2369030208210703,3012.826739272792,1.2552608164139674,3210.5335468830435,1.3018816871007883,2956.6860163910815,1.3274524581941098,2968.0028464705165,1.2745904274809994
171,2935.827101412027,1.2844328276344315,2594.6676945433564,1.24255028799095,3012.826739272792,1.2901320176366675,3140.0307259582496,1.3025213945899676,2861.990023701095,1.3239828677267054,2909.068456977504,1.2887238791157445
172,2935.827101412027,1.2907484652215737,2594.6676945433564,1.264601239562692,3012.826739272792,1.2619082638767358,3140.0307259582496,1.3250895115651784,2861.990023701095,1.2772796255846206,2909.068456977504,1.28392542116216
173,2935.827101412027,1.2799815673604364,2594.6676945433564,1.2823178815487275,3012.826739272792,1.2484570460397557,2923.791642492404,1.3049895180889024,2861.990023701095,1.2787980180822702,2865.820640284335,1.2789088062240184
174,2935.827101412027,1.311757312035683,2594.6676945433564,1.3024746621403602,2924.3724956828414,1.2405610848553474,2923.791642492404,1.2998502654176642,2861.990023701095,1.3136694919708467,2848.1297915663445,1.2936625632839802
175,2935.827101412027,1.3388924857547984,2594.6676945433564,1.2557311739258743,2924.3724956828414,1.250098452295567,2923.791642492404,1.3050278873118513,2861.990023701095,1.3117488308443583,2848.1297915663445,1.2922997660264899
176,2935.827101412027,1.3297557843205745,2592.114664144524,1.2190378666989319,2924.3724956828414,1.263740241438462,2923.791642492404,1.3061782981401224,2861.990023701095,1.2723504960299021,2847.6191854865783,1.2782125373255986
177,2935.827101412027,1.3080253921497484,2592.114664144524,1.1746939922261468,2924.3724956828414,1.2585500374705643,2923.791642492404,1.2814906985426215,2861.990023701095,1.3139238187666809,2847.6191854865783,1.2673367878311523
178,2935.827101412027,1.3131997414685,2592.114664144524,1.2124385353249372,2924.3724956828414,1.3049711243394815,2923.791642492404,1.2932253654499708,2861.990023701095,1.2866940137046297,2847.6191854865783,1.2821057560575038
179,2935.827101412027,1.2970849892666538,2592.114664144524,1.2313586928856026,2924.3724956828414,1.2953054339691006,2923.791642492404,1.2849113817024602,2861.990023701095,1.2750886000284343,2847.6191854865783,1.2767498195704503
180,2935.827101412027,1.2766770599269313,2592.114664144524,1.246333027969454,2924.3724956828414,1.2744429402828346,2923.791642492404,1.3003067695753927,2861.990023701095,1.2607884116399766,2847.6191854865783,1.271709641878918
181,2935.827101412027,1.291057617977863,2592.114664144524,1.2557218638857004,2924.3724956828414,1.2675082571247234,2923.791642492404,1.2670501185664083,2861.990023701095,1.2507504390342405,2847.6191854865783,1.2664176593177872
182,2935.827101412027,1.2925097040716362,2592.114664144524,1.2356175344942164,2924.3724956828414,1.246791751919273,2923.791642492404,1.2606973469544658,2852.9631666464793,1.2466703894817965,2845.813814075655,1.2564573453842776
183,2935.827101412027,1.3032764641120747,2592.114664144524,1.2197794804863096,2924.3724956828414,1.2575743044194592,2923.791642492404,1.2454089610923424,2852.9631666464793,1.2665969495083436,2845.813814075655,1.258527231923706
184,2935.827101412027,1.323843721807589,2561.0553273200153,1.2380025080741413,2924.3724956828414,1.2546773146252765,2923.791642492404,1.2879794694854703,2852.9631666464793,1.250540728146246,2839.6019467107535,1.2710087484277444
185,2935.827101412027,1.3268984735641998,2541.3582050579566,1.2518046659135915,2924.3724956828414,1.2214192996676845,2923.791642492404,1.2758539652131657,2813.0569835021274,1.241536416842468,2827.6812856294714,1.263502564240222
186,2935.827101412027,1.3072235224518955,2541.3582050579566,1.239442093845444,2924.3724956828414,1.2266592919874828,2923.791642492404,1.323772437731268,2767.7484115429743,1.2665161084857652,2818.6195712376407,1.272722690900371
187,2935.827101412027,1.2495411154903016,2541.3582050579566,1.2382543283588734,2924.3724956828414,1.2517976966263122,2923.791642492404,1.3103144414393941,2767.7484115429743,1.2847707329136728,2818.6195712376407,1.266935662965711
188,2935.827101412027,1.2825601553810546,2541.3582050579566,1.266056063813002,2924.3724956828414,1.2670094920084911,2923.791642492404,1.3131939156225163,2767.7484115429743,1.2750349420814815,2818.6195712376407,1.2807709137813093
189,2935.827101412027,1.2639937100928618,2541.3582050579566,1.28644167876396,2924.3724956828414,1.2644086161711672,2923.791642492404,1.3156948978676728,2767.7484115429743,1.2607239602822307,2818.6195712376407,1.2782525726355787
190,2935.827101412027,1.2864105689913874,2541.3582050579566,1.2988944484882765,2924.3724956828414,1.2581514042429338,2923.791642492404,1.295906195473678,2767.7484115429743,1.28474076717374,2818.6195712376407,1.2848206768740031
191,2935.827101412027,1.2661652457097052,2541.3582050579566,1.2534051490500477,2924.3724956828414,1.2634748920475019,2923.791642492404,1.2853506361465226,2767.7484115429743,1.2742307691540433,2818.6195712376407,1.2685253384215642
192,2935.827101412027,1.2720134459551877,2541.3582050579566,1.2494946368086455,2924.3724956828414,1.2618617863833888,2923.791642492404,1.2927385526222301,2767.7484115429743,1.297270291514214,2818.6195712376407,1.2746757426567332
193,2935.827101412027,1.2719720050147654,2533.6296652202936,1.23269749944642,2924.3724956828414,1.2756484929934557,2923.791642492404,1.30882064971647,2767.7484115429743,1.2977482601896568,2817.0738632701077,1.2773773814721536
194,2935.827101412027,1.2632167968699404,2533.6296652202936,1.2213856427595462,2924.3724956828414,1.2655369191651156,2923.791642492404,1.3229462434495634,2767.7484115429743,1.3140400371193202,2817.0738632701077,1.2774251278726971
195,2815.944848313362,1.270303962948802,2533.6296652202936,1.218704857603579,2924.3724956828414,1.2324214018367237,2923.791642492404,1.308085573494017,2767.7484115429743,1.3058247020938052,2793.097412650375,1.2670680995953851
196,2815.944848313362,1.2313478616597866,2533.6296652202936,1.2216748856210153,2924.3724956828414,1.2340749143806817,2923.791642492404,1.294463591127944,2767.7484115429743,1.2942259154409692,2793.097412650375,1.2551574336460793
197,2815.944848313362,1.2757485294849553,2533.6296652202936,1.2235689886126568,2924.3724956828414,1.2599093910244143,2923.791642492404,1.2922201091323733,2748.2439024516257,1.2903174669729054,2789.1965108321056,1.2683528970454612
198,2815.944848313362,1.2581324227181416,2511.2191572767383,1.2055939708124856,2924.3724956828414,1.2487584813733459,2923.791642492404,1.2745141014926615,2748.2439024516257,1.285643496637708,2784.7144092433946,1.2545284946068684
199,2740.51081818605,1.247607715007769,2511.2191572767383,1.200926684604016,2924.3724956828414,1.2504943792127148,2923.791642492404,1.2825901139889935,2748.2439024516257,1.3053555303432554,2769.627603217932,1.2573948846313496
200,2740.51081818605,1.2824047718171527,2511.2191572767383,1.1867014130703033,2915.4275843629757,1.2567357939759525,2923.791642492404,1.2845416157142733,2748.2439024516257,1.2908326972526663,2767.838620953959,1.2602432583660697
201,2740.51081818605,1.2671934812159662,2511.2191572767383,1.1943834886239837,2915.4275843629757,1.2791148755413755,2923.791642492404,1.3233881924221342,2748.2439024516257,1.297650962592394,2767.838620953959,1.2723462000791705
202,2740.51081818605,1.2678653548879952,2511.2191572767383,1.2304182124846517,2915.4275843629757,1.2554653252166605,2923.791642492404,1.292200634041868,2748.2439024516257,1.3057140309058421,2767.838620953959,1.2703327115074035
203,2740.51081818605,1.2901503701199835,2511.2191572767383,1.1995790041984282,2915.4275843629757,1.250987705743777,2879.949120071079,1.2507089913183664,2748.2439024516257,1.3100275588129966,2759.070116469694,1.2602907260387104
204,2740.51081818605,1.285613940808432,2511.2191572767383,1.2066437233322609,2915.4275843629757,1.2333347788589013,2879.949120071079,1.2547345300860369,2748.2439024516257,1.3198694392481194,2759.070116469694,1.2600392824667501
205,2740.51081818605,1.2916201808153593,2511.2191572767383,1.2682371438158868,2915.4275843629757,1.2495871720004503,2879.949120071079,1.273695865062967,2712.219108702213,1.311626588397838,2751.865157719811,1.2789533900185002
206,2740.51081818605,1.2973303417700857,2511.2191572767383,1.2154476544506718,2915.4275843629757,1.241183470140365,2879.949120071079,1.2779744132682185,2712.219108702213,1.3078975525759993,2751.865157719811,1.2679666864410681
207,2740.51081818605,1.3160567645315466,2511.2191572767383,1.2187107489042524,2915.4275843629757,1.2660215403032726,2879.949120071079,1.2758533744939087,2712.219108702213,1.2696393752541442,2751.865157719811,1.2692563606974248
208,2740.51081818605,1.3170506294539783,2511.2191572767383,1.2216113366540855,2915.4275843629757,1.270207605474023,2879.949120071079,1.259389497281523,2712.219108702213,1.309730626589425,2751.865157719811,1.275597939090607
209,2740.51081818605,1.3042531389445242,2511.2191572767383,1.2063440053956878,2915.4275843629757,1.2807577815903648,2879.949120071079,1.2847974698388316,2712.219108702213,1.2908636397781412,2751.865157719811,1.27340320710951
210,2740.51081818605,1.3203935726669718,2511.2191572767383,1.2278971164850156,2816.629337596091,1.2621484600344888,2879.949120071079,1.2669983071660966,2712.219108702213,1.2950457993665931,2732.105508366434,1.2744966511438334
211,2740.51081818605,1.2855798325028536,2511.2191572767383,1.2125920031309154,2816.629337596091,1.2780223571419544,2879.949120071079,1.277274848393117,2662.4007016700743,1.2824915573536215,2722.1418269600063,1.2671921197044924
212,2740.51081818605,1.2669752168697759,2511.2191572767383,1.2736001708773113,2816.629337596091,1.2839782462070275,2879.949120071079,1.2277138849861557,2662.4007016700743,1.2546808322479743,2722.1418269600063,1.261389670237649
213,2740.51081818605,1.2922492864665343,2511.2191572767383,1.2726042101654484,2816.629337596091,1.2927496468008406,2879.949120071079,1.2098121093095584,2662.4007016700743,1.258670988518268,2722.1418269600063,1.2652172482521302
214,2740.51081818605,1.2842086798844525,2511.2191572767383,1.2438273147757666,2816.629337596091,1.2756378610092367,2867.671267370672,1.2568279044794366,2608.6912528844186,1.205461143464271,2708.944366662794,1.2531925807226327
215,2740.51081818605,1.275127550810676,2511.2191572767383,1.2633481254788006,2816.629337596091,1.3024463070049175,2865.523847844313,1.3004438118697068,2608.6912528844186,1.2121639170430913,2708.514882757522,1.2707059424414386
216,2740.51081818605,1.3053530353353862,2511.2191572767383,1.2679169870733387,2816.629337596091,1.3090369147753111,2865.523847844313,1.2718967549401692,2608.6912528844186,1.230862815385798,2708.514882757522,1.2770133015020007
217,2740.51081818605,1.253727696671473,2511.2191572767383,1.2403012298661635,2816.629337596091,1.2762295678266027,2865.523847844313,1.295153352628386,2608.6912528844186,1.2644019917936362,2708.514882757522,1.2659627677572522
218,2740.51081818605,1.243360155688016,2511.2191572767383,1.2391962077844259,2816.629337596091,1.286921140111561,2865.523847844313,1.2798537595237809,2608.6912528844186,1.2567496551084543,2708.514882757522,1.2612161836432478
219,2740.51081818605,1.2594812294887723,2460.175122692928,1.2405364920989506,2816.629337596091,1.3073428294391292,2865.523847844313,1.2893889728045183,2596.2999442312685,1.2347460011399751,2695.82781411013,1.266299104994269
220,2740.51081818605,1.2578098352938163,2368.5459786681317,1.2469486296302483,2776.4290270829147,1.2694397703593676,2865.523847844313,1.284995252434232,2596.2999442312685,1.3044788758694583,2669.4619232025357,1.2727344727174246
221,2740.51081818605,1.2327171577553544,2368.5459786681317,1.261704985670614,2776.4290270829147,1.2461235983548573,2865.523847844313,1.2975314136970562,2596.2999442312685,1.2817481077793558,2669.4619232025357,1.2639650526514474
222,2740.51081818605,1.2373757442911375,2368.5459786681317,1.2784568528192626,2776.4290270829147,1.2566694303536816,2865.523847844313,1.2924589797156265,2596.2999442312685,1.2980028380142865,2669.4619232025357,1.2725927690387988
223,2740.51081818605,1.2171322560892142,2368.5459786681317,1.2756172021632788,2776.4290270829147,1.2839468608716873,2865.523847844313,1.335551925056776,2596.2999442312685,1.2972068475492606,2669.4619232025357,1.2818910183460432
224,2740.51081818605,1.2045947748065047,2368.5459786681317,1.2581944280753814,2776.4290270829147,1.2905416110560066,2865.523847844313,1.2890146285028405,2569.8860556492955,1.2825493728978257,2664.1791454861414,1.264978963067712
225,2740.51081818605,1.2110700770941842,2368.5459786681317,1.2492065762487075,2776.4290270829147,1.2343328179293667,2865.523847844313,1.2713755754231713,2569.8860556492955,1.283788463015032,2664.1791454861414,1.2499547019420922
226,2740.51081818605,1.2121804770524038,2368.5459786681317,1.267798045164537,2776.4290270829147,1.2355012671130634,2865.523847844313,1.2814274650487498,2569.8860556492955,1.2854095804222954,2664.1791454861414,1.2564633669602099
227,2740.51081818605,1.223876284814539,2368.5459786681317,1.2357379368677368,2776.4290270829147,1.2533480309868787,2865.523847844313,1.282418552964685,2569.8860556492955,1.2721855246046816,2664.1791454861414,1.2535132660477042
228,2740.51081818605,1.244342775704627,2368.5459786681317,1.2458575723762686,2776.4290270829147,1.2641198484218372,2865.523847844313,1.2914020468232408,2569.8860556492955,1.2624400682197012,2664.1791454861414,1.2616324623091348
229,2740.51081818605,1.231296189005167,2368.5459786681317,1.229878886281098,2776.4290270829147,1.2799315023489817,2865.523847844313,1.2899753312286455,2569.8860556492955,1.2277732385314204,2664.1791454861414,1.2517710294790625
230,2740.51081818605,1.2272663523336327,2368.5459786681317,1.2248625328744245,2776.4290270829147,1.3052698506576847,2865.523847844313,1.2527855363652178,2569.8860556492955,1.242377899359524,2664.1791454861414,1.2505124343180969
231,2740.51081818605,1.2313701847012335,2368.5459786681317,1.2546679398627312,2776.4290270829147,1.272861163905489,2865.523847844313,1.2676243786836559,2569.8860556492955,1.262681033198437,2664.1791454861414,1.2578409400703094
232,2740.51081818605,1.2465803374754407,2368.5459786681317,1.2495121670249463,2776.4290270829147,1.2655840421572222,2865.523847844313,1.2790308615272354,2569.8860556492955,1.2303185394979619,2664.1791454861414,1.2542051895365613
233,2740.51081818605,1.270326867156828,2368.5459786681317,1.2445501981724807,2776.4290270829147,1.2179435485609091,2865.523847844313,1.258470085412829,2569.8860556492955,1.2647194417701466,2664.1791454861414,1.2512020282146388
234,2740.51081818605,1.2587599230265283,2368.5459786681317,1.2498046140204764,2776.4290270829147,1.2754243112532373,2865.523847844313,1.2672958478355383,2569.8860556492955,1.2183024858615683,2664.1791454861414,1.2539174363994698
235,2740.51081818605,1.2589465200304393,2368.5459786681317,1.2194703931731399,2776.4290270829147,1.2860267159797019,2865.523847844313,1.2674552953447569,2569.8860556492955,1.238396137456201,2664.1791454861414,1.2540590123968478
236,2740.51081818605,1.2797046245008767,2368.5459786681317,1.1818718387277645,2776.4290270829147,1.2952582635001577,2865.523847844313,1.2767779528917687,2569.8860556492955,1.2301639317274335,2664.1791454861414,1.2527553222696004
237,2740.51081818605,1.2364510051021185,2368.5459786681317,1.2214614450028813,2776.4290270829147,1.2722257391655256,2865.523847844313,1.2656623303964405,2569.8860556492955,1.2509163523635136,2664.1791454861414,1.249343374406096
238,2740.51081818605,1.2354596565613785,2368.5459786681317,1.2071963565692805,2776.4290270829147,1.2393267966710748,2865.523847844313,1.2604629659321418,2553.798006604328,1.2426762112505854,2660.9615356771474,1.2370243973968922
239,2740.51081818605,1.251405860519031,2368.5459786681317,1.245258647514171,2760.9876841103983,1.2682008748282492,2865.523847844313,1.262030471171808,2553.798006604328,1.2294896897860297,2657.873267082644,1.251277108763858
240,2740.51081818605,1.2407833587251662,2368.5459786681317,1.2438564475436595,2760.9876841103983,1.2478437905643098,2865.523847844313,1.2683912348846762,2553.798006604328,1.2303862408168227,2657.873267082644,1.2462522145069268
241,2740.51081818605,1.2639062567026595,2368.5459786681317,1.2343069904229347,2760.9876841103983,1.2513429315007756,2810.7667601313956,1.2440331948795276,2553.798006604328,1.2606497535774221,2646.9218495400605,1.250847825416664
242,2740.51081818605,1.2658180898831328,2368.5459786681317,1.2184445610970749,2760.9876841103983,1.2546017397935707,2756.368915639189,1.2367738078225297,2553.798006604328,1.262786282557768,2636.042280641619,1.247684896230815
243,2740.51081818605,1.2807180671472056,2368.5459786681317,1.220989260961277,2760.9876841103983,1.2211087037558825,2756.368915639189,1.2507102220898154,2553.798006604328,1.292788895416871,2636.042280641619,1.2532630298742102
244,2740.51081818605,1.2466549961660507,2368.5459786681317,1.209463713499076,2576.8301354259534,1.2081830554677788,2756.368915639189,1.2382696384471183,2553.798006604328,1.2758783517155492,2599.21077090473,1.2356899510591144
245,2740.51081818605,1.224123438085012,2368.5459786681317,1.2243756513236594,2576.8301354259534,1.2311557920289304,2756.368915639189,1.2612843290854878,2553.798006604328,1.2611645220115622,2599.21077090473,1.2404207465069303
246,2740.51081818605,1.218272096032889,2368.5459786681317,1.2479023721035205,2576.8301354259534,1.2140246657808909,2756.368915639189,1.2467592197746908,2553.798006604328,1.3130760527694727,2599.21077090473,1.2480068812922929
247,2740.51081818605,1.1729996812940315,2368.5459786681317,1.263829919662198,2576.8301354259534,1.222681983369659,2756.368915639189,1.2436604341954252,2553.798006604328,1.2642652059478143,2599.21077090473,1.2334874448938256
248,2740.51081818605,1.1947829891381299,2368.5459786681317,1.2207242763860497,2576.8301354259534,1.2351593893641977,2756.368915639189,1.2548978216589342,2527.4322603846076,1.2702207622536748,2593.937621660786,1.2351570477601972
249,2740.51081818605,1.2145775468680609,2368.5459786681317,1.2137201383865759,2576.8301354259534,1.2280706114800966,2756.368915639189,1.2671777247449432,2527.4322603846076,1.275737044798474,2593.937621660786,1.2398566132556301
250,2740.51081818605,1.2097599551772351,2368.5459786681317,1.2205656902043593,2576.8301354259534,1.2564138689507258,2756.368915639189,1.2463969806853528,2527.4322603846076,1.2689409529466833,2593.937621660786,1.2404154895928712
251,2740.51081818605,1.2119846009929407,2368.5459786681317,1.2153611660230486,2576.8301354259534,1.282394634954742,2756.368915639189,1.2544703415461356,2527.4322603846076,1.2528215039698547,2593.937621660786,1.2434064494973445
252,2740.51081818605,1.2236075991780562,2368.5459786681317,1.2162117527693432,2576.8301354259534,1.2656693696889714,2756.368915639189,1.248700215637708,2527.4322603846076,1.2562069113668703,2593.937621660786,1.2420791697281899
253,2740.51081818605,1.2523556359202808,2368.5459786681317,1.2069087839545378,2576.8301354259534,1.255294274700175,2756.368915639189,1.2412649429790856,2527.4322603846076,1.2852388860697561,2593.937621660786,1.248212504724767
254,2740.51081818605,1.2733048052943938,2368.5459786681317,1.1841668229890108,2576.8301354259534,1.2559294856906786,2741.685741776592,1.2666564692612592,2527.4322603846076,1.2863373873910122,2591.000986888267,1.253278994125271
255,2740.51081818605,1.2897618640664434,2368.5459786681317,1.1834908829457988,2576.8301354259534,1.265515489427023,2741.685741776592,1.2703427661770632,2527.4322603846076,1.2461624087831196,2591.000986888267,1.2510546822798896
256,2740.51081818605,1.2507107872980674,2368.5459786681317,1.219542051234455,2576.8301354259534,1.242771533145876,2741.685741776592,1.257367401013222,2519.2873531943246,1.2643141888630183,2589.37200545021,1.2469411923109277
257,2740.51081818605,1.2483723700753087,2368.5459786681317,1.1932270909233351,2576.8301354259534,1.2604292228959793,2741.685741776592,1.2585406231707936,2519.2873531943246,1.2504394154221707,2589.37200545021,1.2422017444975173
258,2740.51081818605,1.2841207487784194,2368.5459786681317,1.248742448914606,2576.8301354259534,1.2377233736728832,2741.685741776592,1.2725621389738795,2519.2873531943246,1.268941965573611,2589.37200545021,1.26241813518268
259,2740.51081818605,1.2883750656186526,2368.5459786681317,1.2540735826586977,2576.8301354259534,1.2189485243328353,2741.685741776592,1.2636044763324041,2519.2873531943246,1.2623412986603246,2589.37200545021,1.2574685895205828
260,2704.311512097451,1.271786591229454,2368.5459786681317,1.2344246476279446,2576.8301354259534,1.2219350167864347,2741.685741776592,1.269424021878277,2519.2873531943246,1.2578096673784898,2582.1321442324906,1.25107598898012
261,2704.311512097451,1.2618401946207443,2368.5459786681317,1.2518242149195873,2576.8301354259534,1.246669905787499,2741.685741776592,1.2498153490791977,2497.3181892603125,1.254274045220822,2577.7383114456884,1.2528847419255702
262,2704.311512097451,1.2716823425486896,2368.5459786681317,1.2304185883647853,2576.8301354259534,1.2428290788757308,2741.685741776592,1.2636872259408727,2390.396457633349,1.2380047820290225,2556.3539651202955,1.2493244035518203
263,2704.311512097451,1.277720184742801,2368.5459786681317,1.248849650700551,2576.8301354259534,1.237625273100195,2741.685741776592,1.2929054071413446,2390.396457633349,1.2330807165657987,2556.3539651202955,1.2580362464501382
264,2704.311512097451,1.2810521344765882,2368.5459786681317,1.2333131003368796,2576.8301354259534,1.24822470126544,2741.685741776592,1.2654549536880517,2390.396457633349,1.2291024685858187,2556.3539651202955,1.2514294716705556
265,2704.311512097451,1.3058932219196147,2368.5459786681317,1.2363798970043018,2576.8301354259534,1.2341576567935302,2741.685741776592,1.2737184357322449,2390.396457633349,1.2428210476075572,2556.3539651202955,1.2585940518114498
266,2704.311512097451,1.2823617020206204,2368.5459786681317,1.2683656179729628,2576.8301354259534,1.2646939879674266,2741.685741776592,1.2533082120369254,2390.396457633349,1.2419329139329889,2556.3539651202955,1.2621324867861847
267,2704.311512097451,1.2585708051329438,2368.5459786681317,1.2568404305843208,2576.8301354259534,1.254769117328814,2741.685741776592,1.2877376808280634,2390.396457633349,1.2493766429523616,2556.3539651202955,1.2614589353653005
268,2704.311512097451,1.2461328034668346,2368.5459786681317,1.2242219496665923,2576.8301354259534,1.2607403887510564,2741.685741776592,1.3091739347962883,2390.396457633349,1.2746760136810118,2556.3539651202955,1.2629890180723566
269,2704.311512097451,1.2352100014813086,2368.5459786681317,1.2185885166254538,2576.8301354259534,1.291229193826089,2741.685741776592,1.301614632195688,2390.396457633349,1.2539397894753206,2556.3539651202955,1.260116426720772
270,2704.311512097451,1.2273175668453804,2368.5459786681317,1.1954641572168585,2576.8301354259534,1.2641072615369144,2741.685741776592,1.2949079054467048,2390.396457633349,1.2222690943846903,2556.3539651202955,1.2408131970861098
271,2704.311512097451,1.2216118370651812,2368.5459786681317,1.209070976398496,2576.8301354259534,1.2250898998943205,2741.685741776592,1.2915769649678408,2390.396457633349,1.2214239149526478,2556.3539651202955,1.2337547186556972
272,2704.311512097451,1.2244619366794718,2368.5459786681317,1.2185835207387055,2576.8301354259534,1.204030455686233,2741.685741776592,1.2676481325963433,2390.396457633349,1.2350606434009859,2556.3539651202955,1.2299569378203477
273,2704.311512097451,1.2555348614043575,2368.5459786681317,1.2344199639001667,2576.8301354259534,1.2220051145663173,2741.685741776592,1.2381403601219407,2390.396457633349,1.2532060440769854,2556.3539651202955,1.2406612688139536
274,2704.311512097451,1.24307605637161,2368.5459786681317,1.2304582465094582,2576.8301354259534,1.238741873624918,2741.685741776592,1.2395424157914454,2390.396457633349,1.2416674463947437,2556.3539651202955,1.238697207738435
275,2704.311512097451,1.2559041962236241,2368.5459786681317,1.2366493796550473,2576.8301354259534,1.2438116668460453,2741.685741776592,1.2034387591821554,2390.396457633349,1.2174976825734227,2556.3539651202955,1.231460336896059
276,2704.311512097451,1.2338694925535487,2368.5459786681317,1.2150071829382358,2576.8301354259534,1.2729383244225423,2741.685741776592,1.205058747102247,2390.396457633349,1.1964707269127541,2556.3539651202955,1.2246688947858655
277,2704.311512097451,1.2517503221908808,2368.5459786681317,1.2448536420064409,2576.8301354259534,1.2725505011645317,2741.685741776592,1.2307000976764753,2390.396457633349,1.2173222979843825,2556.3539651202955,1.2434353722045421
278,2704.311512097451,1.2657955311181257,2368.5459786681317,1.1985439814644347,2576.8301354259534,1.2654879511518167,2741.685741776592,1.237458731924936,2390.396457633349,1.2573566722069276,2556.3539651202955,1.244928573573248
279,2704.311512097451,1.2905509372798907,2368.5459786681317,1.2276430817664197,2576.8301354259534,1.2766169201428388,2741.685741776592,1.2850491499170877,2390.396457633349,1.2414734662719364,2556.3539651202955,1.2642667110756347
280,2704.311512097451,1.2647637229010629,2368.5459786681317,1.2059210541188212,2576.8301354259534,1.266227734342505,2735.9524542200797,1.2654468523394622,2390.396457633349,1.2436666857130654,2555.2073076089932,1.2492052098829833
281,2704.311512097451,1.2388711730410145,2368.5459786681317,1.1870190238586287,2576.8301354259534,1.2550404102993786,2735.9524542200797,1.248168243850149,2390.396457633349,1.2537891290294336,2555.2073076089932,1.2365775960157208
282,2694.7021983988825,1.2332503747778027,2368.5459786681317,1.2251169898867655,2576.8301354259534,1.2619186580379147,2735.9524542200797,1.2675556223565905,2367.969360338762,1.247232583323143,2548.8000254103617,1.2470148456764434
283,2694.7021983988825,1.2079300548582335,2368.5459786681317,1.2242436822684988,2576.8301354259534,1.2788934649274186,2735.9524542200797,1.231338214224079,2367.969360338762,1.2571631678816986,2548.8000254103617,1.2399137168319858
284,2694.7021983988825,1.2520332723386056,2368.5459786681317,1.230274053425893,2576.8301354259534,1.2544924390998637,2735.9524542200797,1.242271665366701,2367.969360338762,1.2594807014624922,2548.8000254103617,1.247710426338711
285,2694.7021983988825,1.236056900609419,2368.5459786681317,1.2353496161762323,2576.8301354259534,1.2740353690315258,2735.9524542200797,1.2776685926962978,2367.969360338762,1.234750394029984,2548.8000254103617,1.2515721745086918
286,2694.7021983988825,1.244051033423394,2368.5459786681317,1.2645881224791549,2576.8301354259534,1.277194741774542,2735.9524542200797,1.2683826319469862,2367.969360338762,1.2022002615202902,2548.8000254103617,1.2512833582288736
287,2694.7021983988825,1.24213454688382,2368.5459786681317,1.2694138631895746,2576.8301354259534,1.2426410406216721,2735.9524542200797,1.2713886695363759,2367.969360338762,1.2337458850058556,2548.8000254103617,1.2518648010474596
288,2694.7021983988825,1.2463686914708496,2368.5459786681317,1.244088592563619,2576.8301354259534,1.2225470516071557,2735.9524542200797,1.2224774698126868,2367.969360338762,1.2340033110774073,2548.8000254103617,1.2338970233063438
289,2694.7021983988825,1.228281965378602,2368.5459786681317,1.275997943958006,2576.8301354259534,1.2483096384259045,2735.9524542200797,1.2093343098300149,2367.969360338762,1.2599676881036705,2548.8000254103617,1.2443783091392395
290,2694.7021983988825,1.2366940381313682,2368.5459786681317,1.3020893296181584,2576.8301354259534,1.237638431388117,2735.9524542200797,1.2585757312576284,2367.969360338762,1.2352945077420836,2548.8000254103617,1.254058407627471
291,2694.7021983988825,1.2283120272816728,2368.5459786681317,1.2901176882674024,2576.8301354259534,1.2627217408563776,2735.9524542200797,1.2915872396768504,2367.969360338762,1.2154949695298083,2548.8000254103617,1.2576467331224221
292,2694.7021983988825,1.229262574339885,2368.5459786681317,1.2971972848092235,2508.3235448773185,1.2533474502825706,2735.9524542200797,1.2692687800221265,2367.969360338762,1.2150245390961432,2535.0987073006354,1.2528201257099898
293,2694.7021983988825,1.2396728385780806,2368.5459786681317,1.2749797560887037,2508.3235448773185,1.2344206551431205,2735.9524542200797,1.2864315676218756,2312.513552650482,1.2326495604355494,2524.007545762979,1.253630875573466
294,2694.7021983988825,1.2434844292178677,2368.5459786681317,1.275344939937794,2508.3235448773185,1.2288931562373424,2735.9524542200797,1.2861893967551516,2312.513552650482,1.2376906547630357,2524.007545762979,1.2543205153822383
295,2694.7021983988825,1.245809457244634,2368.5459786681317,1.2531155262235085,2508.3235448773185,1.2362067202905787,2735.9524542200797,1.3103887591373078,2312.513552650482,1.2412397764107657,2524.007545762979,1.257352047861359
296,2694.7021983988825,1.2506381939070315,2368.5459786681317,1.2518362151309919,2508.3235448773185,1.2070826750378385,2735.9524542200797,1.295710474540521,2312.513552650482,1.2204375152024065,2524.007545762979,1.245141014763758
297,2694.7021983988825,1.2502968894466349,2368.5459786681317,1.2583993097834352,2508.3235448773185,1.2163100155722586,2735.9524542200797,1.2953553262729822,2312.513552650482,1.2474620031356125,2524.007545762979,1.2535647088421846
298,2694.7021983988825,1.2572745019658988,2368.5459786681317,1.253556713136384,2508.3235448773185,1.2144001017162733,2735.9524542200797,1.2873955064744957,2312.513552650482,1.2457268613343109,2524.007545762979,1.2516707369254727
299,2656.3099671764094,1.2461165765808815,2368.5459786681317,1.2420113219345343,2508.3235448773185,1.216474148161253,2735.9524542200797,1.2781162529297225,2312.513552650482,1.229838121316172,2516.3290995184843,1.2425112841845127
300,2656.3099671764094,1.2517948225494615,2368.5459786681317,1.2469657913612466,2508.3235448773185,1.2209745361674407,2735.9524542200797,1.2706935212370403,2312.513552650482,1.2325923517553568,2516.3290995184843,1.244604204614109
301,2656.3099671764094,1.2534631331162684,2368.5459786681317,1.2368225874211742,2508.3235448773185,1.2421648836703525,2735.9524542200797,1.2834764181101248,2312.513552650482,1.224807730356381,2516.3290995184843,1.2481469505348601
302,2656.3099671764094,1.2722481700413262,2368.5459786681317,1.2248275318074378,2508.3235448773185,1.2284031499148185,2735.9524542200797,1.2603083657930614,2312.513552650482,1.2184123642936144,2516.3290995184843,1.2408399163700516
303,2656.3099671764094,1.263725356493535,2368.5459786681317,1.242589480355115,2508.3235448773185,1.2406035869416434,2735.9524542200797,1.2717200280814047,2312.513552650482,1.2183402278593631,2516.3290995184843,1.247395735946212
304,2656.3099671764094,1.2968554851770868,2368.5459786681317,1.2430850881679039,2508.3235448773185,1.2474531681194758,2735.9524542200797,1.2570916599630098,2312.513552650482,1.2277101714491194,2516.3290995184843,1.254439114575319
305,2654.957115793727,1.2644933457352503,2368.5459786681317,1.2352832933161269,2481.9335460257917,1.2580628494522241,2735.9524542200797,1.2454032485020432,2312.513552650482,1.2119768608642478,2510.7805294716427,1.2430439195739784
306,2654.957115793727,1.257556906902421,2368.5459786681317,1.2140639047652793,2481.9335460257917,1.2306454657211146,2735.9524542200797,1.2582066227421498,2312.513552650482,1.1996301462514292,2510.7805294716427,1.232020609276479
307,2654.957115793727,1.258985709690571,2356.797662471657,1.2292081424350303,2481.9335460257917,1.2766802164269215,2735.9524542200797,1.2698959589792524,2312.513552650482,1.2070349180443587,2508.4308662323474,1.2483609891152267
308,2654.957115793727,1.265302282658777,2356.797662471657,1.2625670887951488,2481.9335460257917,1.2404606542799195,2735.9524542200797,1.2845487502968331,2312.513552650482,1.2363044602167985,2508.4308662323474,1.2578366472494953
309,2654.957115793727,1.2558940600311153,2356.797662471657,1.2410054215194763,2481.9335460257917,1.2458893341945865,2735.9524542200797,1.2815708061226292,2312.513552650482,1.2742411808085636,2508.4308662323474,1.2597201605352741
310,2654.957115793727,1.2737547015016402,2356.797662471657,1.2295841488549266,2481.9335460257917,1.2076206630750945,2735.9524542200797,1.2871937627400012,2312.513552650482,1.2575197049186921,2508.4308662323474,1.2511345962180709
311,2654.957115793727,1.2493539768366029,2356.797662471657,1.2252161196811737,2481.9335460257917,1.1746897887493628,2735.9524542200797,1.2506510532313753,2312.513552650482,1.2709461913464277,2508.4308662323474,1.2341714259689884
312,2654.957115793727,1.264531171948348,2356.797662471657,1.2229830163786595,2481.9335460257917,1.2002870063004079,2735.9524542200797,1.2330910951046967,2312.513552650482,1.2579110335423953,2508.4308662323474,1.2357606646549013
313,2654.957115793727,1.210268499939451,2356.797662471657,1.2370586246919721,2481.9335460257917,1.2091915644523432,2735.9524542200797,1.2526663179074218,2312.513552650482,1.2478722606573234,2508.4308662323474,1.2314114535297023
314,2654.957115793727,1.2107422601188582,2356.797662471657,1.2251388434703134,2481.9335460257917,1.2340226550961289,2735.9524542200797,1.2472792088957472,2312.513552650482,1.2319153895340569,2508.4308662323474,1.2298196714230207
315,2654.957115793727,1.2169767288925915,2356.797662471657,1.2401243486882072,2481.9335460257917,1.2110134258631873,2735.9524542200797,1.2637122230444988,2312.513552650482,1.2375622979660172,2508.4308662323474,1.2338778048909003
316,2654.957115793727,1.2013978212933132,2356.797662471657,1.2535998178671939,2481.9335460257917,1.2161130909497049,2735.9524542200797,1.2546082003387007,2312.513552650482,1.217568793330576,2508.4308662323474,1.2286575447558978
317,2654.957115793727,1.2133646667349958,2356.797662471657,1.2010066233926595,2472.324243099136,1.1883581857855852,2636.564526720605,1.270831441363776,2312.513552650482,1.2128359951913708,2486.6314201471214,1.2172793824936776
318,2654.957115793727,1.2437164336310131,2356.797662471657,1.2207382411205057,2472.324243099136,1.1865781067388097,2636.564526720605,1.2637209600160801,2312.513552650482,1.2059758492380193,2486.6314201471214,1.2241459181488854
319,2654.957115793727,1.2437647592152608,2356.797662471657,1.2289674496280403,2472.324243099136,1.192513505227223,2636.564526720605,1.2645455707525586,2312.513552650482,1.226813538388399,2486.6314201471214,1.2313209646422962
320,2654.957115793727,1.2527229876816688,2356.797662471657,1.2374575409351383,2472.324243099136,1.2182207521466784,2636.564526720605,1.2893780491825653,2312.513552650482,1.2363342707300844,2486.6314201471214,1.246822720135227
321,2654.957115793727,1.256690721942269,2356.797662471657,1.2095957337004155,2472.324243099136,1.2220592913203205,2636.564526720605,1.2948736376775005,2312.513552650482,1.2378796421680962,2486.6314201471214,1.2442198053617204
322,2654.957115793727,1.2358211592274997,2356.797662471657,1.240472857036568,2472.324243099136,1.2118860725424383,2636.564526720605,1.2613273055328251,2312.513552650482,1.2367016464995844,2486.6314201471214,1.2372418081677832
323,2654.957115793727,1.223597662244581,2356.797662471657,1.256161620116171,2472.324243099136,1.2230715620900519,2636.564526720605,1.30328337768853,2312.513552650482,1.2507232977235503,2486.6314201471214,1.251367503972577
324,2654.957115793727,1.2087599402742666,2356.797662471657,1.2714711536622862,2472.324243099136,1.234538730918672,2636.564526720605,1.2628613796674693,2312.513552650482,1.2239490233707597,2486.6314201471214,1.2403160455786906
325,2654.957115793727,1.2374971825825098,2356.797662471657,1.2910325411462267,2472.324243099136,1.2680217288453763,2636.564526720605,1.2791044704434176,2312.513552650482,1.2171550518809873,2486.6314201471214,1.2585621949797035
326,2654.957115793727,1.2522664273601978,2356.797662471657,1.289508037494102,2472.324243099136,1.273629159964706,2636.564526720605,1.2662736209498109,2312.513552650482,1.234516099249633,2486.6314201471214,1.2632386690036899
327,2654.957115793727,1.2156385642629184,2356.797662471657,1.287372965891055,2472.324243099136,1.2595985556683187,2636.564526720605,1.2768743042553927,2312.513552650482,1.2187899122307133,2486.6314201471214,1.2516548604616795
328,2654.957115793727,1.2239585770136538,2354.8508361687436,1.2513645478525262,2472.324243099136,1.2509920593374955,2636.564526720605,1.254579249642871,2312.513552650482,1.2518995027149458,2486.2420548865384,1.2465587873122985
329,2629.7500301677796,1.230294328579276,2354.8508361687436,1.2617143214143658,2472.324243099136,1.223541466585002,2636.564526720605,1.256990984411777,2312.513552650482,1.287153716690768,2481.2006377613493,1.251938963536238
330,2629.7500301677796,1.2166416798045943,2354.8508361687436,1.2353184398452333,2472.324243099136,1.2185695859213552,2636.564526720605,1.2514195540882702,2312.513552650482,1.2787664969439605,2481.2006377613493,1.2401431513206826
331,2629.7500301677796,1.2260400837501637,2354.8508361687436,1.2255312217080885,2472.324243099136,1.2075117234386084,2636.564526720605,1.2527005277610388,2312.513552650482,1.2615718438021846,2481.2006377613493,1.2346710800920166
332,2629.7500301677796,1.2189878439300372,2354.8508361687436,1.2055547137813873,2472.324243099136,1.2130605331787787,2636.564526720605,1.237012897806453,2312.513552650482,1.230243297920522,2481.2006377613493,1.2209718573234356
333,2629.7500301677796,1.2370597556180518,2354.8508361687436,1.2163574574992937,2472.324243099136,1.2482804889661083,2636.564526720605,1.2558538818605613,2312.513552650482,1.2631652873847479,2481.2006377613493,1.2441433742657526
334,2629.7500301677796,1.2500218848047975,2354.8508361687436,1.2630154935668574,2472.324243099136,1.232958372162435,2636.564526720605,1.2372794214413534,2312.513552650482,1.2578527596976086,2481.2006377613493,1.2482255863346103
335,2591.2858311795962,1.250101866685203,2354.8508361687436,1.271706744088985,2472.324243099136,1.2011973661540762,2636.564526720605,1.2427418795560812,2312.513552650482,1.2518842583748713,2473.5077979637126,1.2435264229718432
336,2591.2858311795962,1.2015733040824093,2354.8508361687436,1.2584655759397074,2472.324243099136,1.2256612251875982,2636.564526720605,1.2344875282543966,2312.513552650482,1.2497995207835881,2473.5077979637126,1.2339974308495398
337,2591.2858311795962,1.2343919632709832,2354.8508361687436,1.2670618655937975,2472.324243099136,1.2366246245140697,2636.564526720605,1.2661811947971855,2312.513552650482,1.2280443955472071,2473.5077979637126,1.2464608087446487
338,2591.2858311795962,1.2274900133625952,2354.8508361687436,1.259816622610938,2472.324243099136,1.2222782796024918,2636.564526720605,1.2686313048833875,2312.513552650482,1.229612690934077,2473.5077979637126,1.2415657822786978
339,2591.2858311795962,1.2013168174076923,2354.8508361687436,1.2644080057295317,2472.324243099136,1.2394509830858516,2636.564526720605,1.2906638195401805,2312.513552650482,1.2470798865075967,2473.5077979637126,1.2485839024541705
340,2591.2858311795962,1.1975643238663949,2354.8508361687436,1.2371797589649673,2472.324243099136,1.2384430871205743,2636.564526720605,1.2829462695948866,2312.513552650482,1.2229274840865705,2473.5077979637126,1.2358121847266788
341,2591.2858311795962,1.210843709809509,2354.8508361687436,1.2350711082543502,2472.324243099136,1.2259505081658144,2636.564526720605,1.2528182725444386,2312.513552650482,1.248159819045216,2473.5077979637126,1.2345686835638658
342,2591.2858311795962,1.2159125689788381,2354.8508361687436,1.2400759871325449,2460.569968783807,1.2210576351266125,2636.564526720605,1.2572824594221683,2312.513552650482,1.2571443077851934,2471.156943100647,1.2382945916890715
343,2591.2858311795962,1.2320055827922967,2354.8508361687436,1.243836552387407,2460.569968783807,1.210243491144065,2636.564526720605,1.2492829102411191,2312.513552650482,1.2284112770981823,2471.156943100647,1.2327559627326141
344,2591.2858311795962,1.2229447227248342,2354.8508361687436,1.240067639278552,2460.569968783807,1.206587153853269,2636.564526720605,1.2183613573908245,2312.513552650482,1.218491241608405,2471.156943100647,1.2212904229711772
345,2544.5412351575605,1.2224253877029687,2354.8508361687436,1.2381655689036215,2420.688889166596,1.189170236186619,2636.564526720605,1.1918335802580848,2312.513552650482,1.2107112688668937,2453.8318079727974,1.2104612083836375
346,2544.5412351575605,1.2052353676618135,2354.8508361687436,1.2590881849184454,2420.688889166596,1.2060496033742698,2636.564526720605,1.2312453028808548,2312.513552650482,1.2160024873932351,2453.8318079727974,1.2235241892457238
347,2544.5412351575605,1.2239122548495354,2354.8508361687436,1.2317525413015433,2420.688889166596,1.2321514791909216,2636.564526720605,1.229636929547044,2312.513552650482,1.2217486344431636,2453.8318079727974,1.2278403678664416
348,2544.5412351575605,1.2205587373834743,2354.8508361687436,1.251011455488375,2420.688889166596,1.234274462740852,2636.564526720605,1.253139856178437,2312.513552650482,1.2560587773982674,2453.8318079727974,1.2430086578378812
349,2544.5412351575605,1.235744901565423,2354.8508361687436,1.2132978297327515,2420.688889166596,1.230000160153493,2636.564526720605,1.2588946959876588,2312.513552650482,1.2637003510797826,2453.8318079727974,1.2403275877038216
350,2537.5845516426475,1.2691129640887608,2354.8508361687436,1.2517823342666456,2420.688889166596,1.2215476673490875,2636.564526720605,1.3059259890051347,2312.513552650482,1.2660172198263406,2452.4404712698147,1.262877234907194
351,2537.5845516426475,1.2439730913811375,2354.8508361687436,1.2160084377870795,2420.688889166596,1.2585089670580163,2636.564526720605,1.2940713610167394,2312.513552650482,1.2484190860159883,2452.4404712698147,1.252196188651792
352,2537.5845516426475,1.237147622204261,2354.8508361687436,1.2210734157699228,2420.688889166596,1.243700007024636,2636.564526720605,1.2753135669603781,2312.513552650482,1.223171585800308,2452.4404712698147,1.2400812395519012
353,2537.5845516426475,1.2430090025568123,2354.8508361687436,1.225843789788278,2420.688889166596,1.2686010574258868,2636.564526720605,1.2667212279654052,2312.513552650482,1.21133767116174,2452.4404712698147,1.2431025497796244
354,2537.5845516426475,1.2554079560575817,2354.8508361687436,1.2259979154962617,2420.688889166596,1.264495181239221,2636.564526720605,1.2442830687109216,2312.513552650482,1.1968880699175997,2452.4404712698147,1.2374144382843173
355,2537.5845516426475,1.253913764297498,2266.147877208537,1.2154820385325462,2420.688889166596,1.229113403121815,2636.564526720605,1.2626657542619597,2312.513552650482,1.2517622118240654,2434.6998794777733,1.242587434407577
356,2537.5845516426475,1.246708097733622,2266.147877208537,1.1998882236089952,2420.688889166596,1.2686238071965432,2636.564526720605,1.261252405738123,2312.513552650482,1.2493785250285179,2434.6998794777733,1.24517021186116
357,2537.5845516426475,1.2069287404838636,2266.147877208537,1.2121606709267003,2420.688889166596,1.2380840047580701,2636.564526720605,1.2640738819161021,2312.513552650482,1.2202075069236125,2434.6998794777733,1.22829096100167
358,2537.5845516426475,1.2110298480919786,2266.147877208537,1.2332478146864239,2420.688889166596,1.2590505064015582,2636.564526720605,1.26823525156367,2312.513552650482,1.230712048945427,2434.6998794777733,1.2404550939378116
359,2537.5845516426475,1.2121602469601829,2266.147877208537,1.25455577104658,2420.688889166596,1.2675425124932818,2636.564526720605,1.2635714172845085,2312.513552650482,1.2094651833778087,2434.6998794777733,1.2414590262324725
360,2537.5845516426475,1.2135459419897743,2266.147877208537,1.2572828605034558,2420.688889166596,1.251831868929168,2636.564526720605,1.264603464513593,2312.513552650482,1.2117327822728177,2434.6998794777733,1.2397993836417618
361,2537.5845516426475,1.2230911126172748,2266.147877208537,1.257804775078872,2420.688889166596,1.2712839291186453,2636.564526720605,1.2907752700052622,2312.513552650482,1.1837324273430807,2434.6998794777733,1.245337502832627
362,2537.5845516426475,1.225187039043447,2266.147877208537,1.2646315713945442,2420.688889166596,1.2723715551789478,2636.564526720605,1.2500159974731648,2312.513552650482,1.2065667826135118,2434.6998794777733,1.2437545891407233
363,2537.5845516426475,1.1966252031405757,2263.251008505648,1.2309607703067718,2420.688889166596,1.2517792539267638,2636.564526720605,1.2435786280008612,2312.513552650482,1.2077241880791867,2434.120505737196,1.2261336086908319
364,2537.5845516426475,1.2289877186956348,2263.251008505648,1.2289027927208873,2420.688889166596,1.2580629684136355,2636.564526720605,1.2423885790906937,2312.513552650482,1.2052372418967239,2434.120505737196,1.232715860163515
365,2537.5845516426475,1.1928508744536148,2263.251008505648,1.2155686889901787,2420.688889166596,1.2718146656532947,2636.564526720605,1.2555505851650564,2312.513552650482,1.1962027352341509,2434.120505737196,1.2263975098992588
366,2537.5845516426475,1.240793658732438,2263.251008505648,1.211040021493225,2420.688889166596,1.2343532235873975,2636.564526720605,1.2502054772448878,2312.513552650482,1.2067617307407266,2434.120505737196,1.228630822359735
367,2537.5845516426475,1.2189793518937788,2263.251008505648,1.2176785738099472,2420.688889166596,1.2480719152608597,2636.564526720605,1.268994706367253,2312.513552650482,1.2361644513163674,2434.120505737196,1.237977799729641
368,2537.5845516426475,1.2217959516945478,2263.251008505648,1.191276026055045,2420.688889166596,1.214749540802153,2636.564526720605,1.2698031727692671,2312.513552650482,1.2181547045053231,2434.120505737196,1.223155879165267
369,2537.5845516426475,1.2134590126291642,2263.251008505648,1.2159921245486875,2420.688889166596,1.2154094805375573,2636.564526720605,1.2688835572299415,2312.513552650482,1.196007104238322,2434.120505737196,1.2219502558367343
370,2537.5845516426475,1.22927490963365,2263.251008505648,1.2271171656948736,2420.688889166596,1.224315194692316,2636.564526720605,1.242578541774703,2312.513552650482,1.1993504440601934,2434.120505737196,1.2245272511711474
371,2537.5845516426475,1.2294718564701428,2263.251008505648,1.2293407503141334,2420.688889166596,1.1940231528419054,2636.564526720605,1.2353538059965947,2312.513552650482,1.1641822992491424,2434.120505737196,1.2104743729743837
372,2537.5845516426475,1.2055703554188333,2263.251008505648,1.2309935426044765,2420.688889166596,1.1994606421160416,2636.564526720605,1.2559157209503875,2312.513552650482,1.1968495634620762,2434.120505737196,1.217757964910363
373,2537.5845516426475,1.2400577166751612,2263.251008505648,1.2291500556571298,2420.688889166596,1.209711526276755,2636.564526720605,1.2880906731488533,2312.513552650482,1.2138820629570168,2434.120505737196,1.236178406942983
374,2537.5845516426475,1.1909656395446109,2263.251008505648,1.2218580539886543,2420.688889166596,1.1977788976748576,2636.564526720605,1.2743562390617906,2312.513552650482,1.2366539990860828,2434.120505737196,1.2243225658711991
375,2537.5845516426475,1.2245650434325588,2263.251008505648,1.208554837922501,2420.688889166596,1.2331350118531252,2636.564526720605,1.2324891672584377,2312.513552650482,1.2290497678454568,2434.120505737196,1.2255587656624158
376,2537.5845516426475,1.2546253171319366,2263.251008505648,1.2268554202384483,2420.688889166596,1.2441227585595018,2636.564526720605,1.276860221176845,2312.513552650482,1.2190507363859076,2434.120505737196,1.244302890698528
377,2537.5845516426475,1.2437267409108412,2263.251008505648,1.2433192660609649,2420.688889166596,1.2510897790708215,2636.564526720605,1.2602479578849528,2312.513552650482,1.1913232984881046,2434.120505737196,1.237941408483137
378,2537.5845516426475,1.2315875378007393,2263.251008505648,1.2415773021626817,2420.688889166596,1.2216690805043007,2636.564526720605,1.2113388849105795,2312.513552650482,1.184617039722273,2434.120505737196,1.2181579690201148
379,2537.5845516426475,1.249659328950702,2263.251008505648,1.2300818048521496,2420.688889166596,1.20991793562613,2636.564526720605,1.210643084474855,2309.989664469799,1.1599685214359285,2433.615728101059,1.212054135067953
380,2537.5845516426475,1.2383066331229422,2263.251008505648,1.206524243709482,2420.688889166596,1.1912730987018754,2636.564526720605,1.2419152623480714,2309.989664469799,1.187147713448326,2433.615728101059,1.2130333902661392
381,2537.5845516426475,1.216194174316965,2263.251008505648,1.2378988112578138,2420.688889166596,1.215802057079919,2636.564526720605,1.2281954976003784,2309.989664469799,1.1756167552380896,2433.615728101059,1.2147414590986332
382,2537.5845516426475,1.2153244244782018,2263.251008505648,1.2518988360791454,2420.688889166596,1.2251566517564625,2636.564526720605,1.2384150759246009,2309.989664469799,1.192458862501805,2433.615728101059,1.2246507701480431
383,2537.5845516426475,1.213139968030198,2263.251008505648,1.2381982258170237,2420.688889166596,1.2325004689877719,2636.564526720605,1.2495417583233628,2309.989664469799,1.204742975877405,2433.615728101059,1.2276246794071524
384,2537.5845516426475,1.2376389648537625,2263.251008505648,1.2309572774738828,2420.688889166596,1.2327243197788904,2636.564526720605,1.2511371323864902,2309.989664469799,1.218006745256008,2433.615728101059,1.2340928879498068
385,2537.5845516426475,1.2659233646951393,2263.251008505648,1.2409876895100347,2420.688889166596,1.193334123193366,2636.564526720605,1.2350545134129338,2309.989664469799,1.2346440771018983,2433.615728101059,1.2339887535826746
386,2537.5845516426475,1.239735212949432,2263.251008505648,1.25952347603832,2420.688889166596,1.1985005984240544,2636.564526720605,1.2404678940283078,2309.989664469799,1.2532397596105966,2433.615728101059,1.2382933882101421
387,2537.5845516426475,1.2334390550938448,2263.251008505648,1.2159516029740574,2398.0207119256484,1.2083630261120346,2636.564526720605,1.2880138416027798,2309.989664469799,1.244297109534635,2429.0820926528695,1.2380129270634703
388,2537.5845516426475,1.192499465768374,2263.251008505648,1.2229870409603012,2398.0207119256484,1.1982936526356778,2636.564526720605,1.2820740110954092,2309.989664469799,1.2254884940754849,2429.0820926528695,1.2242685329070493
389,2521.7250790536236,1.2144119005024538,2263.251008505648,1.2163787746756443,2398.0207119256484,1.1940654214590602,2636.564526720605,1.2680006867428533,2309.989664469799,1.233940813825352,2425.910198135065,1.225359519441073
390,2521.7250790536236,1.2532873229098513,2263.251008505648,1.21867904007061,2398.0207119256484,1.1962744404755055,2636.564526720605,1.2466407542884754,2309.989664469799,1.2512089936220796,2425.910198135065,1.2332181102733044
391,2521.7250790536236,1.2571174155359708,2263.251008505648,1.1807394073193977,2398.0207119256484,1.1820354129120765,2636.564526720605,1.2449188338201722,2309.989664469799,1.2505039631786512,2425.910198135065,1.2230630065532537
392,2521.7250790536236,1.2263901310533452,2263.251008505648,1.1906435253992598,2398.0207119256484,1.1990439448725918,2636.564526720605,1.2094004730642889,2309.989664469799,1.2764187973431922,2425.910198135065,1.2203793743465357
393,2521.7250790536236,1.2396312211192884,2263.251008505648,1.1763937181486968,2398.0207119256484,1.2040504463731865,2636.564526720605,1.2449931830511776,2309.989664469799,1.2879430027838563,2425.910198135065,1.2306023142952411
394,2521.7250790536236,1.2264699094586564,2263.251008505648,1.1903855519711497,2398.0207119256484,1.2067365796341576,2636.564526720605,1.2142129111500468,2309.989664469799,1.2474258351077796,2425.910198135065,1.2170461574643583
395,2521.7250790536236,1.2156064895276797,2263.251008505648,1.2079239728438216,2398.0207119256484,1.1922916103543655,2636.564526720605,1.2732765006233273,2309.989664469799,1.2338593831908686,2425.910198135065,1.2245915913080125
396,2521.7250790536236,1.2299946835472106,2263.251008505648,1.2085304959447276,2398.0207119256484,1.2181337350899215,2636.564526720605,1.2585332303227927,2309.989664469799,1.2425291991725251,2425.910198135065,1.2315442688154354
397,2521.7250790536236,1.2293904517188425,2263.251008505648,1.1940013814750394,2398.0207119256484,1.1993158790576008,2636.564526720605,1.2767877330509563,2309.989664469799,1.253483562528478,2425.910198135065,1.2305958015661835
398,2521.7250790536236,1.2037937165269328,2263.251008505648,1.1992175786051087,2398.0207119256484,1.2193662159189702,2636.564526720605,1.2600079979601067,2309.989664469799,1.2734435388129575,2425.910198135065,1.2311658095648152
399,2521.7250790536236,1.2176449741104498,2263.251008505648,1.2033514621619268,2398.0207119256484,1.238941124253374,2636.564526720605,1.2491449722544978,2309.989664469799,1.2563756911494273,2425.910198135065,1.2330916447859352
400,2521.7250790536236,1.2066611081093153,2263.251008505648,1.2308669840343383,2398.0207119256484,1.2204508057494219,2636.564526720605,1.2710799707278444,2309.989664469799,1.2370734831692187,2425.910198135065,1.2332264703580278
401,2521.7250790536236,1.2245022256890934,2263.251008505648,1.246452366840381,2398.0207119256484,1.2067718761375372,2636.564526720605,1.2461441027818014,2309.989664469799,1.222213825354468,2425.910198135065,1.2292168793606562
402,2521.7250790536236,1.2347297635376688,2263.251008505648,1.263355245977029,2398.0207119256484,1.2448555664078678,2636.564526720605,1.2198987261721603,2309.989664469799,1.203077280301524,2425.910198135065,1.2331833164792498
403,2521.7250790536236,1.2290947380636585,2263.251008505648,1.2288372202403277,2398.0207119256484,1.243249181401544,2636.564526720605,1.2271029310859647,2309.989664469799,1.2335201932469122,2425.910198135065,1.2323608528076815
404,2521.7250790536236,1.2228670756115925,2263.251008505648,1.2164367688380917,2398.0207119256484,1.266683810361076,2636.564526720605,1.193448236577424,2309.989664469799,1.2130904104000497,2425.910198135065,1.222505260357647
405,2521.7250790536236,1.2399021839996047,2263.251008505648,1.221463692904889,2398.0207119256484,1.2470352489980476,2636.564526720605,1.221691765156184,2309.989664469799,1.20090911777142,2425.910198135065,1.2262004017660293
406,2521.7250790536236,1.2383497899053535,2263.251008505648,1.2341597713956471,2398.0207119256484,1.2265462899973618,2636.564526720605,1.220953973169445,2309.989664469799,1.211084591200717,2425.910198135065,1.226218883133705
407,2521.7250790536236,1.2285229529952815,2263.251008505648,1.217362645475938,2398.0207119256484,1.1957709060629946,2636.066551062422,1.1941153746018769,2308.5994561286566,1.243977543560071,2425.5325613351997,1.2159498845392325
408,2521.7250790536236,1.2234483626787687,2263.251008505648,1.2078021572669528,2398.0207119256484,1.2052565085137465,2636.066551062422,1.2393994994804818,2308.5994561286566,1.2527593854012453,2425.5325613351997,1.2257331826682392
409,2521.7250790536236,1.2466737023041172,2263.251008505648,1.2186502471284721,2398.0207119256484,1.2444204540581545,2627.518201600682,1.2749461240348414,2308.5994561286566,1.2133003995955585,2423.822891442852,1.2395981854242286
410,2467.971126243355,1.2479952943754975,2263.251008505648,1.2208062655949543,2398.0207119256484,1.2196389829698364,2627.518201600682,1.2827095784726539,2308.5994561286566,1.1964105410473422,2413.072100880798,1.2335121324920568
411,2467.971126243355,1.2141130037506611,2263.251008505648,1.216055921792313,2398.0207119256484,1.263138806351254,2456.885384037983,1.239982111052546,2308.5994561286566,1.2220535683901081,2378.9455373682586,1.2310686822673764
412,2467.971126243355,1.2053294152374292,2263.251008505648,1.2152259855879979,2398.0207119256484,1.2275186792679669,2456.885384037983,1.2209678866890905,2308.5994561286566,1.216163162782925,2378.9455373682586,1.217041025913082
413,2467.971126243355,1.2088838259278305,2263.251008505648,1.20859893791249,2398.0207119256484,1.2193523929186527,2456.885384037983,1.2388965259806657,2308.5994561286566,1.2289796684981038,2378.9455373682586,1.2209422702475485
414,2467.971126243355,1.2120071106268397,2263.251008505648,1.2133675290430492,2398.0207119256484,1.2122457558383386,2456.885384037983,1.2624352017667857,2308.5994561286566,1.2124426451709884,2378.9455373682586,1.2224996484892003
415,2467.971126243355,1.216433054775682,2263.251008505648,1.2200643153271633,2398.0207119256484,1.2198079849458054,2456.885384037983,1.242122486785827,2308.5994561286566,1.2120104809709429,2378.9455373682586,1.222087664561084
416,2467.971126243355,1.2493327639798604,2263.251008505648,1.2030079502750588,2398.0207119256484,1.2124508137174752,2456.885384037983,1.2332628705125501,2308.5994561286566,1.2099157577439557,2378.9455373682586,1.22159403124578
417,2467.971126243355,1.2300969960285573,2263.251008505648,1.2248958317010636,2398.0207119256484,1.2420569055143804,2456.885384037983,1.2022679375330554,2308.5994561286566,1.2247119527225276,2378.9455373682586,1.224805924699917
418,2467.971126243355,1.21334331146273,2263.251008505648,1.2281007046653327,2393.6419316572856,1.2514776673043981,2456.885384037983,1.1996157043373195,2308.5994561286566,1.2394660153006127,2378.0697813145857,1.2264006806140786
419,2467.971126243355,1.2177628502394997,2263.251008505648,1.2102988321277255,2393.6419316572856,1.244697584659508,2456.885384037983,1.2221591561811422,2308.5994561286566,1.2170366717346486,2378.0697813145857,1.2223910189885048
420,2467.971126243355,1.2130816315480668,2263.251008505648,1.2270041868756878,2393.6419316572856,1.2656127107148964,2456.885384037983,1.2476919668481645,2308.5994561286566,1.212779446987183,2378.0697813145857,1.2332339885947998
421,2467.971126243355,1.1789140949852912,2263.251008505648,1.2228931138421517,2393.6419316572856,1.2440035185127225,2456.885384037983,1.2242988585797834,2308.5994561286566,1.243051946024778,2378.0697813145857,1.2226323063889455
422,2467.971126243355,1.1942671767590163,2263.251008505648,1.2599172804333363,2393.6419316572856,1.2355255372904228,2456.885384037983,1.186124145976174,2308.5994561286566,1.2154946467106618,2378.0697813145857,1.2182657574339222
423,2467.971126243355,1.2194974798233988,2263.251008505648,1.2301430409229217,2393.6419316572856,1.2110713827263442,2456.885384037983,1.191820712492641,2308.5994561286566,1.2243430719017767,2378.0697813145857,1.2153751375734163
424,2467.971126243355,1.228730305394385,2263.251008505648,1.2431260197275151,2393.6419316572856,1.213168210192691,2456.885384037983,1.1872723325126107,2308.5994561286566,1.2119527724397112,2378.0697813145857,1.2168499280533827
425,2467.971126243355,1.2024755571503887,2263.251008505648,1.2434606658825873,2393.6419316572856,1.214443746894511,2456.885384037983,1.210537428963749,2308.5994561286566,1.1886546735591705,2378.0697813145857,1.211914414490081
426,2467.971126243355,1.195773134537207,2263.251008505648,1.2283655775560554,2393.6419316572856,1.2026882681723043,2456.885384037983,1.2129338535638519,2308.5994561286566,1.2123900642687664,2378.0697813145857,1.210430179619637
427,2467.971126243355,1.2026673064091795,2263.251008505648,1.2468789502589794,2311.967670030199,1.2143157746610793,2456.885384037983,1.2225480029344387,2308.5994561286566,1.2236841033296397,2361.7349289891686,1.2220188275186632
428,2467.971126243355,1.2015263025658462,2263.251008505648,1.226801559840684,2311.967670030199,1.191062557222805,2456.885384037983,1.26684694971746,2247.011811252603,1.2181702387591669,2349.417400013958,1.2208815216211926
429,2467.971126243355,1.2099860427418747,2263.251008505648,1.2342578709991934,2311.967670030199,1.2361594031775562,2456.885384037983,1.3104676040157335,2247.011811252603,1.2016835861837527,2349.417400013958,1.2385109014236222
430,2467.971126243355,1.222097285346197,2263.251008505648,1.2277718292301791,2311.967670030199,1.2525239355977034,2456.885384037983,1.2737475612331326,2247.011811252603,1.2142568249246652,2349.417400013958,1.2380794872663754
431,2467.971126243355,1.2074482631691912,2263.251008505648,1.2021191771575055,2311.967670030199,1.2457911616201225,2456.885384037983,1.2721143367282008,2247.011811252603,1.2090979124337402,2349.417400013958,1.227314170221752
432,2467.971126243355,1.2020097688126354,2263.251008505648,1.2191319128701483,2311.967670030199,1.216904520724958,2456.885384037983,1.2612904779812029,2247.011811252603,1.2167747282476484,2349.417400013958,1.2232222817273186
433,2467.971126243355,1.2183387424687278,2263.251008505648,1.2570720972161855,2311.967670030199,1.2263827187982257,2456.885384037983,1.2385110606150924,2247.011811252603,1.241245145086669,2349.417400013958,1.23630995283698
434,2467.971126243355,1.2059450369761113,2263.251008505648,1.2364877535845105,2311.967670030199,1.184515291076236,2456.885384037983,1.2525215938336647,2247.011811252603,1.2545904092150164,2349.417400013958,1.2268120169371077
435,2467.971126243355,1.2106268842141399,2263.251008505648,1.2448359901668344,2311.967670030199,1.2070431652748763,2456.885384037983,1.2455643836612438,2247.011811252603,1.2478896984377115,2349.417400013958,1.231192024350961
436,2467.971126243355,1.2096559241282057,2263.251008505648,1.245520647546813,2311.967670030199,1.2099868223628325,2456.885384037983,1.220017054721868,2247.011811252603,1.2678735968031971,2349.417400013958,1.2306108091125831
437,2467.971126243355,1.229994109809266,2263.251008505648,1.2344444094694502,2311.967670030199,1.206853299530564,2456.885384037983,1.2231816556338246,2247.011811252603,1.269495979901301,2349.417400013958,1.2327938908688811
438,2467.971126243355,1.2361681845490942,2263.251008505648,1.2338373777442904,2311.967670030199,1.206930303149814,2456.885384037983,1.2346982144081697,2247.011811252603,1.2706363304409343,2349.417400013958,1.2364540820584604
439,2467.971126243355,1.2071331420483065,2263.251008505648,1.2169396781243766,2311.967670030199,1.2451541111421465,2456.885384037983,1.271744835572756,2247.011811252603,1.2473126595339672,2349.417400013958,1.2376568852843106
440,2467.971126243355,1.215670339343854,2263.251008505648,1.207084475366582,2311.967670030199,1.2459903858102346,2456.885384037983,1.2647816736521993,2247.011811252603,1.2524762403987588,2349.417400013958,1.2372006229143255
441,2467.971126243355,1.2135347132501226,2263.251008505648,1.2004042342328987,2311.967670030199,1.2543371105818202,2456.885384037983,1.2304954785486188,2247.011811252603,1.216960813301,2349.417400013958,1.223146469982892
442,2388.3399025823282,1.2404391601241842,2263.251008505648,1.2030623282900543,2311.967670030199,1.2787684336481473,2456.885384037983,1.2480112404447448,2247.011811252603,1.20758681194044,2333.4911552817525,1.2355735948895141
443,2388.3399025823282,1.2378048331506635,2263.251008505648,1.2018491373951183,2311.967670030199,1.241978155247293,2456.885384037983,1.2546807817273415,2247.011811252603,1.2531443232261041,2333.4911552817525,1.2378914461493042
444,2388.3399025823282,1.1956896158035943,2263.251008505648,1.2002294636068809,2311.967670030199,1.2298034841311811,2456.885384037983,1.22687666646513,2247.011811252603,1.258484488386079,2333.4911552817525,1.2222167436785731
445,2388.3399025823282,1.221387488611176,2263.251008505648,1.2092610012499618,2311.967670030199,1.2624879192139093,2456.885384037983,1.2308989160287445,2247.011811252603,1.2635620841632211,2333.4911552817525,1.2375194818534028
446,2388.3399025823282,1.2182074792791844,2263.251008505648,1.1751036072118792,2311.967670030199,1.2434739929733403,2456.885384037983,1.2226199434597067,2247.011811252603,1.2592540465681414,2333.4911552817525,1.2237318138984505
447,2388.3399025823282,1.2284513898374874,2263.251008505648,1.1869010733772876,2311.967670030199,1.2158229783181818,2456.885384037983,1.197118281105712,2247.011811252603,1.2408128707724246,2333.4911552817525,1.2138213186822187
448,2388.3399025823282,1.2324167231374208,2263.251008505648,1.1627319509333855,2311.967670030199,1.1973237378626782,2456.885384037983,1.210004285752488,2247.011811252603,1.2212000101618576,2333.4911552817525,1.204735341569566
449,2388.3399025823282,1.2435703399719904,2263.251008505648,1.1676122366748625,2311.967670030199,1.2233775603648058,2456.885384037983,1.2062779277831486,2247.011811252603,1.2274437939974099,2333.4911552817525,1.2136563717584434
450,2388.3399025823282,1.2455452276452215,2263.251008505648,1.1918866824136716,2311.967670030199,1.2316272457367647,2456.885384037983,1.1923450108976368,2247.011811252603,1.2097831057485875,2333.4911552817525,1.2142374544883765
451,2388.3399025823282,1.1901546977349975,2263.251008505648,1.166402651763926,2311.967670030199,1.2246408863341773,2456.885384037983,1.2242778538469745,2247.011811252603,1.1980094543114626,2333.4911552817525,1.2006971087983076
452,2388.3399025823282,1.188632954980588,2263.251008505648,1.2033438594721377,2311.967670030199,1.2035941030430735,2456.885384037983,1.2119813758332507,2247.011811252603,1.2287491456150228,2333.4911552817525,1.2072602877888146
453,2388.3399025823282,1.18487662448379,2263.251008505648,1.206607126471093,2311.967670030199,1.22283052552356,2456.885384037983,1.2212634628880419,2247.011811252603,1.199607163184582,2333.4911552817525,1.2070369805102135
454,2388.3399025823282,1.2001101971712491,2263.251008505648,1.208579675498437,2311.967670030199,1.2561257580761547,2456.885384037983,1.2308705089393566,2247.011811252603,1.2264881667892171,2333.4911552817525,1.2244348612948828
455,2388.3399025823282,1.2007209952903517,2263.251008505648,1.2222794331728923,2311.967670030199,1.2261252225493369,2456.885384037983,1.251521566492356,2247.011811252603,1.2555274696479368,2333.4911552817525,1.2312349374305747
456,2388.3399025823282,1.194987237708966,2263.251008505648,1.234259475077783,2311.967670030199,1.1789719593159977,2456.885384037983,1.2376790871475227,2247.011811252603,1.2597640493019253,2333.4911552817525,1.221132361710439
457,2388.3399025823282,1.1891308400485021,2263.251008505648,1.251578203924657,2311.967670030199,1.178495676701187,2456.885384037983,1.2501338952329182,2247.011811252603,1.2626118689122954,2333.4911552817525,1.226390096963912
458,2388.3399025823282,1.1964145102260326,2263.251008505648,1.2351329598979914,2311.967670030199,1.1688790835863088,2456.885384037983,1.2666004802596231,2247.011811252603,1.2555814364136828,2333.4911552817525,1.2245216940767278
459,2388.3399025823282,1.189153785691036,2263.251008505648,1.2427655743950201,2311.967670030199,1.1809067900984762,2456.885384037983,1.2358436946640292,2247.011811252603,1.2482912581002035,2333.4911552817525,1.219392220589753
460,2388.3399025823282,1.1859746592601872,2263.251008505648,1.2139804095540225,2311.967670030199,1.1832227718553745,2456.885384037983,1.2142522161260183,2247.011811252603,1.2197733292081838,2333.4911552817525,1.203440677200757
461,2388.3399025823282,1.2145530938545253,2263.251008505648,1.2161534410876065,2311.967670030199,1.1914623446257169,2456.885384037983,1.2462219934518501,2247.011811252603,1.2183537111101286,2333.4911552817525,1.2173489168259655
462,2388.3399025823282,1.2163803845695345,2263.251008505648,1.2038626607912866,2311.967670030199,1.2015951279469306,2456.885384037983,1.2640980020684225,2247.011811252603,1.2040196476198457,2333.4911552817525,1.2179911645992039
463,2388.3399025823282,1.244422509901255,2263.251008505648,1.1885129608097287,2311.967670030199,1.1801777111856901,2456.885384037983,1.241273795724609,2247.011811252603,1.2284775746511343,2333.4911552817525,1.2165729104544836
464,2388.3399025823282,1.2577338151006172,2263.251008505648,1.2082365590396635,2311.967670030199,1.1487948389851377,2456.885384037983,1.2635677884608918,2247.011811252603,1.2119422714851265,2333.4911552817525,1.2180550546142874
465,2388.3399025823282,1.206624316710428,2263.251008505648,1.1874750849374869,2311.967670030199,1.164528252341629,2456.885384037983,1.2400522560882685,2247.011811252603,1.1945121525555753,2333.4911552817525,1.1986384125266774
466,2388.3399025823282,1.200806260122538,2263.251008505648,1.1907782219628436,2311.967670030199,1.1645169741410621,2456.885384037983,1.2484733399120105,2247.011811252603,1.2119099395670048,2333.4911552817525,1.2032969471410917
467,2388.3399025823282,1.1824982446344525,2263.251008505648,1.1924693245913183,2311.967670030199,1.1822197445740226,2456.885384037983,1.2370890741807523,2247.011811252603,1.2387074921834695,2333.4911552817525,1.2065967760328031
468,2388.3399025823282,1.221442248635386,2263.251008505648,1.2215832148679868,2311.967670030199,1.1795813025889563,2456.885384037983,1.2483021529562284,2247.011811252603,1.218869769597567,2333.4911552817525,1.217955737729225
469,2388.3399025823282,1.2219239076276982,2263.251008505648,1.1836212500258991,2311.967670030199,1.1946909296780333,2456.885384037983,1.244821510588598,2247.011811252603,1.2328727239030273,2333.4911552817525,1.2155860643646512
470,2388.3399025823282,1.2580070903738017,2263.251008505648,1.1715436624408995,2311.967670030199,1.1956169345103749,2456.885384037983,1.252567512122804,2247.011811252603,1.2196086020750847,2333.4911552817525,1.219468760304593
471,2388.3399025823282,1.2250343039988902,2263.251008505648,1.1797918380328283,2311.967670030199,1.1823268546943382,2456.885384037983,1.2674264600993523,2247.011811252603,1.198016328834376,2333.4911552817525,1.210519157131957
472,2388.3399025823282,1.2280256579994404,2263.251008505648,1.205451067795486,2311.967670030199,1.1830455272340723,2456.885384037983,1.2441223444444847,2247.011811252603,1.1788789576038283,2333.4911552817525,1.2079047110154622
473,2388.3399025823282,1.2249443519421699,2263.251008505648,1.1769050549669038,2311.967670030199,1.2064422540100754,2456.885384037983,1.2664418962239439,2247.011811252603,1.1971867351605079,2333.4911552817525,1.2143840584607202
474,2388.3399025823282,1.2451405438844823,2263.251008505648,1.1964380454135328,2311.967670030199,1.1818218262310114,2456.885384037983,1.2467337587888006,2247.011811252603,1.2420983420377472,2333.4911552817525,1.2224465032711147
475,2388.3399025823282,1.2812816651115833,2263.251008505648,1.2310156357011204,2311.967670030199,1.1970498555651177,2456.885384037983,1.242479841304379,2247.011811252603,1.2596831532791888,2333.4911552817525,1.242302030192278
476,2388.3399025823282,1.2821760514930511,2263.251008505648,1.2350636755035211,2311.967670030199,1.2087126367118628,2456.885384037983,1.256172428268271,2247.011811252603,1.263990173795008,2333.4911552817525,1.2492229931543428
477,2388.3399025823282,1.2600757070346364,2263.251008505648,1.2443644021152278,2311.967670030199,1.2015827542831394,2456.885384037983,1.2211302365175165,2247.011811252603,1.2490172008677705,2333.4911552817525,1.235234060163658
478,2388.3399025823282,1.2236863220182599,2263.251008505648,1.2205396936527868,2311.967670030199,1.2125094998173827,2456.885384037983,1.2090022469524633,2247.011811252603,1.269883848450086,2333.4911552817525,1.2271243221781956
479,2388.3399025823282,1.2349470704061127,2263.251008505648,1.3008580182469096,2311.967670030199,1.2062269499625657,2456.885384037983,1.207404899133545,2247.011811252603,1.2385935847734602,2333.4911552817525,1.2376061045045188
480,2388.3399025823282,1.2118279837045873,2263.251008505648,1.2535945658781444,2311.967670030199,1.195662887848784,2456.885384037983,1.2201586880754642,2247.011811252603,1.238507523433704,2333.4911552817525,1.2239503297881367
481,2388.3399025823282,1.2257505350702254,2263.251008505648,1.2390043671591564,2311.967670030199,1.2085916449984686,2456.885384037983,1.2543533613518028,2247.011811252603,1.2433988440533723,2333.4911552817525,1.234219750526605
482,2388.3399025823282,1.2268861515772072,2263.251008505648,1.2552066935630717,2311.967670030199,1.2088072639843177,2456.885384037983,1.25240547166056,2247.011811252603,1.2160906136759384,2333.4911552817525,1.231879238892219
483,2388.3399025823282,1.2350108813055467,2263.251008505648,1.231850090411555,2311.967670030199,1.2016491998273215,2456.885384037983,1.2612171772525949,2247.011811252603,1.2186373513582547,2333.4911552817525,1.2296729400310547
484,2388.3399025823282,1.245766721827578,2263.251008505648,1.2250214138690925,2311.967670030199,1.2149575607253835,2456.885384037983,1.240468463007678,2247.011811252603,1.22225103190302,2333.4911552817525,1.2296930382665505
485,2388.3399025823282,1.1934703794455215,2263.251008505648,1.2340093201600992,2311.967670030199,1.2189798802255623,2456.885384037983,1.2238943765799772,2247.011811252603,1.229110235345917,2333.4911552817525,1.2198928383514154
486,2388.3399025823282,1.218102537707122,2263.251008505648,1.2426517724745165,2311.967670030199,1.2146822018334202,2456.885384037983,1.2611867964783674,2247.011811252603,1.2092447554515933,2333.4911552817525,1.2291736127890036
487,2388.3399025823282,1.1953705021570233,2263.251008505648,1.2348455375682454,2311.967670030199,1.200989248910516,2456.885384037983,1.2259210960758133,2247.011811252603,1.2034836227327597,2333.4911552817525,1.2121220014888716
488,2388.3399025823282,1.2369882959794596,2263.251008505648,1.226841016994444,2311.967670030199,1.2135806597458816,2456.885384037983,1.2138137437279026,2247.011811252603,1.2120806529422052,2333.4911552817525,1.2206608738779785
489,2388.3399025823282,1.2447013745061108,2263.251008505648,1.215143642681812,2311.967670030199,1.2318994687301696,2456.885384037983,1.2220549689514593,2247.011811252603,1.2233554542108114,2333.4911552817525,1.2274309818160727
490,2388.3399025823282,1.229636346172585,2263.251008505648,1.2349222013515175,2311.967670030199,1.2216707250118122,2456.885384037983,1.225563393017687,2247.011811252603,1.241413308235192,2333.4911552817525,1.2306411947577587
491,2388.3399025823282,1.2399631504873958,2263.251008505648,1.233026997825867,2311.967670030199,1.218388001512298,2456.885384037983,1.206701151237403,2247.011811252603,1.2432343607609186,2333.4911552817525,1.2282627323647766
492,2388.3399025823282,1.258888445006682,2263.251008505648,1.2412556298224386,2311.967670030199,1.2105839181109699,2456.885384037983,1.2418649354700293,2247.011811252603,1.2240244233680915,2333.4911552817525,1.2353234703556422
493,2388.3399025823282,1.2119303827917554,2263.251008505648,1.236677393819036,2311.967670030199,1.1937309504947562,2456.885384037983,1.2243588355997166,2247.011811252603,1.2162067653971862,2333.4911552817525,1.21658086562049
494,2388.3399025823282,1.2515071237265243,2263.251008505648,1.216840714516787,2311.967670030199,1.1810747097566419,2456.885384037983,1.2546315554705867,2247.011811252603,1.2138324980511892,2333.4911552817525,1.2235773203043459
495,2388.3399025823282,1.2639897037049361,2263.251008505648,1.2151628413023987,2311.967670030199,1.1784562139579806,2456.885384037983,1.2274123411689444,2247.011811252603,1.1977256469921789,2333.4911552817525,1.216549349425288
496,2388.3399025823282,1.2600521754126823,2263.251008505648,1.1925401674052447,2311.967670030199,1.2133355587688686,2456.885384037983,1.256681924952399,2247.011811252603,1.2209835135892761,2333.4911552817525,1.228718668025694
497,2388.3399025823282,1.238482486396274,2263.251008505648,1.1755704117220778,2311.967670030199,1.1988917766390284,2456.885384037983,1.2292239665093816,2247.011811252603,1.2056119567395902,2333.4911552817525,1.2095561196012703
498,2388.3399025823282,1.2068881993644305,2263.251008505648,1.1702555413482134,2311.967670030199,1.1966757367268546,2456.885384037983,1.2319429579754213,2247.011811252603,1.2254038788710035,2333.4911552817525,1.2062332628571846
499,2388.3399025823282,1.187759571278775,2263.251008505648,1.2084589240953727,2311.967670030199,1.1937817417188616,2456.885384037983,1.265598295098058,2247.011811252603,1.2348807435939737,2333.4911552817525,1.218095855157008
500,2388.3399025823282,1.1830271299392385,2263.251008505648,1.2178785816420101,2311.967670030199,1.204777058953994,2456.885384037983,1.2570329392560873,2247.011811252603,1.2260499438693029,2333.4911552817525,1.2177531307321263
