generation,fitness_run_1,diversity_run_1,fitness_run_2,diversity_run_2,fitness_run_3,diversity_run_3,fitness_run_4,diversity_run_4,fitness_run_5,diversity_run_5,fitness_average,diversity_average
1,3768.854132370881,4.062467048374335,3798.523511643758,4.059509832755702,3711.395130008769,4.039917846829458,3655.339126519979,4.0944596109486575,3696.07228940781,4.061017799796936,3726.0368379902393,4.063474427741018
2,3768.854132370881,4.08026761456957,3522.529736179452,4.061837746220327,3711.395130008769,4.057254296898456,3641.253845227521,4.080227405790538,3696.07228940781,4.074185198788123,3668.0210266388867,4.070754452453403
3,3768.854132370881,4.092005128241373,3522.529736179452,4.0339348021669075,3693.453235184046,4.047646524583855,3641.253845227521,4.069530006737757,3696.07228940781,4.05477734928096,3664.432647673942,4.059578762202171
4,3678.2515938205656,4.064752843612021,3522.529736179452,4.043101484373815,3693.453235184046,4.047210609106391,3641.253845227521,4.104829579321059,3676.2497874311716,3.9819348031059505,3642.347639568551,4.048365863903848
5,3678.2515938205656,4.034768546415763,3522.529736179452,4.0268370458477065,3693.453235184046,4.086562079086636,3641.253845227521,4.099970843301769,3676.2497874311716,3.983653852966079,3642.347639568551,4.046358473523591
6,3617.3887780882683,4.002673953395692,3522.529736179452,4.017467361999166,3693.453235184046,4.069710940277472,3641.253845227521,4.101698157997917,3676.2497874311716,4.014872979857091,3630.1750764220915,4.041284678705468
7,3617.3887780882683,4.007033519449691,3522.529736179452,4.020242067945614,3693.453235184046,4.126601708282923,3641.253845227521,4.057919360162718,3676.2497874311716,4.075367616998153,3630.1750764220915,4.0574328545678195
8,3617.3887780882683,4.023315463892252,3522.529736179452,4.069298969037056,3693.453235184046,4.126127925383213,3641.253845227521,4.01207251904903,3676.2497874311716,4.071153600950184,3630.1750764220915,4.060393695662347
9,3617.3887780882683,4.0087275668399975,3522.529736179452,4.036796877740436,3684.8019697938244,4.10755861546734,3641.253845227521,4.049853316516174,3676.2497874311716,4.1087668816907685,3628.4448233440476,4.062340651650944
10,3617.3887780882683,4.035088344133938,3522.529736179452,4.059526217167116,3684.8019697938244,4.0863943138707475,3641.253845227521,4.037523004374711,3623.320232652229,4.104521266742751,3617.8589123882593,4.064610629257852
11,3617.3887780882683,4.031928049867305,3522.529736179452,4.0641426509791545,3614.4689592481204,4.03362579247849,3641.253845227521,4.056144892028109,3623.320232652229,4.076305587636534,3603.7923102791183,4.052429394597918
12,3617.3887780882683,4.05591524217038,3522.529736179452,4.0497113206523165,3614.4689592481204,4.08525547715994,3641.253845227521,4.0368640194483065,3623.320232652229,4.079676905258691,3603.7923102791183,4.061484592937926
13,3617.3887780882683,4.033346436521447,3522.529736179452,4.056452994487353,3614.4689592481204,4.021521738692431,3641.253845227521,4.057592876744808,3623.320232652229,4.088762641322605,3603.7923102791183,4.051535337553728
14,3617.3887780882683,4.000337350511354,3522.529736179452,4.031804911363349,3614.4689592481204,4.0752749728870405,3641.253845227521,4.02729849020534,3623.320232652229,4.068469985037533,3603.7923102791183,4.040637142000923
15,3617.3887780882683,3.997726475528057,3522.529736179452,4.0108097839188135,3614.4689592481204,4.058110746883835,3641.253845227521,4.00558331069817,3623.320232652229,4.085055428648958,3603.7923102791183,4.031457149135567
16,3617.3887780882683,4.028050693230937,3522.529736179452,4.049320639923883,3614.4689592481204,4.030196924444036,3641.253845227521,4.0063864873603,3623.320232652229,4.08879160320396,3603.7923102791183,4.040549269632623
17,3617.3887780882683,4.055669176723283,3522.529736179452,4.04649974665498,3614.4689592481204,4.053163673797942,3568.8420332454934,4.000858073353757,3623.320232652229,4.048836726991965,3589.3099478827125,4.041005479504386
18,3617.3887780882683,4.033346782299449,3522.529736179452,4.0692199770658,3612.075393188203,4.085104423643798,3568.8420332454934,4.043707430931102,3623.320232652229,4.059178258693962,3588.831234670729,4.058111374526822
19,3617.3887780882683,3.994286562524309,3522.529736179452,4.041222496996987,3612.075393188203,4.067046293401801,3568.8420332454934,4.069558665910749,3623.320232652229,4.0605398524621705,3588.831234670729,4.046530774259203
20,3617.3887780882683,4.057312271464485,3522.529736179452,4.005659940191767,3612.075393188203,4.011338236196545,3568.8420332454934,4.05210312992323,3623.320232652229,4.073740678514355,3588.831234670729,4.040030851258076
21,3617.3887780882683,4.115998341776437,3522.529736179452,4.0255027493744775,3612.075393188203,4.036848494141922,3568.8420332454934,4.0331445774574615,3623.320232652229,4.044172721966956,3588.831234670729,4.051133376943451
22,3617.3887780882683,4.120389665571171,3522.529736179452,4.054057833632987,3507.832342863188,4.058851261062635,3568.8420332454934,4.006105552204779,3623.320232652229,4.058908658687065,3567.982624605726,4.059662594231727
23,3617.3887780882683,4.11106698524768,3522.529736179452,4.063314597522696,3507.832342863188,4.0726378783189965,3568.8420332454934,4.011408317687942,3623.320232652229,4.102376654529847,3567.982624605726,4.072160886661432
24,3617.3887780882683,4.1071997167105305,3522.529736179452,4.083446376543289,3507.832342863188,4.0681207730574185,3568.8420332454934,4.0357948742782765,3623.320232652229,4.055263211985145,3567.982624605726,4.069964990514932
25,3617.3887780882683,4.069822615652289,3522.529736179452,4.078311584611898,3507.832342863188,4.111851767273402,3568.8420332454934,4.055973031066218,3623.320232652229,4.056814354406441,3567.982624605726,4.0745546706020495
26,3617.3887780882683,4.031452751574381,3522.529736179452,4.059021875965644,3507.832342863188,4.086625081524281,3568.8420332454934,4.043851207237294,3623.320232652229,4.044906101216001,3567.982624605726,4.053171403503521
27,3617.3887780882683,4.050566924115037,3522.529736179452,4.049334965655352,3507.832342863188,4.095370006812271,3568.8420332454934,3.999854310102419,3623.320232652229,4.034968679539269,3567.982624605726,4.046018977244869
28,3617.3887780882683,4.078845571645375,3522.529736179452,4.079971829651824,3507.832342863188,4.102148149119333,3568.8420332454934,4.024325931487904,3623.320232652229,4.0679841854403165,3567.982624605726,4.070655133468951
29,3617.3887780882683,4.040075302118223,3522.529736179452,4.089425437219195,3507.832342863188,4.076467739852133,3568.8420332454934,4.016660475027633,3623.320232652229,4.06983528524773,3567.982624605726,4.058492847892984
30,3617.3887780882683,4.082922680738444,3522.529736179452,4.060675886833349,3507.832342863188,4.071891205506004,3568.8420332454934,4.035779480120045,3623.320232652229,4.094468885657736,3567.982624605726,4.069147627771115
31,3617.3887780882683,4.089462658732863,3522.529736179452,4.037272209484849,3507.832342863188,4.0636095592997785,3568.8420332454934,4.035574647438775,3623.320232652229,4.054889999141217,3567.982624605726,4.056161814819497
32,3617.3887780882683,4.075296510335881,3522.529736179452,4.036554449594297,3507.832342863188,4.069729521625538,3568.8420332454934,4.01520056236268,3623.320232652229,4.0657858375965255,3567.982624605726,4.052513376302985
33,3617.3887780882683,4.092588105845772,3522.529736179452,4.072579614639476,3507.832342863188,4.06311658696599,3568.8420332454934,4.056903398370766,3623.320232652229,4.062522410464638,3567.982624605726,4.069542023257329
34,3600.360936007344,4.085842566999698,3522.529736179452,4.056255380271665,3507.832342863188,4.042592328545207,3568.8420332454934,4.030794879006179,3623.320232652229,4.021023208786803,3564.5770561895415,4.047301672721911
35,3600.360936007344,4.091316122036057,3522.529736179452,4.06435606064739,3507.832342863188,4.015229961897762,3568.8420332454934,4.031170623269314,3623.320232652229,4.008765607144488,3564.5770561895415,4.0421676749990025
36,3600.360936007344,4.077667023962683,3522.529736179452,4.0729255742349135,3507.832342863188,4.02424936658263,3568.8420332454934,4.03563532793401,3623.320232652229,4.040399480687794,3564.5770561895415,4.050175354680407
37,3600.360936007344,4.047207610185434,3522.529736179452,4.048480772597409,3507.832342863188,4.066248190102023,3568.8420332454934,4.02473381017835,3623.320232652229,4.05681664016771,3564.5770561895415,4.048697404646186
38,3600.360936007344,4.051453367007293,3522.529736179452,4.042605019439583,3507.832342863188,4.07179847087862,3568.8420332454934,4.029174208946524,3623.320232652229,4.0217193208397255,3564.5770561895415,4.04335007742235
39,3600.360936007344,4.06441933098858,3522.529736179452,4.049688895152851,3507.832342863188,4.073544127028772,3568.8420332454934,3.9978571790936184,3623.320232652229,4.054071211553198,3564.5770561895415,4.047916148763404
40,3600.360936007344,4.10020812150727,3522.529736179452,4.039650522900918,3507.832342863188,4.068599948647213,3568.8420332454934,4.029021499292766,3623.320232652229,4.077328669750849,3564.5770561895415,4.062961752419803
41,3600.360936007344,4.127492483111352,3522.529736179452,4.029938684002605,3507.832342863188,4.121364688255704,3568.8420332454934,4.033370218319143,3623.320232652229,4.088152431262872,3564.5770561895415,4.080063700990335
42,3600.360936007344,4.091406800378062,3522.529736179452,4.040600568772401,3507.832342863188,4.134183979573872,3568.8420332454934,4.036622663069596,3623.320232652229,4.080060495832103,3564.5770561895415,4.076574901525207
43,3600.360936007344,4.03452268694888,3522.529736179452,4.046675644750347,3507.832342863188,4.0851307224829005,3372.5908857386203,4.068949237219315,3623.320232652229,4.062082448952922,3525.3268266881664,4.059472148070872
44,3600.360936007344,4.053906167832219,3522.529736179452,4.061750864897961,3507.832342863188,4.091471736383081,3372.5908857386203,4.001979931314249,3623.320232652229,4.078533206939005,3525.3268266881664,4.057528381473302
45,3600.360936007344,4.039642785269905,3522.529736179452,4.077266601107828,3507.832342863188,4.084074525754261,3372.5908857386203,4.016793570951434,3623.320232652229,4.091799254203584,3525.3268266881664,4.061915347457402
46,3600.360936007344,4.030042180687824,3522.529736179452,4.055175144125165,3507.832342863188,4.095860015874214,3372.5908857386203,4.028663740777599,3623.320232652229,4.067511232970486,3525.3268266881664,4.055450462887057
47,3600.360936007344,4.043621010996808,3522.529736179452,4.069782494892311,3507.832342863188,4.108824065459594,3372.5908857386203,4.009300788344782,3623.320232652229,4.038434920010832,3525.3268266881664,4.053992655940865
48,3600.360936007344,4.037726160678849,3522.529736179452,4.0600738052215135,3507.832342863188,4.10691883900487,3372.5908857386203,4.063194152379098,3623.320232652229,4.038768540439213,3525.3268266881664,4.061336299544709
49,3600.360936007344,4.059744406420567,3522.529736179452,4.032804136324625,3507.832342863188,4.073763722416607,3372.5908857386203,4.086383217525709,3623.320232652229,4.027291994625903,3525.3268266881664,4.055997495462682
50,3600.360936007344,4.075066767795907,3522.529736179452,4.031163206556267,3507.832342863188,4.094703338784227,3372.5908857386203,4.03354896194193,3623.320232652229,4.067365975168941,3525.3268266881664,4.060369650049455
51,3600.360936007344,4.09232571799663,3522.529736179452,4.027695095881215,3507.832342863188,4.104428297490132,3372.5908857386203,4.038736730356583,3623.320232652229,4.077395294684562,3525.3268266881664,4.068116227281824
52,3600.360936007344,4.06259868617144,3522.529736179452,4.033244885488456,3507.832342863188,4.080379996193271,3372.5908857386203,4.0138272335078025,3623.320232652229,4.071960671149537,3525.3268266881664,4.052402294502101
53,3600.360936007344,4.0168132897315845,3522.529736179452,4.077775536298278,3507.832342863188,4.11637975035055,3372.5908857386203,4.046057947933207,3623.320232652229,4.055549951795379,3525.3268266881664,4.062515295221799
54,3600.360936007344,3.98289576033881,3522.529736179452,4.08933389988574,3507.832342863188,4.136851535675797,3372.5908857386203,4.007254406508171,3623.320232652229,4.0131780460538105,3525.3268266881664,4.045902729692466
55,3600.360936007344,4.036664976634996,3522.529736179452,4.086660107225877,3507.832342863188,4.1074039913556755,3372.5908857386203,3.995657952085742,3623.320232652229,4.007591298972425,3525.3268266881664,4.046795665254943
56,3600.360936007344,4.057293587758528,3522.529736179452,4.06449111858246,3507.832342863188,4.1122012044062775,3372.5908857386203,3.995485797323442,3623.320232652229,3.988466719185957,3525.3268266881664,4.0435876854513335
57,3600.360936007344,4.095590728615405,3522.529736179452,4.044311093359,3507.832342863188,4.106728979670009,3372.5908857386203,4.010096323803306,3623.320232652229,4.028809002371018,3525.3268266881664,4.0571072255637475
58,3600.360936007344,4.058083568833125,3522.529736179452,4.050446025296744,3507.832342863188,4.101754812112314,3372.5908857386203,4.030289039176017,3623.320232652229,4.034469493581462,3525.3268266881664,4.055008587799932
59,3600.360936007344,4.050212528436605,3522.529736179452,4.0689815163007905,3507.832342863188,4.1190929895562665,3372.5908857386203,4.044263024161185,3623.320232652229,4.04185292984328,3525.3268266881664,4.064880597659625
60,3600.360936007344,4.054838094560208,3522.529736179452,4.0451684767605,3507.832342863188,4.126136747166568,3372.5908857386203,4.060213898532257,3623.320232652229,4.039170735322968,3525.3268266881664,4.065105590468501
61,3600.360936007344,4.070343041598236,3522.529736179452,4.034245318293312,3507.832342863188,4.088557359504543,3372.5908857386203,4.085892662781654,3623.320232652229,4.008643918335694,3525.3268266881664,4.057536460102687
62,3600.360936007344,4.085301884296411,3522.529736179452,4.01752345538473,3507.832342863188,4.110600864214372,3372.5908857386203,4.071281904729788,3623.320232652229,4.006064360591545,3525.3268266881664,4.058154493843369
63,3600.360936007344,4.082602265256235,3522.529736179452,4.038704060608402,3507.832342863188,4.110191849477761,3372.5908857386203,4.073060148503419,3623.320232652229,3.978603348828147,3525.3268266881664,4.056632334534793
64,3600.360936007344,4.04413656667599,3522.529736179452,4.011975463164217,3507.832342863188,4.105731354511552,3372.5908857386203,4.108418364533343,3623.320232652229,3.979875151985643,3525.3268266881664,4.050027380174148
65,3600.360936007344,4.055824767453269,3522.529736179452,4.021564648418895,3507.832342863188,4.121493325744562,3372.5908857386203,4.09088669823922,3623.320232652229,3.9792937644063127,3525.3268266881664,4.053812640852452
66,3600.360936007344,4.072951688785525,3522.529736179452,4.021920670311222,3507.832342863188,4.065679389347995,3372.5908857386203,4.054613396558713,3623.320232652229,3.992901915759265,3525.3268266881664,4.041613412152544
67,3600.360936007344,4.041557551919748,3522.529736179452,4.0447269633546865,3507.832342863188,4.038539105856406,3372.5908857386203,4.031120253688597,3623.320232652229,4.033655593090107,3525.3268266881664,4.037919893581909
68,3600.360936007344,4.057257800619963,3522.529736179452,4.029122017649252,3507.832342863188,4.043489288644821,3372.5908857386203,4.045945315172051,3623.320232652229,4.0272293967416735,3525.3268266881664,4.040608763765553
69,3600.360936007344,4.071863431113487,3522.529736179452,4.007367611194337,3507.832342863188,4.065311284140401,3372.5908857386203,4.036932452551035,3623.320232652229,4.058547378444974,3525.3268266881664,4.048004431488847
70,3600.360936007344,4.035992267501929,3522.529736179452,4.0416619845340245,3507.832342863188,4.066080228524226,3372.5908857386203,4.024186479323749,3623.320232652229,4.055750156934535,3525.3268266881664,4.044734223363693
71,3600.360936007344,4.033406757248025,3522.529736179452,4.07377237571106,3507.832342863188,4.052633925281714,3372.5908857386203,4.029989211821802,3623.320232652229,4.035175050079711,3525.3268266881664,4.044995464028463
72,3600.360936007344,4.0448845529338735,3522.529736179452,4.068148703795347,3507.832342863188,4.039435542380827,3372.5908857386203,4.052568417192481,3623.320232652229,4.04904396887252,3525.3268266881664,4.05081623703501
73,3600.360936007344,4.104918546204495,3522.529736179452,4.057736239371153,3507.832342863188,4.040972460645296,3372.5908857386203,4.034185144050592,3623.320232652229,4.080675722123245,3525.3268266881664,4.063697622478957
74,3600.360936007344,4.035815390883674,3522.529736179452,4.102906139594073,3507.832342863188,4.069868159747427,3372.5908857386203,4.033160450059112,3610.4658015830455,4.045263364425922,3522.7559404743297,4.057402700942042
75,3600.360936007344,4.053449669586874,3522.529736179452,4.07027246769471,3507.832342863188,4.052192813530855,3372.5908857386203,4.040976283924727,3610.4658015830455,4.056842773722658,3522.7559404743297,4.054746801691964
76,3600.360936007344,4.046810962606865,3522.529736179452,4.0612617512619185,3507.832342863188,4.062367408718448,3372.5908857386203,4.089894226570734,3610.4658015830455,4.0412370224964524,3522.7559404743297,4.060314274330883
77,3600.360936007344,4.045139393617061,3522.529736179452,4.044239976046746,3507.832342863188,4.048735100725839,3372.5908857386203,4.079807982996756,3610.4658015830455,4.037206409060329,3522.7559404743297,4.0510257724893455
78,3600.360936007344,4.05253504947265,3522.529736179452,3.99218584162465,3507.832342863188,4.036548484808701,3372.5908857386203,4.068091012783952,3610.4658015830455,4.044128889781804,3522.7559404743297,4.038697855694352
79,3600.360936007344,3.995649142728591,3522.529736179452,4.024732308116325,3507.832342863188,4.03497396000045,3372.5908857386203,4.057636471597008,3610.4658015830455,4.013822020076592,3522.7559404743297,4.025362780503793
80,3600.360936007344,4.058973422007937,3522.529736179452,4.074163301054997,3507.832342863188,4.017629989175816,3372.5908857386203,4.0227054769319714,3610.4658015830455,3.9983357268976394,3522.7559404743297,4.0343615832136726
81,3600.360936007344,4.026131051408576,3522.529736179452,4.083987841893586,3507.832342863188,4.063838794816603,3372.5908857386203,3.986618302569441,3610.4658015830455,4.031041238315275,3522.7559404743297,4.038323445800696
82,3600.360936007344,4.036483134704908,3522.529736179452,4.058844550299828,3507.832342863188,4.064021463180602,3372.5908857386203,3.999457443945678,3610.4658015830455,4.009107282848172,3522.7559404743297,4.033582774995837
83,3600.360936007344,4.004776319636712,3522.529736179452,4.061962163831055,3507.832342863188,4.055785463273669,3372.5908857386203,4.024400603737766,3610.4658015830455,4.04261335885898,3522.7559404743297,4.037907581867636
84,3600.360936007344,4.022604443600014,3522.529736179452,4.083715223395655,3507.832342863188,4.038594821012243,3372.5908857386203,4.0322377656151,3610.4658015830455,4.043261677722927,3522.7559404743297,4.044082786269188
85,3600.360936007344,4.0177063369551655,3522.529736179452,4.104603266735813,3507.832342863188,4.029999943768103,3372.5908857386203,3.9950305671921664,3610.4658015830455,4.050544170383693,3522.7559404743297,4.039576857006989
86,3600.360936007344,4.036700333755028,3522.529736179452,4.11256813469389,3507.832342863188,3.9870744421153805,3372.5908857386203,4.035161082180793,3610.4658015830455,4.061157044123327,3522.7559404743297,4.046532207373684
87,3600.360936007344,3.9955079396537823,3522.529736179452,4.086196232749341,3507.832342863188,3.9709059233309216,3372.5908857386203,4.029942302542682,3610.4658015830455,4.071404094238384,3522.7559404743297,4.030791298503021
88,3600.360936007344,3.987159889515339,3522.529736179452,4.08017337235481,3507.832342863188,3.9984100782847114,3372.5908857386203,4.017567246889828,3610.4658015830455,4.061619784261228,3522.7559404743297,4.028986074261184
89,3600.360936007344,4.0107021939980765,3522.529736179452,4.040374727750515,3507.832342863188,4.033037046515899,3372.5908857386203,4.032945237076569,3610.4658015830455,4.0448223575369475,3522.7559404743297,4.032376312575602
90,3600.360936007344,4.014348231632345,3522.529736179452,4.036840940357023,3507.832342863188,4.039727179723521,3372.5908857386203,4.055075303325022,3610.4658015830455,4.067685723708496,3522.7559404743297,4.042735475749281
91,3600.360936007344,4.011571725718509,3522.529736179452,3.9932959396966194,3507.832342863188,4.0512655760004375,3372.5908857386203,4.046330643713054,3610.4658015830455,4.068444332451837,3522.7559404743297,4.034181643516091
92,3600.360936007344,4.027063803439991,3522.529736179452,4.050848884039304,3507.832342863188,4.053208515977945,3372.5908857386203,4.019692308603384,3610.4658015830455,4.0329374127308295,3522.7559404743297,4.036750184958291
93,3600.360936007344,4.067661943017615,3522.529736179452,4.078331616303408,3507.832342863188,4.035486725569044,3372.5908857386203,4.054354766575171,3610.4658015830455,4.060630056394898,3522.7559404743297,4.059293021572027
94,3600.360936007344,4.074485428383256,3522.529736179452,4.056921200689024,3507.832342863188,4.032867832501126,3372.5908857386203,4.078510771771446,3610.4658015830455,4.069466501344525,3522.7559404743297,4.062450346937876
95,3600.360936007344,4.0657872650821645,3522.529736179452,4.046450489128327,3507.832342863188,4.042893445739046,3372.5908857386203,4.084106375675047,3610.4658015830455,4.045408375332534,3522.7559404743297,4.056929190191424
96,3600.360936007344,4.083712597021869,3522.529736179452,4.037667159911969,3507.832342863188,4.089193028999123,3372.5908857386203,4.066945131656972,3610.4658015830455,4.0682882368980025,3522.7559404743297,4.069161230897587
97,3600.360936007344,4.063458328160378,3522.529736179452,4.0595327940610115,3507.832342863188,4.028857015137572,3372.5908857386203,4.075691740633446,3610.4658015830455,4.066708775267323,3522.7559404743297,4.0588497306519455
98,3600.360936007344,4.041792204573999,3522.529736179452,4.04769021786435,3507.832342863188,4.020789439261118,3372.5908857386203,4.076843728783766,3610.4658015830455,4.060792246938775,3522.7559404743297,4.049581567484401
99,3600.360936007344,4.061211950153012,3522.529736179452,4.072653436574804,3507.832342863188,4.0116032419180865,3372.5908857386203,4.070835694189395,3610.4658015830455,4.081730810976206,3522.7559404743297,4.059607026762301
100,3600.360936007344,4.043627321544087,3522.529736179452,4.095025662976063,3507.832342863188,4.04125338996663,3372.5908857386203,4.106766037908307,3610.4658015830455,4.060514549844851,3522.7559404743297,4.069437392447988
101,3600.360936007344,4.085746303464794,3522.529736179452,4.0829719020778805,3507.832342863188,4.061715107893099,3372.5908857386203,4.103675308261518,3610.4658015830455,4.052267061015642,3522.7559404743297,4.077275136542587
102,3600.360936007344,4.038598246875534,3522.529736179452,4.068681811487215,3507.832342863188,4.036270979506647,3372.5908857386203,4.091536635081938,3610.4658015830455,4.021966550578918,3522.7559404743297,4.051410844706051
103,3600.360936007344,4.03319623307544,3522.529736179452,4.054430929311576,3507.832342863188,4.067752494534765,3372.5908857386203,4.058571516567622,3610.4658015830455,4.03619082335334,3522.7559404743297,4.050028399368548
104,3600.360936007344,4.032834901437891,3522.529736179452,4.0132386089141745,3507.832342863188,4.016031105551397,3372.5908857386203,4.073800485110184,3610.4658015830455,4.027256286288601,3522.7559404743297,4.03263227746045
105,3600.360936007344,3.9757307752921744,3522.529736179452,4.021060374446466,3507.832342863188,4.0269316718114005,3372.5908857386203,4.07410508888568,3610.4658015830455,4.035514773278408,3522.7559404743297,4.026668536742826
106,3600.360936007344,4.001133157639311,3522.529736179452,4.038984222944005,3507.832342863188,4.022517953473946,3372.5908857386203,4.040281950867979,3610.4658015830455,4.001109864947268,3522.7559404743297,4.0208054299745015
107,3572.737798123253,4.016604251600782,3522.529736179452,4.0370028434327505,3507.832342863188,4.009206270906467,3372.5908857386203,4.040061610219951,3610.4658015830455,4.024995678840204,3517.231312897512,4.02557413100003
108,3572.737798123253,4.026423777730957,3522.529736179452,4.040876144773632,3507.832342863188,4.066276532049225,3372.5908857386203,4.0541433446512745,3610.4658015830455,4.040726126002986,3517.231312897512,4.045689185041615
109,3572.737798123253,4.033364548454478,3522.529736179452,4.00007664402409,3507.832342863188,4.069460139862405,3372.5908857386203,4.035034916781795,3610.4658015830455,4.038466704137832,3517.231312897512,4.035280590652119
110,3572.737798123253,4.007095561997359,3522.529736179452,4.000772148519479,3507.832342863188,4.087110278684694,3372.5908857386203,4.020382903258497,3610.4658015830455,4.054872672411866,3517.231312897512,4.034046712974378
111,3572.737798123253,4.041507323442679,3522.529736179452,4.001190323391347,3507.832342863188,4.033617984266808,3372.5908857386203,4.048722720603271,3610.4658015830455,4.032332526943446,3517.231312897512,4.03147417572951
112,3572.737798123253,3.984280104081781,3522.529736179452,4.050061627723925,3507.832342863188,3.9996099242590515,3372.5908857386203,4.033789780570354,3610.4658015830455,4.031267283601283,3517.231312897512,4.019801744047278
113,3572.737798123253,4.002440901352052,3522.529736179452,4.04212240793463,3507.832342863188,4.023752026143694,3372.5908857386203,4.011423021417649,3610.4658015830455,4.036249551414651,3517.231312897512,4.023197581652535
114,3572.737798123253,3.9725810406293616,3522.529736179452,4.055448324392608,3507.832342863188,4.049547366454643,3372.5908857386203,3.9865380841085085,3610.4658015830455,4.0536750089340465,3517.231312897512,4.0235579649038336
115,3572.737798123253,3.9934983865965217,3522.529736179452,4.071422477992853,3507.832342863188,4.057965843823961,3372.5908857386203,4.050146852612079,3610.4658015830455,4.054801023998903,3517.231312897512,4.045566917004864
116,3572.737798123253,4.017646884937523,3522.529736179452,4.103079184024139,3507.832342863188,4.076377399813464,3372.5908857386203,4.0568729624727125,3610.4658015830455,4.032504282881036,3517.231312897512,4.057296142825775
117,3572.737798123253,4.0238155633585535,3522.529736179452,4.063700458221705,3507.832342863188,4.068608121341523,3372.5908857386203,4.0714432074414,3610.4658015830455,4.011248658937874,3517.231312897512,4.047763201860211
118,3572.737798123253,3.9468039566377753,3522.529736179452,4.030492901140761,3507.832342863188,4.032065800925583,3372.5908857386203,4.066689884446383,3610.4658015830455,4.027395934407839,3517.231312897512,4.020689695511669
119,3572.737798123253,3.9704528733415287,3522.529736179452,4.081388186584912,3507.832342863188,3.9921786030954083,3372.5908857386203,4.026882053753183,3610.4658015830455,4.049073906178522,3517.231312897512,4.02399512459071
120,3572.737798123253,4.031696570913486,3522.529736179452,4.08040178801221,3507.832342863188,4.0202988637261905,3372.5908857386203,4.0323376857824895,3610.4658015830455,4.071558134732704,3517.231312897512,4.047258608633416
121,3572.737798123253,4.058128216389785,3522.529736179452,4.0699414811934975,3507.832342863188,4.083404132376927,3372.5908857386203,3.993856958101547,3610.4658015830455,4.05900381461814,3517.231312897512,4.052866920535979
122,3572.737798123253,4.073079685565041,3522.529736179452,4.034737773046694,3507.832342863188,4.036480084521315,3372.5908857386203,4.0159516186919655,3610.4658015830455,4.063184029422472,3517.231312897512,4.044686638249497
123,3572.737798123253,4.0663035142252,3522.529736179452,4.008157674329076,3507.832342863188,4.075241864243421,3372.5908857386203,4.050981615676068,3609.198356167572,4.064428255115377,3516.977823814417,4.053022584717828
124,3572.737798123253,4.025431631295701,3522.529736179452,3.9973623945899606,3507.832342863188,4.060411741266331,3372.5908857386203,4.062946642472621,3609.198356167572,4.068559009819706,3516.977823814417,4.0429422838888645
125,3572.737798123253,4.027452385812944,3522.529736179452,4.002734093043006,3507.832342863188,4.096700614038828,3372.5908857386203,4.029726696846224,3430.825868172508,4.103973060964444,3481.3033262154045,4.052117370141088
126,3572.737798123253,4.017657480119211,3522.529736179452,4.021206774460872,3507.832342863188,4.0733049950589,3372.5908857386203,4.00547116454914,3430.825868172508,4.08601316826082,3481.3033262154045,4.040730716489788
127,3572.737798123253,4.008118569966422,3522.529736179452,4.079467433644707,3507.832342863188,4.050447265339807,3372.5908857386203,4.02474250939246,3430.825868172508,4.13034477292536,3481.3033262154045,4.058624110253751
128,3572.737798123253,4.058288815034499,3522.529736179452,4.008086701607194,3507.832342863188,4.0342080013568,3372.5908857386203,4.039462281807749,3430.825868172508,4.0998771176553594,3481.3033262154045,4.04798458349232
129,3572.737798123253,4.052195883735174,3522.529736179452,4.0154470774871935,3507.832342863188,4.0444768020159305,3372.5908857386203,4.04752714467123,3430.825868172508,4.101670695537942,3481.3033262154045,4.052263520689495
130,3572.737798123253,4.045858721513488,3522.529736179452,3.9790549313054933,3507.832342863188,4.04395897940421,3372.5908857386203,4.042726185130844,3430.825868172508,4.133011201145755,3481.3033262154045,4.048922003699959
131,3572.737798123253,4.038337655498199,3522.529736179452,4.024231046293552,3507.832342863188,4.037208728808354,3372.5908857386203,4.037766646948934,3430.825868172508,4.108079225473386,3481.3033262154045,4.049124660604485
132,3572.737798123253,4.019926575703917,3522.529736179452,4.041259874140682,3507.832342863188,4.008600817990153,3372.5908857386203,4.065144370011578,3430.825868172508,4.109400768218215,3481.3033262154045,4.048866481212909
133,3572.737798123253,4.0196499955953024,3522.529736179452,3.969750719551085,3507.832342863188,4.039970740141278,3372.5908857386203,4.024313676899663,3430.825868172508,4.078102444859013,3481.3033262154045,4.026357515409268
134,3572.737798123253,4.021692344910243,3522.529736179452,3.9763281180815624,3507.832342863188,4.030636385643003,3372.5908857386203,3.9843763970102657,3430.825868172508,4.1029672040913425,3481.3033262154045,4.0232000899472835
135,3572.737798123253,4.014347325283931,3522.529736179452,3.9911297559493124,3507.832342863188,4.019292717943163,3372.5908857386203,3.9812930959318624,3430.825868172508,4.069208066338032,3481.3033262154045,4.01505419228926
136,3572.737798123253,4.045935072577288,3522.529736179452,3.9716324011410142,3507.832342863188,4.06987265253524,3372.5908857386203,4.018825467377353,3430.825868172508,4.061465823989987,3481.3033262154045,4.033546283524176
137,3572.737798123253,4.0142367907247785,3522.529736179452,3.965312325515653,3507.832342863188,4.083839973278351,3372.5908857386203,3.998871042813446,3430.825868172508,4.041709471319195,3481.3033262154045,4.020793920730284
138,3572.737798123253,3.9733345633176023,3522.529736179452,4.024100558150902,3507.832342863188,4.1088945379382755,3372.5908857386203,4.0027338483094335,3430.825868172508,4.049063597133819,3481.3033262154045,4.031625420970006
139,3572.737798123253,3.9637180545736026,3522.529736179452,4.046437992299924,3507.832342863188,4.063196947585606,3372.5908857386203,4.040648131262926,3430.825868172508,4.077921825502354,3481.3033262154045,4.038384590244883
140,3572.737798123253,4.000715300321171,3522.529736179452,4.091118763253042,3507.832342863188,4.086605347556033,3372.5908857386203,4.0192726237033245,3430.825868172508,4.094452214851658,3481.3033262154045,4.058432849937046
141,3572.737798123253,3.9762885689815306,3522.529736179452,4.040895725573466,3507.832342863188,4.1071939346071025,3372.5908857386203,4.037471874803754,3430.825868172508,4.069472417741118,3481.3033262154045,4.046264504341394
142,3572.737798123253,3.9755708424833864,3522.529736179452,4.060351463309206,3507.832342863188,4.082034569975379,3372.5908857386203,4.083260480826777,3430.825868172508,4.037055293713543,3481.3033262154045,4.047654530061658
143,3572.737798123253,4.024560446598876,3522.529736179452,4.062081297649328,3507.832342863188,4.049538971815272,3372.5908857386203,4.074931876765688,3430.825868172508,4.025015115632773,3481.3033262154045,4.047225541692387
144,3572.737798123253,4.020051672735493,3522.529736179452,4.046279081380573,3507.832342863188,4.060993102850054,3372.5908857386203,4.055452855338702,3430.825868172508,4.001275991093258,3481.3033262154045,4.036810540679616
145,3572.737798123253,4.015534859646865,3522.529736179452,4.015460656714267,3507.832342863188,4.038161643086494,3372.5908857386203,4.06210067006724,3430.825868172508,4.023711943696129,3481.3033262154045,4.030993954642199
146,3572.737798123253,4.011736544715142,3522.529736179452,4.010250606347287,3507.832342863188,3.981323876978125,3372.5908857386203,4.03973923917136,3430.825868172508,4.050773809275415,3481.3033262154045,4.018764815297466
147,3572.737798123253,4.0278784035928865,3522.529736179452,4.041763142934144,3507.832342863188,3.9707496696738698,3372.5908857386203,4.025998584734191,3430.825868172508,4.0519628988442635,3481.3033262154045,4.023670539955871
148,3572.737798123253,4.038919933946885,3522.529736179452,4.051818897380466,3507.832342863188,3.9739882476294053,3372.5908857386203,4.048351131461938,3430.825868172508,4.029758564320619,3481.3033262154045,4.028567354947862
149,3572.737798123253,4.087439096416151,3522.529736179452,4.062171614309053,3507.832342863188,3.965703498462422,3372.5908857386203,4.058012813613505,3430.825868172508,4.009308940034936,3481.3033262154045,4.036527192567213
150,3572.737798123253,4.072980784121132,3522.529736179452,4.046851570851764,3507.832342863188,4.0175288627202335,3372.5908857386203,4.054208551278707,3430.825868172508,4.032450534878636,3481.3033262154045,4.044804060770095
151,3572.737798123253,4.029084109117987,3522.529736179452,4.050763796491943,3507.832342863188,4.045777334075573,3372.5908857386203,4.055990154185326,3430.825868172508,4.00709784975056,3481.3033262154045,4.0377426487242785
152,3572.737798123253,4.096753708412906,3522.529736179452,4.061564751601277,3507.832342863188,4.042470344625332,3372.5908857386203,4.038683910878315,3430.825868172508,4.0049529720890655,3481.3033262154045,4.0488851375213795
153,3572.737798123253,4.076061856073994,3522.529736179452,4.076423334283752,3507.832342863188,4.07613542082981,3372.5908857386203,4.017560428770249,3430.825868172508,4.014239380400625,3481.3033262154045,4.052084084071685
154,3572.737798123253,4.061206783723566,3522.529736179452,4.05900472480035,3507.832342863188,4.060396048933304,3372.5908857386203,4.031136644461243,3430.825868172508,4.003613524413494,3481.3033262154045,4.0430715452663915
155,3572.737798123253,4.043857056097073,3522.529736179452,4.092558817916824,3507.832342863188,4.045186827004613,3372.5908857386203,4.032567434918562,3430.825868172508,4.0243574931389565,3481.3033262154045,4.047705525815206
156,3572.737798123253,4.041181717762106,3522.529736179452,4.075830673780823,3507.832342863188,4.018477453127105,3372.5908857386203,4.018356409147879,3430.825868172508,3.976775236827554,3481.3033262154045,4.026124298129092
157,3572.737798123253,4.054025957422532,3522.529736179452,4.113222324833173,3507.832342863188,3.9966371208768137,3372.5908857386203,4.02180527119795,3430.825868172508,3.9906344489736902,3481.3033262154045,4.035265024660832
158,3572.737798123253,4.056893684487095,3522.529736179452,4.090571507921538,3507.832342863188,4.023540733859033,3372.5908857386203,4.023686311540877,3430.825868172508,3.94654037525509,3481.3033262154045,4.028246522612727
159,3572.737798123253,4.043866711495146,3522.529736179452,4.106153705563775,3507.832342863188,4.1028833447805555,3372.5908857386203,4.02785272434638,3430.825868172508,3.9770217161872585,3481.3033262154045,4.051555640474623
160,3572.737798123253,4.027150654998451,3522.529736179452,4.109816309784558,3507.832342863188,4.077095794172988,3372.5908857386203,4.039471235667535,3430.825868172508,4.034629279680119,3481.3033262154045,4.05763265486073
161,3572.737798123253,4.026535584331319,3522.529736179452,4.096448252856643,3507.832342863188,4.086697486127185,3372.5908857386203,4.042847627292278,3430.825868172508,4.037911171094942,3481.3033262154045,4.058088024340473
162,3572.737798123253,4.0233265545343615,3522.529736179452,4.1403943988606215,3507.832342863188,4.102998122627155,3372.5908857386203,4.050605641978351,3430.825868172508,4.031718040557932,3481.3033262154045,4.0698085517116835
163,3572.737798123253,4.007727901582794,3522.529736179452,4.109578388088913,3507.832342863188,4.071415585711655,3372.5908857386203,4.029635120824324,3430.825868172508,4.042904667571752,3481.3033262154045,4.052252332755887
164,3572.737798123253,3.97945321419695,3522.529736179452,4.10223669763409,3507.832342863188,4.085553407570999,3372.5908857386203,3.9740443671621546,3430.825868172508,4.087018573127101,3481.3033262154045,4.045661251938259
165,3572.737798123253,3.9854277352081886,3522.529736179452,4.111315212066927,3507.832342863188,4.0923022167607925,3372.5908857386203,4.000340125424194,3430.825868172508,4.047264414453833,3481.3033262154045,4.047329940782786
166,3572.737798123253,4.014604925279728,3522.529736179452,4.054113799304137,3507.832342863188,4.082422887797037,3372.5908857386203,3.9848586355808613,3430.825868172508,4.012458314169341,3481.3033262154045,4.02969171242622
167,3572.737798123253,4.025379271317819,3522.529736179452,4.080035226166139,3507.832342863188,4.080857190997718,3372.5908857386203,3.9922459511818436,3430.825868172508,3.979478392497754,3481.3033262154045,4.031599206432254
168,3572.737798123253,4.0448353374189825,3522.529736179452,4.0474639412910145,3507.832342863188,4.0539359404264745,3372.5908857386203,4.003380683489612,3430.825868172508,3.9816076424954834,3481.3033262154045,4.026244709024313
169,3572.737798123253,4.091498602634376,3522.529736179452,4.036230162399706,3507.832342863188,4.068300336900875,3372.5908857386203,4.014883750926315,3430.825868172508,4.0002106230976855,3481.3033262154045,4.042224695191792
170,3572.737798123253,4.075222330113041,3522.529736179452,4.044799793000983,3507.832342863188,4.0511265450854665,3372.5908857386203,4.018710342498075,3430.825868172508,4.037661947141297,3481.3033262154045,4.0455041915677725
171,3572.737798123253,4.041612885214294,3522.529736179452,4.024789903611822,3507.832342863188,4.0897623210506175,3372.5908857386203,4.00144155785837,3430.825868172508,4.027185048842598,3481.3033262154045,4.03695834331554
172,3572.737798123253,3.990758553461511,3522.529736179452,4.045622456088076,3507.832342863188,4.056812077407852,3372.5908857386203,3.9837830979409627,3430.825868172508,4.03434525397628,3481.3033262154045,4.022264287774936
173,3572.737798123253,3.971689196902959,3522.529736179452,4.092338494547611,3507.832342863188,4.076527206330641,3372.5908857386203,4.04219668690997,3430.825868172508,3.999544758371197,3481.3033262154045,4.036459268612476
174,3572.737798123253,4.015436098170111,3522.529736179452,4.072135089008191,3507.832342863188,4.10595024308092,3372.5908857386203,4.016385503762621,3430.825868172508,4.013219805325636,3481.3033262154045,4.044625347869496
175,3572.737798123253,4.007826239058366,3522.529736179452,4.053005841747255,3507.832342863188,4.083696583511305,3372.5908857386203,4.04354862171212,3430.825868172508,4.0334565177239705,3481.3033262154045,4.044306760750603
176,3572.737798123253,3.9536407585108684,3522.529736179452,4.034917573904004,3507.832342863188,4.06460254070662,3372.5908857386203,4.070799504378658,3430.825868172508,4.0537520846766375,3481.3033262154045,4.035542492435358
177,3572.737798123253,3.9596158042828207,3522.529736179452,4.034709745694422,3507.832342863188,4.084566775772547,3372.5908857386203,4.073997907011959,3430.825868172508,4.0588094874002945,3481.3033262154045,4.042339944032409
178,3572.737798123253,3.967510295217769,3522.529736179452,4.053807873641363,3507.832342863188,4.0996195124950585,3372.5908857386203,4.076845544975464,3430.825868172508,4.105338715939478,3481.3033262154045,4.060624388453826
179,3473.5956803501995,3.9589497122173536,3522.529736179452,4.0397183257735385,3507.832342863188,4.065374137055814,3372.5908857386203,4.059667220001565,3430.825868172508,4.057812550116396,3461.4749026607933,4.036304389032933
180,3473.5956803501995,3.9944941297223924,3522.529736179452,4.018614407672394,3507.832342863188,4.0452289834536925,3372.5908857386203,4.0550385786239325,3430.825868172508,4.06022774791364,3461.4749026607933,4.03472076947721
181,3473.5956803501995,3.9749219164039373,3522.529736179452,4.018749064077166,3507.832342863188,4.034109503741164,3372.5908857386203,4.051534298537535,3430.825868172508,4.0766262095255925,3461.4749026607933,4.031188198457079
182,3473.5956803501995,4.002857244178808,3522.529736179452,4.010272341909308,3507.832342863188,4.058169307366221,3372.5908857386203,4.044005711576921,3430.825868172508,4.050949809521787,3461.4749026607933,4.033250882910609
183,3473.5956803501995,3.9968004904316095,3522.529736179452,4.020886351639284,3507.832342863188,4.041815942155343,3372.5908857386203,4.047416968656713,3430.825868172508,4.074822634582087,3461.4749026607933,4.036348477493007
184,3473.5956803501995,4.012613760466302,3522.529736179452,4.0290737867644575,3507.832342863188,3.990533888772619,3372.5908857386203,4.068180918258517,3430.825868172508,4.027748311413868,3461.4749026607933,4.025630133135152
185,3473.5956803501995,4.058342099143686,3522.529736179452,4.042614572886754,3507.832342863188,3.988954207391373,3372.5908857386203,4.088669146538508,3430.825868172508,4.057649903516853,3461.4749026607933,4.047245985895435
186,3473.5956803501995,4.045876578733813,3522.529736179452,4.03360784760462,3507.832342863188,4.028456361694631,3372.5908857386203,4.063188415859265,3430.825868172508,4.079709636713549,3461.4749026607933,4.050167768121176
187,3473.5956803501995,4.065817488652908,3522.529736179452,4.020766153071935,3507.832342863188,4.036178496903997,3372.5908857386203,4.071116071513578,3430.825868172508,4.07164581265362,3461.4749026607933,4.053104804559208
188,3473.5956803501995,4.074897130974012,3522.529736179452,4.027104001240119,3507.832342863188,4.0699217098822125,3372.5908857386203,4.082265978711569,3430.825868172508,4.066340336040415,3461.4749026607933,4.064105831369665
189,3473.5956803501995,4.058855962760515,3522.529736179452,4.0523895381466835,3507.832342863188,4.06114694771812,3372.5908857386203,4.042429195200671,3430.825868172508,4.087536591954868,3461.4749026607933,4.060471647156172
190,3473.5956803501995,4.031418878403421,3522.529736179452,4.064065163654538,3507.832342863188,4.087240360106424,3372.5908857386203,4.063354890464127,3430.825868172508,4.11279917267296,3461.4749026607933,4.071775693060294
191,3473.5956803501995,3.9993946765709563,3522.529736179452,4.043085406992184,3507.832342863188,4.052060559546051,3372.5908857386203,4.034324171054672,3430.825868172508,4.088631847797938,3461.4749026607933,4.0434993323923605
192,3473.5956803501995,3.978824259247682,3522.529736179452,4.074604723767544,3507.832342863188,4.069715680087589,3372.5908857386203,4.048473627912263,3430.825868172508,4.031011829804955,3461.4749026607933,4.040526024164007
193,3473.5956803501995,4.000379333638578,3522.529736179452,4.038008222598013,3507.832342863188,4.051321716781654,3372.5908857386203,4.0372536716714995,3430.825868172508,4.026888854526145,3461.4749026607933,4.030770359843178
194,3473.5956803501995,4.02845324133127,3522.529736179452,4.045920599092759,3507.832342863188,4.101788115090042,3372.5908857386203,4.009270580337776,3430.825868172508,4.046062977523163,3461.4749026607933,4.046299102675002
195,3473.5956803501995,4.04376963888365,3522.529736179452,4.0183121695339725,3507.832342863188,4.1036656275388665,3372.5908857386203,3.9761846349554957,3430.825868172508,4.027029497154166,3461.4749026607933,4.0337923136132305
196,3473.5956803501995,4.078291517782946,3522.529736179452,4.0650024335048345,3468.0882447447634,4.114388887054498,3372.5908857386203,4.003098170167154,3430.825868172508,4.053319817328367,3453.526083037109,4.06282016516756
197,3473.5956803501995,4.076831604941656,3522.529736179452,4.073653383284982,3468.0882447447634,4.11343594174939,3372.5908857386203,4.065741049013874,3430.825868172508,4.037660906079617,3453.526083037109,4.073464577013904
198,3473.5956803501995,4.060560453740348,3522.529736179452,4.060788678096236,3468.0882447447634,4.075381264039824,3372.5908857386203,4.089774014450648,3430.825868172508,4.061835913073505,3453.526083037109,4.069668064680112
199,3473.5956803501995,4.105277945053875,3522.529736179452,4.016387297076346,3468.0882447447634,4.080812972034945,3372.5908857386203,4.053388843765328,3430.825868172508,4.062088611717765,3453.526083037109,4.063591133929652
200,3473.5956803501995,4.085709530522098,3522.529736179452,4.002360168193083,3468.0882447447634,4.031263795088232,3372.5908857386203,4.048107458239186,3430.825868172508,4.058752263164222,3453.526083037109,4.0452386430413645
201,3473.5956803501995,4.0714975438981975,3522.529736179452,4.017076072295686,3468.0882447447634,4.019029548712754,3372.5908857386203,4.013741700771947,3430.825868172508,4.029434569304116,3453.526083037109,4.030155886996541
202,3473.5956803501995,4.028604714624361,3522.529736179452,4.032718614786367,3468.0882447447634,4.010799780874153,3372.5908857386203,4.035459382945635,3430.825868172508,4.040819761281126,3453.526083037109,4.029680450902329
203,3473.5956803501995,4.042187406973135,3522.529736179452,4.0680500047254355,3468.0882447447634,4.041653625333418,3372.5908857386203,4.034130477507692,3430.825868172508,4.100744643396997,3453.526083037109,4.057353231587335
204,3473.5956803501995,3.9837723013421162,3522.529736179452,4.070824116652184,3468.0882447447634,4.072391376081945,3372.5908857386203,4.032268885734589,3430.825868172508,4.084886109483947,3453.526083037109,4.048828557858956
205,3473.5956803501995,3.9825378061715773,3522.529736179452,4.058255176434892,3468.0882447447634,4.073986660570898,3372.5908857386203,4.0561002461942355,3430.825868172508,4.056188217156489,3453.526083037109,4.045413621305618
206,3473.5956803501995,4.003621715611007,3522.529736179452,4.038484556253369,3468.0882447447634,4.092549145136819,3372.5908857386203,4.031486189036093,3430.825868172508,4.018471628709996,3453.526083037109,4.036922646949456
207,3473.5956803501995,4.032211481147231,3522.529736179452,4.03897771128964,3468.0882447447634,4.0678061164579775,3372.5908857386203,4.003108483843998,3430.825868172508,4.02145222089164,3453.526083037109,4.032711202726097
208,3473.5956803501995,4.073094924460344,3522.529736179452,4.021955709885551,3468.0882447447634,4.060500593522637,3372.5908857386203,3.9995683915082587,3430.825868172508,4.050066866785502,3453.526083037109,4.041037297232458
209,3473.5956803501995,4.061453571728258,3522.529736179452,4.019998574094034,3468.0882447447634,4.059401034172657,3372.5908857386203,4.0373597560694705,3430.825868172508,4.03044144241886,3453.526083037109,4.041730875696656
210,3473.5956803501995,4.062519466298296,3522.529736179452,4.032792931131541,3468.0882447447634,4.028053823893699,3372.5908857386203,3.9984779320173436,3430.825868172508,4.037488452682494,3453.526083037109,4.031866521204675
211,3473.5956803501995,4.037461644923418,3522.529736179452,4.005036816116581,3468.0882447447634,4.066713691014938,3372.5908857386203,4.011770462423677,3430.825868172508,4.045072972170683,3453.526083037109,4.033211117329859
212,3473.5956803501995,4.061984080308551,3522.529736179452,4.005284635145112,3468.0882447447634,4.060554215489421,3372.5908857386203,4.029679103738192,3430.825868172508,4.025245598206075,3453.526083037109,4.03654952657747
213,3473.5956803501995,4.075981778236035,3522.529736179452,4.026769740772976,3468.0882447447634,4.062314287512554,3372.5908857386203,4.040531986442446,3430.825868172508,4.017222617250368,3453.526083037109,4.044564082042876
214,3473.5956803501995,4.091186643329245,3522.529736179452,4.051247925410139,3468.0882447447634,4.066568960402247,3372.5908857386203,4.037351104764334,3430.825868172508,4.024395021835036,3453.526083037109,4.054149931148201
215,3473.5956803501995,4.129155854728159,3522.529736179452,4.047141431669892,3468.0882447447634,4.037654898119656,3372.5908857386203,4.026319375724767,3430.825868172508,4.027680886913701,3453.526083037109,4.053590489431235
216,3473.5956803501995,4.101276612862583,3522.529736179452,4.066217197460552,3468.0882447447634,4.021260438236676,3372.5908857386203,4.042031769516848,3430.825868172508,4.073623567851578,3453.526083037109,4.060881917185647
217,3473.5956803501995,4.072033237128552,3522.529736179452,4.04183605541049,3468.0882447447634,4.018915841672151,3372.5908857386203,4.084775124154845,3430.825868172508,4.047365430521789,3453.526083037109,4.052985137777566
218,3473.5956803501995,4.040510808213987,3522.529736179452,4.03143625258796,3468.0882447447634,4.050280916834773,3372.5908857386203,4.075832086792741,3430.825868172508,4.033020985110629,3453.526083037109,4.0462162099080174
219,3473.5956803501995,4.047485479135011,3522.529736179452,4.075088965957378,3468.0882447447634,4.033354667982804,3372.5908857386203,4.022264341836077,3430.825868172508,3.9886983403473746,3453.526083037109,4.033378359051729
220,3473.5956803501995,4.043116602417635,3522.529736179452,4.032597205397711,3468.0882447447634,4.05404397002892,3372.5908857386203,4.04111000162863,3430.825868172508,4.0030039884704545,3453.526083037109,4.034774353588671
221,3473.5956803501995,4.0601913676226005,3522.529736179452,4.029354629498142,3468.0882447447634,4.07941279671243,3372.5908857386203,4.047456471066997,3430.825868172508,3.9849162246735714,3453.526083037109,4.040266297914749
222,3473.5956803501995,4.098109745669674,3522.529736179452,4.009224350889304,3468.0882447447634,4.079696262768061,3372.5908857386203,4.051008705738613,3430.825868172508,3.9968749163212203,3453.526083037109,4.046982796277375
223,3473.5956803501995,4.10437065325721,3522.529736179452,4.0302828803322575,3468.0882447447634,4.049076886997708,3372.5908857386203,4.056691967454885,3430.825868172508,3.994693399038844,3453.526083037109,4.047023157416181
224,3473.5956803501995,4.124326081853079,3522.529736179452,3.9866246199912045,3468.0882447447634,4.013791741444597,3372.5908857386203,4.0412885761593715,3430.825868172508,3.9909686775590805,3453.526083037109,4.031399939401466
225,3473.5956803501995,4.1223361719791605,3522.529736179452,4.0536585932117,3468.0882447447634,4.05153652931942,3372.5908857386203,4.0391546580774245,3430.825868172508,3.993842711328151,3453.526083037109,4.052105732783171
226,3473.5956803501995,4.101631950792165,3522.529736179452,4.099593549553341,3468.0882447447634,4.049263538435753,3372.5908857386203,4.029759438734428,3430.825868172508,4.011818752787134,3453.526083037109,4.058413446060564
227,3473.5956803501995,4.0986469930458185,3522.529736179452,4.094421226742751,3468.0882447447634,4.008019873200526,3372.5908857386203,4.0438805214681155,3430.825868172508,3.9997026171036403,3453.526083037109,4.04893424631217
228,3473.5956803501995,4.115043097748643,3522.529736179452,4.088505467426694,3468.0882447447634,4.018136768949107,3372.5908857386203,4.058160918628993,3430.825868172508,4.044359219991799,3453.526083037109,4.064841094549047
229,3473.5956803501995,4.098336295750527,3522.529736179452,4.050314208002297,3468.0882447447634,4.026071313766538,3372.5908857386203,4.045683939412134,3430.825868172508,4.048930263164256,3453.526083037109,4.05386720401915
230,3473.5956803501995,4.098945406668381,3522.529736179452,4.048562456447069,3468.0882447447634,4.064398981713641,3372.5908857386203,3.9901729363644933,3430.825868172508,3.9944025906985363,3453.526083037109,4.039296474378425
231,3473.5956803501995,4.065816809149115,3522.529736179452,4.016868321096331,3468.0882447447634,4.025985007101117,3372.5908857386203,4.043554020561257,3430.825868172508,4.040363837455728,3453.526083037109,4.03851759907271
232,3473.5956803501995,4.058255760109883,3522.529736179452,4.0651231236663,3468.0882447447634,4.045102620897645,3372.5908857386203,4.008606442280177,3430.825868172508,4.0478336677053255,3453.526083037109,4.044984322931866
233,3473.5956803501995,4.067143393328329,3522.529736179452,4.063334221819646,3468.0882447447634,4.0634077109689315,3372.5908857386203,4.009227442288808,3430.825868172508,4.051726741412305,3453.526083037109,4.050967901963604
234,3473.5956803501995,4.060902064504202,3522.529736179452,4.073994974226134,3468.0882447447634,4.052835294210343,3372.5908857386203,4.04907568237858,3430.825868172508,4.111271151404931,3453.526083037109,4.069615833344838
235,3473.5956803501995,4.042026387379616,3522.529736179452,4.089291515731865,3468.0882447447634,4.051880709989148,3372.5908857386203,4.027006359491002,3430.825868172508,4.079059401574268,3453.526083037109,4.057852874833181
236,3473.5956803501995,4.010577584665194,3522.529736179452,4.059844173772615,3468.0882447447634,4.0374742260892305,3372.5908857386203,4.021396006165883,3430.825868172508,4.0462563765798185,3453.526083037109,4.035109673454548
237,3473.5956803501995,4.051089584503086,3522.529736179452,4.047377440131062,3468.0882447447634,4.012589066218126,3372.5908857386203,4.006429155353156,3430.825868172508,4.022525199508339,3453.526083037109,4.028002089142754
238,3473.5956803501995,4.00631500433206,3522.529736179452,4.033963264519189,3468.0882447447634,3.959158532323037,3372.5908857386203,4.017547471439154,3430.825868172508,4.013267909571795,3453.526083037109,4.0060504364370475
239,3473.5956803501995,4.04379513471216,3522.529736179452,4.042813915720913,3468.0882447447634,3.9661946724622896,3372.5908857386203,4.008624512069697,3430.825868172508,4.015484630324864,3453.526083037109,4.015382573057985
240,3473.5956803501995,4.0455456786944906,3522.529736179452,4.011828457977634,3468.0882447447634,4.004061610621745,3372.5908857386203,4.001467837696009,3430.825868172508,4.013408471141673,3453.526083037109,4.015262411226311
241,3473.5956803501995,4.016939698061834,3522.529736179452,4.020934023070403,3468.0882447447634,4.059187386375626,3372.5908857386203,4.0300575555166285,3430.825868172508,4.02683225598177,3453.526083037109,4.030790183801252
242,3473.5956803501995,4.043462639328067,3522.529736179452,4.076851808504824,3468.0882447447634,4.061631531861836,3372.5908857386203,4.046488620117382,3430.825868172508,4.046755752197593,3453.526083037109,4.055038070401941
243,3473.5956803501995,4.0587812283223155,3522.529736179452,4.068076620469575,3468.0882447447634,4.05632942669459,3372.5908857386203,4.031923224876052,3430.825868172508,4.035902638066434,3453.526083037109,4.050202627685794
244,3473.5956803501995,4.0885102578295,3522.529736179452,4.045361212197736,3468.0882447447634,4.091762812740562,3372.5908857386203,4.01428281333081,3430.825868172508,4.004663756377466,3453.526083037109,4.0489161704952155
245,3473.5956803501995,4.040159940488054,3522.529736179452,4.087009152395683,3468.0882447447634,4.047952065317097,3372.5908857386203,4.011236692421247,3430.825868172508,4.059983561123938,3453.526083037109,4.049268282349204
246,3473.5956803501995,4.035285908253611,3522.529736179452,4.054478264694566,3468.0882447447634,4.055749678662215,3372.5908857386203,4.018642434762107,3430.825868172508,4.0701637200384235,3453.526083037109,4.046864001282184
247,3473.5956803501995,4.060972066261539,3522.529736179452,4.063376352864018,3468.0882447447634,4.071207333294785,3372.5908857386203,3.9955773081032264,3430.825868172508,4.051103787425987,3453.526083037109,4.048447369589911
248,3473.5956803501995,4.057796125583158,3522.529736179452,4.0305946418237815,3468.0882447447634,4.083320404526841,3372.5908857386203,3.978116395494261,3430.825868172508,4.053141233527754,3453.526083037109,4.040593760191159
249,3473.5956803501995,4.070783237482884,3522.529736179452,4.010011646080107,3468.0882447447634,4.083986363025142,3372.5908857386203,3.9767477617535145,3430.825868172508,4.043915493948384,3453.526083037109,4.037088900458006
250,3473.5956803501995,4.062364538903,3522.529736179452,4.025843858320656,3468.0882447447634,4.079444733436797,3372.5908857386203,4.0059334292113205,3430.825868172508,4.036012856466497,3453.526083037109,4.041919883267655
251,3473.5956803501995,4.071170887287247,3522.529736179452,4.012269930625418,3468.0882447447634,4.070425850590028,3372.5908857386203,4.025201183873739,3430.825868172508,4.055259129401431,3453.526083037109,4.046865396355573
252,3473.5956803501995,4.056767084895629,3522.529736179452,4.019116104356795,3468.0882447447634,4.058804775474525,3372.5908857386203,3.9822866050713612,3430.825868172508,4.060952411909301,3453.526083037109,4.0355853963415225
253,3473.5956803501995,4.012773155837052,3522.529736179452,4.052262042879477,3468.0882447447634,4.070091975195781,3372.5908857386203,3.984349056310121,3430.825868172508,4.045151861418857,3453.526083037109,4.0329256183282585
254,3473.5956803501995,4.050089822760144,3522.529736179452,4.054087359566885,3468.0882447447634,4.058321063375333,3372.5908857386203,3.982294757546508,3430.825868172508,4.046556453672056,3453.526083037109,4.038269891384185
255,3473.5956803501995,4.026523885676929,3522.529736179452,4.01539752430547,3468.0882447447634,4.077557345236453,3372.5908857386203,3.9954990995492983,3430.825868172508,4.024351510900665,3453.526083037109,4.027865873133764
256,3473.5956803501995,4.051790683239093,3522.529736179452,4.075623986904407,3468.0882447447634,4.071611549812453,3372.5908857386203,4.033227152971877,3430.825868172508,4.0004166874599605,3453.526083037109,4.046534012077558
257,3473.5956803501995,4.038322539223066,3522.529736179452,4.099757507311604,3468.0882447447634,4.038271579300149,3372.5908857386203,4.059807520519555,3430.825868172508,4.073098662149372,3453.526083037109,4.061851561700749
258,3473.5956803501995,4.057242817246105,3522.529736179452,4.081179516788605,3468.0882447447634,4.065472503213648,3372.5908857386203,4.0753613228585674,3430.825868172508,4.065007178869023,3453.526083037109,4.0688526677951895
259,3473.5956803501995,4.0520402257756984,3522.529736179452,4.063700642613731,3468.0882447447634,4.074722611970645,3372.5908857386203,4.040430539122945,3430.825868172508,4.085211872500952,3453.526083037109,4.063221178396795
260,3473.5956803501995,4.052230279327942,3522.529736179452,4.058707311995514,3468.0882447447634,4.074638527614393,3372.5908857386203,4.043932132424918,3430.825868172508,4.050837260866314,3453.526083037109,4.056069102445816
261,3473.5956803501995,4.056684698773653,3522.529736179452,4.0355718360913455,3468.0882447447634,4.034936636310075,3372.5908857386203,4.020713943929688,3430.825868172508,4.040707966438406,3453.526083037109,4.037723016308634
262,3473.5956803501995,4.045334970570409,3522.529736179452,4.027506787144566,3468.0882447447634,3.9934187768182947,3372.5908857386203,3.9563805638226355,3430.825868172508,4.035794464309088,3453.526083037109,4.011687112532998
263,3473.5956803501995,4.001563756311799,3522.529736179452,3.996767501684018,3468.0882447447634,4.051235815717558,3372.5908857386203,3.9735009443779514,3430.825868172508,4.034489037671512,3453.526083037109,4.011511411152568
264,3473.5956803501995,3.9930867342120036,3522.529736179452,4.011207618323835,3468.0882447447634,4.0758108830848485,3372.5908857386203,4.0227172099643775,3430.825868172508,3.9983972948322717,3453.526083037109,4.0202439480834675
265,3473.5956803501995,4.011065791797535,3522.529736179452,4.008530041700451,3468.0882447447634,4.067294183372386,3372.5908857386203,4.067687502982412,3430.825868172508,4.04858158241402,3453.526083037109,4.0406318204533616
266,3473.5956803501995,4.023470828723213,3522.529736179452,4.048869886601592,3468.0882447447634,4.057960631644348,3372.5908857386203,4.087921609473601,3430.825868172508,4.034006569002663,3453.526083037109,4.0504459050890835
267,3473.5956803501995,4.020636457640434,3522.529736179452,4.065821939207869,3468.0882447447634,4.077314414017598,3372.5908857386203,4.03588607316071,3430.825868172508,4.0483302574940945,3453.526083037109,4.049597828304141
268,3473.5956803501995,4.064238053293779,3522.529736179452,4.060140888813407,3468.0882447447634,4.052695822836184,3372.5908857386203,4.086681300112688,3430.825868172508,4.067993944172379,3453.526083037109,4.066350001845687
269,3473.5956803501995,4.052815343290472,3522.529736179452,4.08604701991442,3468.0882447447634,4.037537292455782,3372.5908857386203,4.047379705641138,3430.825868172508,4.049241534327851,3453.526083037109,4.054604179125933
270,3473.5956803501995,4.0924876135759725,3522.529736179452,4.063104753660917,3468.0882447447634,4.058343886053929,3372.5908857386203,4.046220490536241,3430.825868172508,4.040490364010434,3453.526083037109,4.060129421567499
271,3473.5956803501995,4.048816762083742,3522.529736179452,4.069212582772721,3468.0882447447634,4.034601705127766,3372.5908857386203,4.058586956701962,3430.825868172508,4.043609595044912,3453.526083037109,4.050965520346221
272,3473.5956803501995,4.04603734247571,3522.529736179452,4.031676763076629,3468.0882447447634,4.060344129642916,3372.5908857386203,4.010887403849066,3430.825868172508,4.014618806848908,3453.526083037109,4.0327128891786455
273,3473.5956803501995,4.073912900727645,3522.529736179452,4.0582943995382115,3468.0882447447634,4.060257876468559,3372.5908857386203,4.02706725835965,3430.825868172508,4.027063042494909,3453.526083037109,4.049319095517795
274,3473.5956803501995,4.087894430974021,3522.529736179452,4.0315483943052,3468.0882447447634,4.05254260955055,3372.5908857386203,3.9885863324544037,3430.825868172508,4.014974507830891,3453.526083037109,4.035109255023014
275,3473.5956803501995,4.075583978327956,3522.529736179452,4.043476808991994,3468.0882447447634,4.069405970686652,3372.5908857386203,4.030619898139282,3430.825868172508,4.021188354267808,3453.526083037109,4.048055002082738
276,3473.5956803501995,4.105085616120451,3522.529736179452,4.05294353886571,3468.0882447447634,4.068625250109933,3372.5908857386203,4.009950104407934,3430.825868172508,4.018885529386671,3453.526083037109,4.05109800777814
277,3473.5956803501995,4.069202102994868,3522.529736179452,4.077559694972809,3468.0882447447634,4.03326777989088,3372.5908857386203,4.021312035980126,3430.825868172508,4.034842311353657,3453.526083037109,4.047236785038469
278,3473.5956803501995,4.016075217190846,3522.529736179452,4.0634136957448606,3468.0882447447634,4.028584729158302,3372.5908857386203,4.034283571115118,3430.825868172508,4.0581309770102205,3453.526083037109,4.04009763804387
279,3473.5956803501995,4.022477575175232,3522.529736179452,4.060762606343567,3468.0882447447634,4.020588961323909,3372.5908857386203,4.027675227622785,3430.825868172508,4.071428171267771,3453.526083037109,4.040586508346652
280,3473.5956803501995,4.039531860653677,3522.529736179452,4.045452405706998,3468.0882447447634,3.999811683001975,3372.5908857386203,4.032629941214662,3430.825868172508,4.079512943259631,3453.526083037109,4.039387766767389
281,3473.5956803501995,4.044299082624797,3522.529736179452,4.0379772191645165,3468.0882447447634,4.01223750038162,3372.5908857386203,4.014392145164725,3430.825868172508,4.084685740890176,3453.526083037109,4.038718337645166
282,3473.5956803501995,4.014879899659804,3522.529736179452,4.030457618965165,3468.0882447447634,4.01410480018863,3372.5908857386203,4.030772440638745,3430.825868172508,4.062071860397075,3453.526083037109,4.030457323969884
283,3473.5956803501995,4.035553175441114,3522.529736179452,4.054715595724951,3468.0882447447634,4.015422319536096,3372.5908857386203,4.007046019904082,3430.825868172508,4.0480032683392695,3453.526083037109,4.032148075789102
284,3473.5956803501995,4.066278401321051,3522.529736179452,4.107239644221228,3468.0882447447634,4.053647922368771,3372.5908857386203,4.009300136560985,3430.825868172508,4.033985103339641,3453.526083037109,4.054090241562336
285,3473.5956803501995,4.046168201987593,3522.529736179452,4.080399059101077,3468.0882447447634,4.042443158592756,3372.5908857386203,4.014716599437081,3430.825868172508,4.07327484374443,3453.526083037109,4.051400372572587
286,3473.5956803501995,4.064434227011335,3522.529736179452,4.118344343384825,3468.0882447447634,4.081655466504806,3372.5908857386203,3.99921835546928,3430.825868172508,4.106865500423374,3453.526083037109,4.0741035785587245
287,3473.5956803501995,4.097730347940681,3522.529736179452,4.065153141026199,3468.0882447447634,4.033601197033111,3372.5908857386203,4.01631155239278,3430.825868172508,4.07509960217833,3453.526083037109,4.05757916811422
288,3473.5956803501995,4.0917780293549475,3522.529736179452,4.046441052658633,3468.0882447447634,4.06882565632066,3372.5908857386203,4.060584777514556,3430.825868172508,4.051560839438543,3453.526083037109,4.063838071057468
289,3473.5956803501995,4.084781431601428,3522.529736179452,4.038253139142559,3468.0882447447634,4.055733072514766,3372.5908857386203,4.020659904225398,3430.825868172508,4.09338583411596,3453.526083037109,4.0585626763200215
290,3473.5956803501995,4.050799724172774,3522.529736179452,4.068232343646385,3468.0882447447634,4.029149424443033,3372.5908857386203,4.016925036345881,3430.825868172508,4.085842953139564,3453.526083037109,4.0501898963495275
291,3473.5956803501995,4.0544355066009565,3522.529736179452,4.090043230161087,3468.0882447447634,4.020628904815183,3372.5908857386203,3.9952237764304668,3430.825868172508,4.066991439048561,3453.526083037109,4.045464571411251
292,3473.5956803501995,4.04224216109421,3522.529736179452,4.055674198688949,3468.0882447447634,3.983924856733069,3372.5908857386203,4.042506392228051,3430.825868172508,4.045594220167728,3453.526083037109,4.033988365782402
293,3473.5956803501995,4.064314877075308,3522.529736179452,4.069322378717847,3468.0882447447634,4.0079068439415675,3372.5908857386203,4.04180355735604,3430.825868172508,4.048125932833861,3453.526083037109,4.046294717984925
294,3473.5956803501995,4.106756030962885,3522.529736179452,4.042407689700616,3468.0882447447634,4.012548229468283,3372.5908857386203,4.031064956889056,3430.825868172508,4.030758363137428,3453.526083037109,4.0447070540316545
295,3473.5956803501995,4.085550845327678,3522.529736179452,4.038281949330848,3468.0882447447634,4.039568039664068,3372.5908857386203,4.033522264329232,3430.825868172508,4.0283448707295415,3453.526083037109,4.045053593876274
296,3473.5956803501995,4.0752337136539145,3522.529736179452,4.052463650744528,3468.0882447447634,4.06392010713955,3372.5908857386203,4.026407823990312,3430.825868172508,4.021643137807228,3453.526083037109,4.047933686667107
297,3473.5956803501995,4.080219846577058,3522.529736179452,4.037951679015148,3468.0882447447634,4.070101074484844,3372.5908857386203,4.061727255831888,3430.825868172508,4.055475489923217,3453.526083037109,4.061095069166432
298,3473.5956803501995,4.089085564148672,3522.529736179452,4.046091182927855,3468.0882447447634,4.042779732834624,3372.5908857386203,4.0855409658573745,3430.825868172508,4.071789135254082,3453.526083037109,4.067057316204521
299,3473.5956803501995,4.085790693746215,3522.529736179452,4.07815895331529,3468.0882447447634,4.0352009834384575,3372.5908857386203,4.117895872733654,3430.825868172508,4.045264005739595,3453.526083037109,4.072462101794642
300,3473.5956803501995,4.075315593349704,3522.529736179452,4.053971522378142,3468.0882447447634,4.084923927785054,3372.5908857386203,4.116121823521061,3430.825868172508,4.055042300003415,3453.526083037109,4.077075033407475
301,3473.5956803501995,4.07329582968798,3522.529736179452,4.054087368050526,3468.0882447447634,4.036279799925152,3372.5908857386203,4.092463068835247,3430.825868172508,4.016994202097601,3453.526083037109,4.0546240537193015
302,3473.5956803501995,4.067441821614063,3522.529736179452,4.079818819404753,3468.0882447447634,3.9928819195593754,3372.5908857386203,4.0432088147159755,3430.825868172508,4.000891767474865,3453.526083037109,4.036848628553806
303,3473.5956803501995,4.068490525736928,3522.529736179452,4.068439075432376,3468.0882447447634,3.969705903056553,3372.5908857386203,4.061640447613636,3430.825868172508,3.9910795535536185,3453.526083037109,4.031871101078622
304,3473.5956803501995,4.063775884565097,3522.529736179452,4.130306694081014,3468.0882447447634,3.9813370647901967,3372.5908857386203,4.036251257636783,3430.825868172508,3.973562491172943,3453.526083037109,4.037046678449206
305,3473.5956803501995,4.0509686791201505,3522.529736179452,4.119894821788242,3468.0882447447634,4.032938909742351,3372.5908857386203,4.055740950539431,3430.825868172508,3.980414384770259,3453.526083037109,4.047991549192087
306,3473.5956803501995,4.070110471325542,3522.529736179452,4.112295057450379,3468.0882447447634,4.086152139967431,3372.5908857386203,4.018186570188867,3430.825868172508,4.002030702519307,3453.526083037109,4.057754988290305
307,3473.5956803501995,4.100649827246033,3522.529736179452,4.090317743127401,3468.0882447447634,4.082007285981031,3372.5908857386203,4.021614942317456,3430.825868172508,4.01251244462484,3453.526083037109,4.061420448659352
308,3473.5956803501995,4.074918103724951,3522.529736179452,4.111252872835892,3468.0882447447634,4.121521092550845,3372.5908857386203,4.050963245916882,3430.825868172508,4.065437019166457,3453.526083037109,4.084818466839005
309,3473.5956803501995,4.043317789989367,3522.529736179452,4.1048382397408725,3468.0882447447634,4.082272128750763,3372.5908857386203,4.072114087464701,3430.825868172508,4.011729561089853,3453.526083037109,4.06285436140711
310,3473.5956803501995,4.005645121315412,3522.529736179452,4.062535421814472,3468.0882447447634,4.075215878220225,3372.5908857386203,4.090941954031957,3430.825868172508,3.987192848602061,3453.526083037109,4.044306244796825
311,3473.5956803501995,4.009151589796723,3522.529736179452,4.063477473404967,3468.0882447447634,4.0428372613797015,3372.5908857386203,4.079838450214804,3430.825868172508,3.9945076248048266,3453.526083037109,4.037962479920204
312,3473.5956803501995,4.051966657990322,3522.529736179452,4.0600250579586294,3468.0882447447634,3.9901380052353645,3372.5908857386203,4.054151369915795,3430.825868172508,4.010162620646042,3453.526083037109,4.033288742349231
313,3473.5956803501995,4.059276838936855,3522.529736179452,4.058100654883498,3468.0882447447634,4.047161716655721,3372.5908857386203,4.066442512162298,3430.825868172508,3.9949336926438868,3453.526083037109,4.045183083056452
314,3473.5956803501995,4.043426668205365,3522.529736179452,4.051193200238454,3468.0882447447634,4.048057520713241,3372.5908857386203,4.074951059249969,3430.825868172508,4.0168786994224766,3453.526083037109,4.046901429565901
315,3473.5956803501995,4.041192772960918,3522.529736179452,4.034465526428344,3468.0882447447634,4.012286443111115,3372.5908857386203,4.073070557067641,3430.825868172508,4.061513827332004,3453.526083037109,4.044505825380005
316,3473.5956803501995,4.034960361868697,3522.529736179452,4.055447605825148,3468.0882447447634,4.019392560813616,3372.5908857386203,4.042040528433507,3430.825868172508,4.048643634155679,3453.526083037109,4.04009693821933
317,3473.5956803501995,3.995480904261695,3522.529736179452,4.058562024820898,3468.0882447447634,4.018753328913177,3372.5908857386203,4.074800490492908,3430.825868172508,4.00322495497182,3453.526083037109,4.0301643406920995
318,3473.5956803501995,4.055979701215284,3522.529736179452,4.036600891277497,3468.0882447447634,4.033579058209471,3372.5908857386203,4.068568592409694,3430.825868172508,4.009695940402321,3453.526083037109,4.040884836702853
319,3473.5956803501995,4.07950674841993,3522.529736179452,4.043688474350488,3468.0882447447634,4.019781304299607,3372.5908857386203,4.02064765497234,3430.825868172508,4.019601110786764,3453.526083037109,4.036645058565826
320,3473.5956803501995,4.062996923586955,3522.529736179452,4.0490772677526214,3468.0882447447634,4.050409911991509,3372.5908857386203,4.032479278736548,3430.825868172508,4.035983550767195,3453.526083037109,4.046189386566966
321,3473.5956803501995,4.0661990149745835,3522.529736179452,4.029994787871477,3468.0882447447634,4.038373526819304,3372.5908857386203,4.049906064322426,3430.825868172508,4.023908147691779,3453.526083037109,4.041676308335913
322,3473.5956803501995,4.0511427424951885,3522.529736179452,4.026183477105319,3468.0882447447634,4.037185415582279,3372.5908857386203,4.071605261034151,3430.825868172508,4.000668785651547,3453.526083037109,4.037357136373697
323,3473.5956803501995,4.0616826806864,3522.529736179452,4.04868365592522,3468.0882447447634,4.047675593213822,3372.5908857386203,4.055325887785062,3430.825868172508,4.020985881416519,3453.526083037109,4.046870739805405
324,3473.5956803501995,4.052581790747954,3522.529736179452,4.027402737481359,3468.0882447447634,4.0397458690932355,3372.5908857386203,4.0418291659078545,3430.825868172508,4.023803222816167,3453.526083037109,4.0370725572093145
325,3473.5956803501995,4.023351731871404,3522.529736179452,3.9945277152073206,3468.0882447447634,4.068394806021698,3372.5908857386203,4.066226103285638,3430.825868172508,4.078099692799319,3453.526083037109,4.046120009837077
326,3473.5956803501995,4.033664729911002,3522.529736179452,4.002594059850251,3468.0882447447634,4.0922110450904094,3372.5908857386203,4.081035368042077,3430.825868172508,4.055848914977256,3453.526083037109,4.053070823574198
327,3473.5956803501995,4.081381536448145,3522.529736179452,3.9985808763220367,3468.0882447447634,4.0646308429161095,3372.5908857386203,4.061518994352421,3430.825868172508,4.061247838779461,3453.526083037109,4.053472017763635
328,3473.5956803501995,4.071053619059772,3522.529736179452,4.025392300664287,3468.0882447447634,4.059712074855709,3372.5908857386203,4.006979218452316,3430.825868172508,4.082694175583133,3453.526083037109,4.049166277723043
329,3473.5956803501995,4.073142616751874,3522.529736179452,4.066638939338781,3468.0882447447634,4.030825728192848,3372.5908857386203,4.013968321882364,3430.825868172508,4.083354564125955,3453.526083037109,4.053586034058364
330,3473.5956803501995,4.040968064306504,3522.529736179452,4.060983871177169,3468.0882447447634,4.075998961385591,3372.5908857386203,4.0103739195050006,3430.825868172508,4.05036299502568,3453.526083037109,4.0477375622799885
331,3473.5956803501995,4.059000476272774,3522.529736179452,4.0859020342789165,3468.0882447447634,4.025583134667284,3372.5908857386203,4.031947730547864,3430.825868172508,4.036103247544503,3453.526083037109,4.047707324662268
332,3473.5956803501995,4.083675114726748,3522.529736179452,4.0888485260116765,3468.0882447447634,4.055761252018471,3372.5908857386203,4.036499091986229,3430.825868172508,3.9968874049798897,3453.526083037109,4.052334277944603
333,3473.5956803501995,4.052261215282011,3522.529736179452,4.100319185547,3468.0882447447634,4.077092952481398,3372.5908857386203,4.081566010745924,3430.825868172508,4.0320223566341635,3453.526083037109,4.0686523441380995
334,3473.5956803501995,4.070734120604632,3522.529736179452,4.075184787614506,3468.0882447447634,4.063508206965763,3372.5908857386203,4.076233961729681,3430.825868172508,4.030193436114833,3453.526083037109,4.063170902605883
335,3473.5956803501995,4.0443910144166395,3522.529736179452,4.0811993438505825,3468.0882447447634,4.10126440698028,3372.5908857386203,4.0572968214050436,3430.825868172508,4.06746594663581,3453.526083037109,4.070323506657671
336,3473.5956803501995,4.018044826231166,3522.529736179452,4.084002264331513,3468.0882447447634,4.068250145058332,3372.5908857386203,4.065458015287863,3430.825868172508,4.038878485274313,3453.526083037109,4.054926747236637
337,3473.5956803501995,4.030494717850646,3522.529736179452,4.109578803171001,3468.0882447447634,4.073465445640809,3372.5908857386203,4.093451774304755,3430.825868172508,4.06079973164329,3453.526083037109,4.0735580945221
338,3473.5956803501995,3.9790782696638956,3522.529736179452,4.072504369728783,3468.0882447447634,4.0581263259445715,3372.5908857386203,4.05464361702916,3430.825868172508,4.087851982590307,3453.526083037109,4.050440912991344
339,3473.5956803501995,3.9544728420758326,3522.529736179452,4.057847479887008,3468.0882447447634,4.030895037721231,3372.5908857386203,4.074651007348543,3430.825868172508,4.080385712311996,3453.526083037109,4.039650415868922
340,3473.5956803501995,4.008931578373487,3522.529736179452,4.072162035734802,3468.0882447447634,4.017700536591732,3372.5908857386203,4.078233856119369,3430.825868172508,4.080868704467992,3453.526083037109,4.051579342257477
341,3473.5956803501995,4.043272959967232,3522.529736179452,4.054720365863454,3468.0882447447634,4.004594900413827,3372.5908857386203,4.106034748594032,3430.825868172508,4.106434577032899,3453.526083037109,4.06301151037429
342,3473.5956803501995,4.013037337331772,3522.529736179452,4.074106979059399,3468.0882447447634,4.031448221555884,3372.5908857386203,4.088287882292885,3430.825868172508,4.0760555717719695,3453.526083037109,4.056587198402382
343,3473.5956803501995,4.0515027293592585,3522.529736179452,4.052151309858403,3468.0882447447634,4.0435905552754265,3372.5908857386203,4.11657991448063,3430.825868172508,4.052556561432377,3453.526083037109,4.063276214081219
344,3473.5956803501995,4.054725919870519,3522.529736179452,4.094114063889228,3468.0882447447634,4.017692981146023,3372.5908857386203,4.085378168824328,3430.825868172508,4.050063456303832,3453.526083037109,4.060394918006786
345,3473.5956803501995,4.0307021672054555,3522.529736179452,4.112645607110786,3468.0882447447634,4.000134999926009,3372.5908857386203,4.078352364218739,3430.825868172508,4.0477598398538115,3453.526083037109,4.0539189956629595
346,3473.5956803501995,4.048894004316791,3522.529736179452,4.1006583134939225,3468.0882447447634,4.0008526924803,3372.5908857386203,4.0268354691152854,3430.825868172508,4.047031642911198,3453.526083037109,4.0448544244635
347,3473.5956803501995,4.025298626242611,3522.529736179452,4.094743755674374,3468.0882447447634,4.033716253515522,3372.5908857386203,4.013782618059969,3430.825868172508,4.031391295460538,3453.526083037109,4.039786509790603
348,3473.5956803501995,4.013117286970747,3522.529736179452,4.070868533164661,3468.0882447447634,4.061511668705477,3372.5908857386203,4.014883511038614,3430.825868172508,4.018864604533963,3453.526083037109,4.035849120882693
349,3473.5956803501995,4.01876191398026,3522.529736179452,4.098371124536964,3468.0882447447634,4.0612184502467,3372.5908857386203,4.006041633923624,3430.825868172508,4.002623355231687,3453.526083037109,4.037403295583847
350,3473.5956803501995,4.011363823521422,3522.529736179452,4.054770921072496,3468.0882447447634,4.069783731658739,3372.5908857386203,4.013909598703037,3430.825868172508,4.011992934127591,3453.526083037109,4.032364201816657
351,3473.5956803501995,4.00200169851003,3522.529736179452,4.078091705101495,3468.0882447447634,4.062646796854374,3372.5908857386203,4.020713255629679,3430.825868172508,3.9940399399513327,3453.526083037109,4.031498679209382
352,3473.5956803501995,4.008605729248914,3522.529736179452,4.052178940270869,3468.0882447447634,4.080244943129104,3372.5908857386203,4.033632399069556,3430.825868172508,4.009526654434661,3453.526083037109,4.036837733230621
353,3473.5956803501995,4.023268656236567,3522.529736179452,4.018524507088329,3468.0882447447634,4.050536233319069,3372.5908857386203,4.051600297110969,3430.825868172508,3.963195122237396,3453.526083037109,4.0214249631984655
354,3473.5956803501995,4.0256408783384,3522.529736179452,4.059102522267013,3468.0882447447634,4.0570048250261745,3372.5908857386203,4.0883355283298295,3430.825868172508,4.015112697630365,3453.526083037109,4.0490392903183565
355,3473.5956803501995,4.019299977803611,3522.529736179452,4.027114983217412,3468.0882447447634,4.083571695728898,3372.5908857386203,4.093605405712745,3430.825868172508,3.9974324297002353,3453.526083037109,4.0442048984325805
356,3473.5956803501995,4.008047773651478,3522.529736179452,4.026467441404009,3468.0882447447634,4.078468415885579,3372.5908857386203,4.05433048512317,3430.825868172508,3.9807007530997014,3453.526083037109,4.029602973832787
357,3473.5956803501995,4.043696653627309,3522.529736179452,4.008053296544387,3468.0882447447634,4.061005904228952,3372.5908857386203,4.009208811176649,3430.825868172508,3.992087356415111,3453.526083037109,4.0228104043984825
358,3473.5956803501995,4.066014101485186,3522.529736179452,3.9893687883402236,3468.0882447447634,4.084572062674563,3372.5908857386203,4.022160680339441,3430.825868172508,4.017040558890637,3453.526083037109,4.03583123834601
359,3473.5956803501995,4.075391236042514,3522.529736179452,4.044201813344435,3468.0882447447634,4.09073249445768,3372.5908857386203,4.018985848582654,3430.825868172508,3.979077637658989,3453.526083037109,4.041677806017255
360,3473.5956803501995,4.0490448109569295,3522.529736179452,4.064376884905086,3468.0882447447634,4.089310886185325,3372.5908857386203,4.036668750106232,3430.825868172508,3.986900127298785,3453.526083037109,4.045260291890472
361,3473.5956803501995,4.045132915246821,3522.529736179452,4.087967035364435,3468.0882447447634,4.04372777577049,3372.5908857386203,4.023722203308671,3430.825868172508,4.008620546555689,3453.526083037109,4.0418340952492215
362,3473.5956803501995,4.045291202250211,3522.529736179452,4.048594953936355,3468.0882447447634,4.000067941597713,3372.5908857386203,4.050814912542606,3430.825868172508,4.052821764916654,3453.526083037109,4.039518155048708
363,3473.5956803501995,4.074075821940358,3522.529736179452,4.04501036906152,3468.0882447447634,4.0248821854389165,3372.5908857386203,3.9900811734106987,3430.825868172508,4.025114266435428,3453.526083037109,4.031832763257383
364,3473.5956803501995,4.0821384291049965,3522.529736179452,4.051183143252746,3468.0882447447634,4.027549992948191,3372.5908857386203,3.971321748906848,3430.825868172508,4.029646735378112,3453.526083037109,4.032368009918178
365,3473.5956803501995,4.036662216908121,3522.529736179452,4.0423600306494984,3468.0882447447634,4.0217305662749725,3372.5908857386203,4.000633492940032,3430.825868172508,4.0086203323532565,3453.526083037109,4.022001327825176
366,3473.5956803501995,4.077290104713774,3522.529736179452,4.072099983016099,3468.0882447447634,4.009819438460387,3372.5908857386203,3.986448528539717,3430.825868172508,3.976894644485557,3453.526083037109,4.024510539843107
367,3473.5956803501995,4.085823489266073,3522.529736179452,4.089375292015156,3468.0882447447634,3.9954364406382297,3372.5908857386203,3.9832322822647477,3430.825868172508,3.9684135095924353,3453.526083037109,4.024456202755328
368,3473.5956803501995,4.090591716568134,3522.529736179452,4.050939009385314,3468.0882447447634,4.00969562231776,3372.5908857386203,3.982239916875722,3430.825868172508,3.9900800733110597,3453.526083037109,4.024709267691597
369,3473.5956803501995,4.072192640820899,3522.529736179452,4.016475901805321,3468.0882447447634,4.018890463079515,3372.5908857386203,4.00201516709645,3430.825868172508,4.000219007045184,3453.526083037109,4.021958635969474
370,3473.5956803501995,4.074955861902256,3522.529736179452,4.023996051166989,3468.0882447447634,4.004655613703917,3372.5908857386203,3.970007577700505,3430.825868172508,3.9991010696468217,3453.526083037109,4.014543234824098
371,3473.5956803501995,4.057854217204348,3522.529736179452,4.013498018739458,3468.0882447447634,3.999482250540406,3372.5908857386203,4.033697142485913,3430.825868172508,4.009545385055153,3453.526083037109,4.022815402805056
372,3473.5956803501995,4.061643392179526,3522.529736179452,4.055316417579185,3468.0882447447634,4.026663898827043,3372.5908857386203,4.049279236439693,3430.825868172508,4.038003597721067,3453.526083037109,4.046181308549302
373,3473.5956803501995,4.082826450914897,3522.529736179452,4.0712496590940495,3468.0882447447634,4.041700311805138,3372.5908857386203,4.022186558392864,3430.825868172508,4.019361897841461,3453.526083037109,4.047464975609682
374,3473.5956803501995,4.096782448984058,3522.529736179452,4.064489570909906,3468.0882447447634,4.040048113223573,3372.5908857386203,4.015697931649167,3430.825868172508,4.026927888991184,3453.526083037109,4.048789190751578
375,3473.5956803501995,4.094522753499389,3522.529736179452,4.098706270899579,3468.0882447447634,4.023814734575994,3372.5908857386203,4.0412843927057205,3430.825868172508,4.031676123452663,3453.526083037109,4.058000855026668
376,3473.5956803501995,4.089412189767396,3522.529736179452,4.035251778042865,3468.0882447447634,4.051475150989905,3372.5908857386203,4.0585801653177915,3430.825868172508,4.047187834221796,3453.526083037109,4.0563814236679505
377,3473.5956803501995,4.085721015194754,3522.529736179452,4.039700452847228,3468.0882447447634,4.077243426750366,3372.5908857386203,4.046533007066479,3430.825868172508,3.9945301930694526,3453.526083037109,4.048745618985656
378,3473.5956803501995,4.063447820763711,3522.529736179452,4.0264431322029886,3468.0882447447634,4.063259239747648,3372.5908857386203,4.050074847807567,3430.825868172508,4.005275579006425,3453.526083037109,4.0417001239056685
379,3473.5956803501995,4.062596942405598,3522.529736179452,4.045691494668625,3468.0882447447634,4.047148959553691,3372.5908857386203,4.017919168645296,3430.825868172508,4.0693108882706515,3453.526083037109,4.048533490708772
380,3473.5956803501995,4.064968382460063,3522.529736179452,4.05502606536972,3468.0882447447634,4.076289942987506,3372.5908857386203,4.015839274293581,3430.825868172508,4.071701829435038,3453.526083037109,4.056765098909182
381,3473.5956803501995,4.058606811176881,3522.529736179452,4.037369095889467,3468.0882447447634,4.0553209733579765,3372.5908857386203,4.026572026497975,3430.825868172508,4.035295534289907,3453.526083037109,4.042632888242442
382,3473.5956803501995,4.067429484772834,3522.529736179452,4.0461653113818175,3468.0882447447634,4.076323467196397,3372.5908857386203,4.027441312824659,3430.825868172508,4.03050444466623,3453.526083037109,4.049572804168387
383,3473.5956803501995,4.031410669845036,3522.529736179452,4.016974949696183,3468.0882447447634,4.04609303902857,3372.5908857386203,4.020359751954998,3430.825868172508,4.035941848289568,3453.526083037109,4.030156051762871
384,3473.5956803501995,4.065228967888709,3522.529736179452,3.9720503816577586,3468.0882447447634,4.0294513174843205,3372.5908857386203,4.037605538690029,3430.825868172508,4.048394069217215,3453.526083037109,4.0305460549876075
385,3473.5956803501995,4.05405235518002,3522.529736179452,3.978187958021797,3468.0882447447634,4.016638194032099,3372.5908857386203,4.048354932637166,3430.825868172508,4.071580482342605,3453.526083037109,4.033762784442738
386,3473.5956803501995,4.065339923986347,3522.529736179452,4.032591855860821,3468.0882447447634,4.022595856610465,3372.5908857386203,4.08357977114816,3430.825868172508,4.071716692321426,3453.526083037109,4.055164819985444
387,3473.5956803501995,4.059895472246391,3522.529736179452,4.032770492215012,3468.0882447447634,4.003691841085468,3372.5908857386203,4.055109317308327,3430.825868172508,4.060676221754926,3453.526083037109,4.0424286689220255
388,3473.5956803501995,4.065190331617039,3522.529736179452,4.063951069744443,3468.0882447447634,4.0025807327779415,3372.5908857386203,4.0655967876821215,3430.825868172508,4.058026293724356,3453.526083037109,4.051069043109181
389,3473.5956803501995,4.0251364747465255,3522.529736179452,4.045649935098756,3468.0882447447634,3.9970316355628603,3372.5908857386203,4.096539443115412,3430.825868172508,4.053430758974146,3453.526083037109,4.04355764949954
390,3473.5956803501995,3.976749193218094,3522.529736179452,4.0978064796345395,3468.0882447447634,3.9902054070687782,3372.5908857386203,4.100491029590965,3430.825868172508,4.064065659665687,3453.526083037109,4.045863553835613
391,3473.5956803501995,3.9860704687163637,3522.529736179452,4.098833525455776,3468.0882447447634,4.005175976999338,3372.5908857386203,4.0934633138564465,3430.825868172508,4.093434546975627,3453.526083037109,4.05539556640071
392,3473.5956803501995,4.0094248978213844,3522.529736179452,4.101206113137893,3468.0882447447634,4.010301951657507,3372.5908857386203,4.051272250607114,3430.825868172508,4.089959711839937,3453.526083037109,4.052432985012767
393,3473.5956803501995,4.005786117460286,3522.529736179452,4.068541631877071,3468.0882447447634,4.039128693025274,3372.5908857386203,4.0719012667891095,3430.825868172508,4.091746213802384,3453.526083037109,4.055420784590825
394,3473.5956803501995,4.070093349037443,3522.529736179452,4.070765842191954,3468.0882447447634,4.060151934248858,3372.5908857386203,4.058782997061034,3430.825868172508,4.084091823020648,3453.526083037109,4.068777189111988
395,3473.5956803501995,4.054219669689579,3522.529736179452,4.0698065374801935,3468.0882447447634,4.053368167571232,3372.5908857386203,4.0304869496104105,3430.825868172508,4.051294046119635,3453.526083037109,4.0518350740942095
396,3473.5956803501995,4.051525404773723,3522.529736179452,4.106221179953128,3468.0882447447634,4.037716401951458,3372.5908857386203,4.049168526903876,3430.825868172508,4.036538238748184,3453.526083037109,4.0562339504660745
397,3473.5956803501995,4.061009744256056,3522.529736179452,4.085174010106342,3468.0882447447634,4.022535488271844,3372.5908857386203,4.03503634541645,3430.825868172508,4.04794934692066,3453.526083037109,4.05034098699427
398,3473.5956803501995,4.037543277576007,3522.529736179452,4.049818581307854,3468.0882447447634,4.006001030279085,3372.5908857386203,4.049491299923349,3430.825868172508,4.025052789861832,3453.526083037109,4.033581395789626
399,3473.5956803501995,4.060955564293186,3522.529736179452,4.026812530743576,3468.0882447447634,4.015786578282934,3372.5908857386203,4.058398912618428,3430.825868172508,4.008663023961176,3453.526083037109,4.034123321979861
400,3473.5956803501995,4.035634515737876,3522.529736179452,4.0190123495198025,3468.0882447447634,4.022538985873813,3372.5908857386203,4.077086824830238,3430.825868172508,4.038159694735234,3453.526083037109,4.038486474139393
401,3473.5956803501995,4.003849539958662,3522.529736179452,4.016650374245226,3468.0882447447634,4.0642276998894875,3372.5908857386203,4.078767029039447,3430.825868172508,4.063142217707709,3453.526083037109,4.045327372168106
402,3473.5956803501995,4.0223879163348775,3522.529736179452,4.040857648026506,3468.0882447447634,4.046774540908701,3372.5908857386203,4.092106096884418,3430.825868172508,4.040423710548994,3453.526083037109,4.048509982540699
403,3473.5956803501995,3.9957162948482514,3522.529736179452,4.006671679658493,3468.0882447447634,4.02344403366386,3372.5908857386203,4.077130372352445,3430.825868172508,4.002900557505158,3453.526083037109,4.0211725876056414
404,3473.5956803501995,4.019162705328742,3522.529736179452,4.0036814625556385,3468.0882447447634,4.014302449383955,3372.5908857386203,4.087711627356032,3430.825868172508,4.015232072028872,3453.526083037109,4.028018063330648
405,3473.5956803501995,4.005146166095636,3522.529736179452,3.9763357040288607,3468.0882447447634,4.066483326015047,3372.5908857386203,4.053018799786492,3430.825868172508,4.029130890107747,3453.526083037109,4.026022977206757
406,3473.5956803501995,4.028253837442385,3522.529736179452,4.060671649159086,3468.0882447447634,4.056097152708573,3372.5908857386203,4.036187820816722,3430.825868172508,4.06923668900558,3453.526083037109,4.050089429826469
407,3473.5956803501995,4.018483226220195,3522.529736179452,4.038508270263145,3468.0882447447634,4.019448084104184,3372.5908857386203,4.066489403876109,3430.825868172508,4.066472391924265,3453.526083037109,4.041880275277579
408,3473.5956803501995,4.039134479924279,3522.529736179452,4.013545031875482,3468.0882447447634,4.012759958118111,3372.5908857386203,4.030009185241548,3430.825868172508,4.080042767019126,3453.526083037109,4.03509828443571
409,3473.5956803501995,4.074810771889544,3522.529736179452,4.047678439871498,3468.0882447447634,3.9929487933469554,3372.5908857386203,4.0364268092056905,3430.825868172508,4.090091433313457,3453.526083037109,4.048391249525428
410,3473.5956803501995,4.069035829575298,3522.529736179452,4.035763211050959,3468.0882447447634,4.049138739551198,3372.5908857386203,4.027942048725692,3430.825868172508,4.093775009370597,3453.526083037109,4.055130967654749
411,3473.5956803501995,4.074458639919772,3522.529736179452,4.052266973887116,3468.0882447447634,4.032105958277509,3372.5908857386203,4.043083964499437,3430.825868172508,4.097865848765054,3453.526083037109,4.059956277069778
412,3473.5956803501995,4.085222678821303,3522.529736179452,4.04425913858888,3468.0882447447634,4.004489221065439,3372.5908857386203,3.993885803152481,3430.825868172508,4.102693315180741,3453.526083037109,4.046110031361769
413,3473.5956803501995,4.076843937708988,3522.529736179452,4.078649556193389,3468.0882447447634,4.015050510465997,3372.5908857386203,4.010727644743479,3430.825868172508,4.1150531980711245,3453.526083037109,4.059264969436596
414,3473.5956803501995,4.072509948377817,3522.529736179452,4.097688359058107,3468.0882447447634,4.043308500544295,3372.5908857386203,4.033290570835073,3430.825868172508,4.1449020003322214,3453.526083037109,4.078339875829504
415,3473.5956803501995,4.086594259630405,3522.529736179452,4.130280141658003,3468.0882447447634,4.049462828382247,3372.5908857386203,4.025729325795703,3430.825868172508,4.118994106201887,3453.526083037109,4.082212132333649
416,3473.5956803501995,4.070875976734318,3522.529736179452,4.075387558290112,3468.0882447447634,4.053552477601732,3372.5908857386203,4.008843109019286,3430.825868172508,4.157353846684799,3453.526083037109,4.07320259366605
417,3473.5956803501995,4.052941332725454,3522.529736179452,4.061593947259117,3468.0882447447634,4.09785057604988,3372.5908857386203,4.016093094810463,3430.825868172508,4.10121618730281,3453.526083037109,4.065939027629545
418,3473.5956803501995,4.023998937168128,3522.529736179452,4.062952415470255,3468.0882447447634,4.092230148207994,3372.5908857386203,4.048521635459098,3430.825868172508,4.069654229818576,3453.526083037109,4.05947147322481
419,3473.5956803501995,4.020103923815958,3522.529736179452,4.060939213587464,3468.0882447447634,4.078682622275797,3372.5908857386203,4.094210784410174,3430.825868172508,4.061680140443787,3453.526083037109,4.063123336906636
420,3473.5956803501995,4.00885793068067,3522.529736179452,4.088580863211472,3468.0882447447634,4.086435529564393,3372.5908857386203,4.088080125476136,3430.825868172508,4.056215640217553,3453.526083037109,4.065634017830044
421,3473.5956803501995,3.999420444976377,3522.529736179452,4.078700118899695,3468.0882447447634,4.069875547804471,3372.5908857386203,4.061641779505552,3430.825868172508,4.034546572237401,3453.526083037109,4.048836892684699
422,3473.5956803501995,4.007005642443121,3522.529736179452,4.067553173034927,3468.0882447447634,4.099973351285923,3372.5908857386203,4.013892136264318,3430.825868172508,4.0584646934742485,3453.526083037109,4.049377799300508
423,3473.5956803501995,4.070828269253827,3522.529736179452,4.082482322420336,3468.0882447447634,4.064789123097714,3372.5908857386203,4.015747291667774,3430.825868172508,4.064013141551601,3453.526083037109,4.059572029598251
424,3473.5956803501995,4.062319458059774,3522.529736179452,4.081702722451124,3468.0882447447634,4.073118198071994,3372.5908857386203,4.033247517956774,3430.825868172508,4.075362634175341,3453.526083037109,4.065150106143002
425,3473.5956803501995,4.014945817924132,3522.529736179452,4.084931259833721,3468.0882447447634,4.019229422485503,3372.5908857386203,4.006166092227176,3430.825868172508,4.05351310242303,3453.526083037109,4.0357571389787115
426,3473.5956803501995,4.05976542619282,3522.529736179452,4.089588234940605,3468.0882447447634,3.9861188126951532,3372.5908857386203,4.047315293330203,3430.825868172508,4.044708933265587,3453.526083037109,4.0454993400848736
427,3473.5956803501995,4.054765459934737,3522.529736179452,4.102820476169207,3468.0882447447634,3.9775273016158437,3372.5908857386203,4.092544341766938,3430.825868172508,4.022598638178753,3453.526083037109,4.050051243533096
428,3473.5956803501995,3.9920721192738786,3522.529736179452,4.074202091259922,3468.0882447447634,3.9896362441184015,3372.5908857386203,4.070562995359665,3430.825868172508,4.028787741410375,3453.526083037109,4.031052238284448
429,3473.5956803501995,4.006767851906571,3522.529736179452,4.053093371333578,3468.0882447447634,4.003752195019981,3372.5908857386203,4.065608655435346,3430.825868172508,4.042144456557051,3453.526083037109,4.034273306050505
430,3473.5956803501995,4.036566567078039,3522.529736179452,4.0763737497621815,3468.0882447447634,4.053941811680876,3372.5908857386203,4.074586904692342,3430.825868172508,4.02961927788636,3453.526083037109,4.05421766221996
431,3473.5956803501995,4.002933423946403,3522.529736179452,4.077743772863055,3468.0882447447634,4.109578610754739,3372.5908857386203,4.054664946396998,3430.825868172508,4.039772098844466,3453.526083037109,4.056938570561131
432,3473.5956803501995,3.994729725198857,3522.529736179452,4.0734534926773005,3468.0882447447634,4.11109904433959,3372.5908857386203,4.050707308731348,3430.825868172508,4.0576836873151425,3453.526083037109,4.057534651652448
433,3473.5956803501995,4.022294303606364,3522.529736179452,4.07612239165802,3468.0882447447634,4.085494251542752,3372.5908857386203,4.008869605788608,3430.825868172508,4.0573335087333655,3453.526083037109,4.050022812265821
434,3473.5956803501995,4.08179625438392,3522.529736179452,4.1004416139760425,3468.0882447447634,4.05481465683849,3372.5908857386203,4.042748687730133,3430.825868172508,4.053967690607165,3453.526083037109,4.066753780707151
435,3473.5956803501995,4.075080305762738,3522.529736179452,4.072978628736979,3468.0882447447634,4.000867159630785,3372.5908857386203,4.0359625574248135,3430.825868172508,4.080933697846636,3453.526083037109,4.05316446988039
436,3473.5956803501995,4.066662243942375,3522.529736179452,4.0579588418556485,3468.0882447447634,4.030669096595572,3372.5908857386203,4.020018343951116,3430.825868172508,4.035417779302825,3453.526083037109,4.042145261129507
437,3473.5956803501995,4.0517612970726145,3522.529736179452,4.004617888063123,3468.0882447447634,4.0347944849280735,3372.5908857386203,4.01750766755593,3430.825868172508,4.024910010706288,3453.526083037109,4.0267182696652055
438,3473.5956803501995,4.082861271661241,3522.529736179452,4.028016530364161,3468.0882447447634,4.012120529382425,3372.5908857386203,4.019460822580175,3430.825868172508,4.021656330856145,3453.526083037109,4.03282309696883
439,3473.5956803501995,4.044676742069576,3522.529736179452,3.9890030157387866,3468.0882447447634,4.032439615850233,3372.5908857386203,4.0095805937685745,3430.825868172508,4.021724391989488,3453.526083037109,4.019484871883331
440,3473.5956803501995,4.0685064982498735,3522.529736179452,3.9718266487390705,3468.0882447447634,4.047968055361994,3372.5908857386203,3.9935369507868668,3430.825868172508,3.998312461258752,3453.526083037109,4.016030122879311
441,3473.5956803501995,4.102323431853112,3522.529736179452,4.004138885920173,3468.0882447447634,4.0721115599149496,3372.5908857386203,4.06696915040823,3430.825868172508,4.034950191742476,3453.526083037109,4.056098643967788
442,3473.5956803501995,4.06078837830977,3522.529736179452,4.022913091900111,3468.0882447447634,4.03047032004006,3372.5908857386203,4.0480178910337585,3430.825868172508,4.0045046749992235,3453.526083037109,4.033338871256585
443,3473.5956803501995,4.0206538001645615,3522.529736179452,4.065639438771895,3468.0882447447634,4.007159575636154,3372.5908857386203,4.002271196808085,3430.825868172508,4.023886015100198,3453.526083037109,4.023922005296178
444,3473.5956803501995,4.027280019265535,3522.529736179452,4.0351089117631505,3468.0882447447634,4.0184299915172055,3372.5908857386203,4.021937868574122,3430.825868172508,4.029205466792123,3453.526083037109,4.026392451582428
445,3473.5956803501995,4.044820215571738,3522.529736179452,4.047252959789209,3468.0882447447634,4.047901723484918,3372.5908857386203,4.062293586644154,3430.825868172508,4.072055786268789,3453.526083037109,4.054864854351761
446,3473.5956803501995,4.055514226230585,3522.529736179452,4.063507040217795,3468.0882447447634,4.068371759957656,3372.5908857386203,4.008683177241489,3430.825868172508,4.099886808336266,3453.526083037109,4.059192602396758
447,3473.5956803501995,4.035875138425761,3522.529736179452,4.045605664053887,3468.0882447447634,4.090192523937051,3372.5908857386203,4.024714064066668,3430.825868172508,4.07532562747644,3453.526083037109,4.0543426035919605
448,3473.5956803501995,4.006099346677152,3522.529736179452,4.005262991995718,3468.0882447447634,4.06734369490417,3372.5908857386203,4.0302895479843635,3430.825868172508,4.091268298141962,3453.526083037109,4.040052775940673
449,3473.5956803501995,4.008847520434211,3522.529736179452,4.037072395443427,3468.0882447447634,4.0739809944060585,3372.5908857386203,4.0356394149493555,3430.825868172508,4.095831650321375,3453.526083037109,4.050274395110885
450,3473.5956803501995,4.037748158251978,3522.529736179452,4.036443332617521,3468.0882447447634,4.069124536810614,3372.5908857386203,4.040567463732934,3430.825868172508,4.062247773839174,3453.526083037109,4.049226253050445
451,3473.5956803501995,3.9970766161613605,3522.529736179452,4.028074681882668,3468.0882447447634,4.0732918209522575,3372.5908857386203,4.0385300418397945,3430.825868172508,4.063027922403705,3453.526083037109,4.040000216647957
452,3473.5956803501995,3.9779980116260654,3522.529736179452,4.0391214563955815,3468.0882447447634,4.078117125299346,3372.5908857386203,4.039852139797061,3430.825868172508,3.994996856259459,3453.526083037109,4.026017117875503
453,3473.5956803501995,3.9723767602120468,3522.529736179452,4.037772504910131,3468.0882447447634,4.074856294080441,3372.5908857386203,4.017193026732291,3430.825868172508,4.0177071659336026,3453.526083037109,4.023981150373702
454,3473.5956803501995,4.007619748402215,3522.529736179452,4.07702840317859,3468.0882447447634,4.0764403027655565,3372.5908857386203,4.038599522717706,3430.825868172508,3.992253822456092,3453.526083037109,4.038388359904031
455,3473.5956803501995,4.041252895456708,3522.529736179452,4.059110766115746,3468.0882447447634,4.061120113039729,3372.5908857386203,4.0508982495231605,3430.825868172508,4.028614867298346,3453.526083037109,4.048199378286737
456,3473.5956803501995,4.06186599539235,3522.529736179452,4.042123738484001,3468.0882447447634,4.072120140331366,3372.5908857386203,4.048778263809407,3430.825868172508,4.041330977895402,3453.526083037109,4.0532438231825045
457,3473.5956803501995,4.052693954952639,3522.529736179452,4.076221512341617,3468.0882447447634,4.086460318822966,3372.5908857386203,4.048730796137989,3430.825868172508,4.041266616154215,3453.526083037109,4.061074639681885
458,3473.5956803501995,4.030323457264904,3522.529736179452,4.0918760042671165,3468.0882447447634,4.092273514606131,3372.5908857386203,4.031892893972471,3430.825868172508,4.042932438974193,3453.526083037109,4.057859661816964
459,3473.5956803501995,4.038375478699239,3522.529736179452,4.081374074388592,3468.0882447447634,4.119206469220538,3372.5908857386203,3.988091264545691,3430.825868172508,4.048399751739726,3453.526083037109,4.055089407718757
460,3473.5956803501995,4.10101711805482,3522.529736179452,4.069899307219528,3468.0882447447634,4.068268124641858,3372.5908857386203,4.031455993960012,3430.825868172508,4.0414949530180655,3453.526083037109,4.062427099378857
461,3473.5956803501995,4.086924921120341,3522.529736179452,4.097232224549999,3468.0882447447634,4.058170920641986,3372.5908857386203,4.023068681825618,3430.825868172508,4.081874400039283,3453.526083037109,4.069454229635445
462,3473.5956803501995,4.05252097307243,3522.529736179452,4.102064512478753,3468.0882447447634,4.105096635598078,3372.5908857386203,4.046203646653403,3430.825868172508,4.106195757522179,3453.526083037109,4.082416305064969
463,3473.5956803501995,4.0511249311277595,3522.529736179452,4.055245028145807,3468.0882447447634,4.069963858064744,3372.5908857386203,4.046049827654615,3430.825868172508,4.053342791234855,3453.526083037109,4.055145287245556
464,3473.5956803501995,4.097364133791563,3522.529736179452,4.081584594173591,3468.0882447447634,4.045636889586069,3372.5908857386203,4.037410220029272,3430.825868172508,4.054435436581049,3453.526083037109,4.063286254832308
465,3473.5956803501995,4.069142046458045,3522.529736179452,4.065923856166973,3468.0882447447634,4.061150218441523,3372.5908857386203,4.033418768330919,3430.825868172508,4.058638589043463,3453.526083037109,4.057654695688184
466,3473.5956803501995,4.046290112286648,3522.529736179452,4.067751476362999,3468.0882447447634,4.060778575550021,3372.5908857386203,4.022534144759666,3430.825868172508,3.9930362206168204,3453.526083037109,4.038078105915231
467,3473.5956803501995,4.091223789527058,3522.529736179452,4.077390051189214,3468.0882447447634,4.001129966526357,3372.5908857386203,4.039534237064086,3430.825868172508,4.009377409493358,3453.526083037109,4.043731090760014
468,3473.5956803501995,4.047122643366694,3522.529736179452,4.117758024515587,3468.0882447447634,3.9716598241561867,3372.5908857386203,4.065572194866727,3430.825868172508,3.986626812861706,3453.526083037109,4.037747899953381
469,3473.5956803501995,4.072056266309631,3522.529736179452,4.030685383602836,3468.0882447447634,3.9764640029763823,3372.5908857386203,4.049580438751312,3430.825868172508,3.99557268183225,3453.526083037109,4.024871754694482
470,3473.5956803501995,4.073770324401455,3522.529736179452,4.05114855898218,3468.0882447447634,3.979605864239171,3372.5908857386203,4.055788418823857,3430.825868172508,3.978833515194034,3453.526083037109,4.027829336328139
471,3473.5956803501995,4.074677135866891,3522.529736179452,4.069661902540631,3468.0882447447634,3.980864854167303,3372.5908857386203,4.009539132412729,3430.825868172508,3.9791370740047225,3453.526083037109,4.022776019798455
472,3473.5956803501995,4.094544182481992,3522.529736179452,4.0845393170352695,3468.0882447447634,4.018579371730464,3372.5908857386203,4.016626982683264,3430.825868172508,3.986788112656968,3453.526083037109,4.040215593317591
473,3473.5956803501995,4.07687540022464,3522.529736179452,4.051039321243349,3468.0882447447634,4.002921141471766,3372.5908857386203,4.023207079073302,3430.825868172508,4.006280411827543,3453.526083037109,4.03206467076812
474,3473.5956803501995,4.0616146604925145,3522.529736179452,4.042855141384542,3468.0882447447634,3.985775966872852,3372.5908857386203,4.02869532664238,3430.825868172508,4.015815776161928,3453.526083037109,4.026951374310843
475,3473.5956803501995,4.074268007007489,3522.529736179452,4.06302901563351,3468.0882447447634,4.009753784155251,3372.5908857386203,4.004610065941728,3430.825868172508,3.994730831459409,3453.526083037109,4.029278340839477
476,3473.5956803501995,4.052251019392847,3522.529736179452,4.1071543923801475,3468.0882447447634,3.9915811893312716,3372.5908857386203,3.999865161354015,3430.825868172508,4.022149889558517,3453.526083037109,4.034600330403359
477,3473.5956803501995,4.041819546697355,3522.529736179452,4.062831198810607,3468.0882447447634,3.972113760772761,3372.5908857386203,4.020343072150673,3430.825868172508,3.9944659110257588,3453.526083037109,4.018314697891432
478,3473.5956803501995,4.102442998853958,3522.529736179452,4.061385513939291,3468.0882447447634,3.9961470786335362,3372.5908857386203,3.9574328685692968,3430.825868172508,4.02682190497035,3453.526083037109,4.028846072993287
479,3473.5956803501995,4.0633073055109845,3522.529736179452,4.080144324374871,3468.0882447447634,4.0335209791216275,3372.5908857386203,3.991853251582028,3430.825868172508,4.0048310974200225,3453.526083037109,4.034731391601907
480,3473.5956803501995,4.110418742540248,3522.529736179452,4.078957405859975,3468.0882447447634,4.04485686547129,3372.5908857386203,3.9737239033766127,3430.825868172508,4.010666540168733,3453.526083037109,4.043724691483372
481,3473.5956803501995,4.06753340854554,3522.529736179452,4.071249780124237,3468.0882447447634,4.068664734068083,3372.5908857386203,4.001115573950871,3430.825868172508,4.0575774641230264,3453.526083037109,4.0532281921623525
482,3473.5956803501995,4.072016477603299,3522.529736179452,4.103763484965391,3468.0882447447634,4.06628616532186,3372.5908857386203,4.046772024845272,3430.825868172508,4.011676952658504,3453.526083037109,4.060103021078865
483,3473.5956803501995,4.068235672684987,3522.529736179452,4.067309840767662,3468.0882447447634,4.036070075650978,3372.5908857386203,4.02528771678924,3430.825868172508,3.998513906613048,3453.526083037109,4.039083442501183
484,3473.5956803501995,4.038872132370246,3522.529736179452,4.056146938934937,3468.0882447447634,4.0273125506420895,3372.5908857386203,4.037457771806148,3430.825868172508,4.035129497059178,3453.526083037109,4.038983778162519
485,3473.5956803501995,4.030474869632107,3522.529736179452,4.014494109001656,3468.0882447447634,4.01633112161841,3372.5908857386203,4.058327744425407,3430.825868172508,4.024649001313155,3453.526083037109,4.028855369198147
486,3473.5956803501995,4.049462844099453,3498.010769112174,4.044643735389333,3468.0882447447634,4.072299239713762,3372.5908857386203,4.060219045105709,3430.825868172508,4.019273206941827,3448.622289623653,4.049179614250017
487,3473.5956803501995,4.0301222470041935,3498.010769112174,4.0597569216573115,3468.0882447447634,4.023080982672193,3372.5908857386203,4.048251292332574,3430.825868172508,3.998969602311057,3448.622289623653,4.032036209195466
488,3473.5956803501995,4.010811541674895,3498.010769112174,4.069903839009314,3468.0882447447634,4.000500616096425,3372.5908857386203,4.064274458630441,3430.825868172508,4.052228943161742,3448.622289623653,4.039543879714563
489,3473.5956803501995,4.023739837668121,3498.010769112174,4.1134265551313565,3468.0882447447634,4.027263135598351,3372.5908857386203,4.062132676184586,3430.825868172508,4.0421476410815105,3448.622289623653,4.053741969132785
490,3473.5956803501995,3.9959099646187233,3498.010769112174,4.113439835141538,3468.0882447447634,4.008424928943992,3372.5908857386203,4.05863167947288,3430.825868172508,4.049450085787552,3448.622289623653,4.045171298792937
491,3473.5956803501995,4.038375446973582,3498.010769112174,4.081008359574911,3468.0882447447634,4.037133452893177,3372.5908857386203,4.019651791946428,3430.825868172508,4.039557433854549,3448.622289623653,4.04314529704853
492,3473.5956803501995,4.0444389779358145,3498.010769112174,4.072856692307979,3468.0882447447634,4.053040434912349,3372.5908857386203,3.9989395467032103,3430.825868172508,4.036355110230598,3448.622289623653,4.04112615241799
493,3473.5956803501995,4.048749773555689,3498.010769112174,4.060191169628726,3468.0882447447634,4.064069482017434,3372.5908857386203,4.024510463011833,3430.825868172508,4.052058659191273,3448.622289623653,4.049915909480991
494,3473.5956803501995,4.0705279072423535,3498.010769112174,4.0364445139992915,3468.0882447447634,4.045697804290299,3372.5908857386203,4.005447854283865,3430.825868172508,4.050185191720164,3448.622289623653,4.0416606543071945
495,3473.5956803501995,4.065291206826941,3498.010769112174,4.013714691939546,3468.0882447447634,4.010435101223911,3372.5908857386203,4.0217168712859035,3430.825868172508,4.038363544760515,3448.622289623653,4.0299042832073635
496,3473.5956803501995,4.048860790722189,3498.010769112174,4.003803622495532,3468.0882447447634,4.026669146995136,3372.5908857386203,4.074406897873889,3430.825868172508,4.054829966800109,3448.622289623653,4.041714084977371
497,3473.5956803501995,4.049996365842215,3498.010769112174,3.964725892362435,3468.0882447447634,4.039066742702659,3372.5908857386203,4.05316541300871,3430.825868172508,4.019913455413833,3448.622289623653,4.02537357386597
498,3473.5956803501995,4.04162424075057,3498.010769112174,3.9835788911281576,3468.0882447447634,4.001838378765003,3372.5908857386203,4.063675306447701,3430.825868172508,4.049900290953295,3448.622289623653,4.028123421608946
499,3473.5956803501995,4.05595774876922,3498.010769112174,3.994547225322838,3468.0882447447634,4.058926634686217,3372.5908857386203,4.027775206465903,3430.825868172508,4.087965127961005,3448.622289623653,4.045034388641037
500,3473.5956803501995,4.027684580347247,3498.010769112174,3.998508257195729,3468.0882447447634,4.071681689325685,3372.5908857386203,4.0220405212719115,3430.825868172508,4.029100206173645,3448.622289623653,4.029803050862844
