generation,fitness_run_1,diversity_run_1,fitness_run_2,diversity_run_2,fitness_run_3,diversity_run_3,fitness_run_4,diversity_run_4,fitness_run_5,diversity_run_5,fitness_average,diversity_average
1,4115.232899435292,19.96631868687774,4205.181373871704,19.97768918921458,3964.6813944075207,19.989280833877107,4183.958504560549,19.963876548702245,4295.313262787989,19.97526807270229,4152.873487012611,19.974486666274792
2,4115.232899435292,19.96855670231529,4205.181373871704,19.97180699714417,3964.6813944075207,19.98683165364317,4183.958504560549,19.946803203491815,4150.204753198369,19.963360257723586,4123.851785094686,19.967471762863607
3,4000.8433983535656,19.933442965372958,4205.181373871704,19.96857246719309,3964.6813944075207,19.975280148667096,4183.958504560549,19.952522817157107,4150.204753198369,19.96209489272836,4100.973884878342,19.95838265822372
4,4000.8433983535656,19.969025540792853,4205.181373871704,19.975183657198286,3964.6813944075207,19.978547819588115,4183.958504560549,19.97360392840007,4150.204753198369,19.972551807007285,4100.973884878342,19.97378255059732
5,4000.8433983535656,19.98194559629293,4205.181373871704,19.98465186737402,3964.6813944075207,19.97731396141624,4152.7791132817565,19.959683241214012,4150.204753198369,19.97400604850699,4094.738006622583,19.97552014296084
6,4000.8433983535656,19.974921858025457,4205.181373871704,19.977085796079137,3964.6813944075207,19.983840194737194,4152.7791132817565,19.96821176003372,4150.204753198369,19.97095914052093,4094.738006622583,19.97500374987929
7,4000.8433983535656,19.982733642440387,4119.336030446719,19.960048064428815,3964.6813944075207,19.978688745544247,3965.8201754761026,19.95857319737685,4150.204753198369,19.975550783621518,4040.1771503764553,19.971118886682362
8,4000.8433983535656,19.97474220150848,4119.336030446719,19.97481600178237,3964.6813944075207,19.968302027323446,3965.8201754761026,19.968610665055206,4150.204753198369,19.963501810899043,4040.1771503764553,19.96999454131371
9,4000.8433983535656,19.97099952544158,4119.336030446719,19.9721184759911,3964.6813944075207,19.956766487554784,3965.8201754761026,19.961124025269203,4150.204753198369,19.981302653407802,4040.1771503764553,19.968462233532893
10,4000.8433983535656,19.97948119153446,4119.336030446719,19.952783945018183,3964.6813944075207,19.96440514052134,3965.8201754761026,19.97797713832109,3997.4274222938034,19.964156924067314,4009.621684195542,19.967760867892476
11,4000.8433983535656,19.959790623952742,4119.336030446719,19.9737117723715,3964.6813944075207,19.961312938408486,3965.8201754761026,19.970930516079918,3997.4274222938034,19.960893168734586,4009.621684195542,19.965327803909446
12,4000.8433983535656,19.950143193047744,4119.336030446719,19.978995117366956,3964.6813944075207,19.971406665553644,3965.8201754761026,19.99462603986043,3997.4274222938034,19.966322555718914,4009.621684195542,19.972298714309538
13,4000.8433983535656,19.97137684916156,4119.336030446719,19.96610635098993,3964.6813944075207,19.96242065834675,3965.8201754761026,19.989159067215294,3997.4274222938034,19.974809960985496,4009.621684195542,19.972774577339806
14,4000.8433983535656,19.962999689714923,4119.336030446719,19.970619064360825,3964.6813944075207,19.968456227858322,3965.8201754761026,19.981717198538796,3997.4274222938034,19.978868892417204,4009.621684195542,19.972532214578017
15,4000.8433983535656,19.95986828748681,4119.336030446719,19.96647970799011,3964.6813944075207,19.96365744686682,3965.8201754761026,19.973345768740728,3997.4274222938034,19.96622546220464,4009.621684195542,19.96591533465782
16,4000.8433983535656,19.955003053090937,4119.336030446719,19.97617613106954,3964.6813944075207,19.966426318756177,3965.8201754761026,19.966239308447268,3997.4274222938034,19.97045926531381,4009.621684195542,19.966860815335544
17,4000.8433983535656,19.964717479233634,4119.336030446719,19.969066043719806,3964.6813944075207,19.972382551762532,3965.8201754761026,19.975368450850087,3997.4274222938034,19.951743598139036,4009.621684195542,19.966655624741016
18,4000.8433983535656,19.970929952853435,4119.336030446719,19.968712777881315,3964.6813944075207,19.96076639547097,3965.8201754761026,19.96815929250874,3997.4274222938034,19.97459516925947,4009.621684195542,19.968632717594787
19,4000.8433983535656,19.957257777095233,4087.588557303713,19.96485986422713,3964.6813944075207,19.948802888109782,3965.8201754761026,19.987315813691346,3997.4274222938034,19.9760667437458,4003.272189566941,19.966860617373857
20,4000.8433983535656,19.973780262563213,4087.588557303713,19.962227929954324,3964.6813944075207,19.978962857614707,3965.8201754761026,19.957711304311267,3997.4274222938034,19.981848822127553,4003.272189566941,19.97090623531421
21,4000.8433983535656,19.976817440617356,4087.588557303713,19.970324334646833,3964.6813944075207,19.967643535303758,3965.8201754761026,19.976208722500434,3997.4274222938034,19.978821207746538,4003.272189566941,19.973963048162982
22,4000.8433983535656,19.97136303869375,4087.588557303713,19.97136863841729,3964.6813944075207,19.972109016011363,3965.8201754761026,19.9498045615717,3997.4274222938034,19.971956581271794,4003.272189566941,19.967320367193178
23,4000.8433983535656,19.979228594529165,4087.588557303713,19.965638083776806,3964.6813944075207,19.98460886144016,3965.8201754761026,19.95768897253599,3997.4274222938034,19.97600367714871,4003.272189566941,19.97263363788617
24,3894.4767552115577,19.978512679703524,4087.588557303713,19.96053979995511,3964.6813944075207,19.964947962385757,3965.8201754761026,19.977497606838302,3997.4274222938034,19.976513490242446,3981.998860938539,19.971602307825027
25,3894.4767552115577,19.962014572144245,4087.588557303713,19.969805480475756,3964.6813944075207,19.97386897694601,3965.8201754761026,19.959096581660297,3997.4274222938034,19.96630491949031,3981.998860938539,19.966218106143323
26,3894.4767552115577,19.960784206805403,4087.588557303713,19.976971650552557,3964.6813944075207,19.964941744330293,3965.8201754761026,19.959320449412346,3997.4274222938034,19.97697278417389,3981.998860938539,19.967798167054895
27,3894.4767552115577,19.956135310288115,4087.588557303713,19.96557100809435,3964.6813944075207,19.978859886300306,3965.8201754761026,19.956218913020347,3997.4274222938034,19.968013004685773,3981.998860938539,19.96495962447778
28,3894.4767552115577,19.96725706078329,4045.893382781742,19.979321672286833,3964.6813944075207,19.971709022931762,3965.8201754761026,19.960373729938585,3997.4274222938034,19.975099038653607,3973.659826034145,19.970752104918816
29,3894.4767552115577,19.97226115159186,4045.893382781742,19.968156625903987,3964.6813944075207,19.969488674739484,3965.8201754761026,19.984934844745503,3997.4274222938034,19.96054872792346,3973.659826034145,19.97107800498086
30,3894.4767552115577,19.972533484440053,4045.893382781742,19.95659213160258,3964.6813944075207,19.96965451296148,3965.8201754761026,19.983188050797676,3997.4274222938034,19.9589349983825,3973.659826034145,19.96818063563686
31,3894.4767552115577,19.9684967784098,4045.893382781742,19.951420992589128,3964.6813944075207,19.96929381311586,3965.8201754761026,19.95939658199754,3997.4274222938034,19.967465708229476,3973.659826034145,19.963214774868362
32,3894.4767552115577,19.975297017445616,4045.893382781742,19.970638704182765,3964.6813944075207,19.98220250418469,3965.8201754761026,19.968397559281904,3997.4274222938034,19.9788274290048,3973.659826034145,19.975072642819956
33,3894.4767552115577,19.965661333756447,4045.893382781742,19.978542565222977,3964.6813944075207,19.96999800234212,3965.8201754761026,19.97424243156208,3997.4274222938034,19.972163440071178,3973.659826034145,19.972121554590963
34,3894.4767552115577,19.966236514876954,4045.893382781742,19.978446506428718,3964.6813944075207,19.95351889865016,3965.8201754761026,19.955561105682623,3997.4274222938034,19.96278741945143,3973.659826034145,19.963310089017977
35,3894.4767552115577,19.953924055698366,4045.893382781742,19.992998860180034,3964.6813944075207,19.968552224227736,3965.8201754761026,19.972960714098047,3997.4274222938034,19.96663113509042,3973.659826034145,19.971013397858922
36,3894.4767552115577,19.96729097048232,4045.893382781742,19.985910627848213,3964.6813944075207,19.964707943516817,3965.8201754761026,19.969005815747135,3997.4274222938034,19.969335429660575,3973.659826034145,19.971250157451014
37,3894.4767552115577,19.966385448814748,4045.893382781742,19.96427981946043,3964.6813944075207,19.9707720979663,3965.8201754761026,19.969437574546003,3997.4274222938034,19.968089083105724,3973.659826034145,19.967792804778643
38,3894.4767552115577,19.96273414499606,4045.893382781742,19.968006047196067,3964.6813944075207,19.962261012298587,3965.8201754761026,19.971059770738265,3997.4274222938034,19.964563127271983,3973.659826034145,19.965724820500192
39,3894.4767552115577,19.9686948429723,4045.893382781742,19.981869185655405,3964.6813944075207,19.97818992686899,3965.8201754761026,19.98414730900878,3997.4274222938034,19.964585023619392,3973.659826034145,19.975497257624973
40,3894.4767552115577,19.965871283517135,4045.893382781742,19.96317670274524,3964.6813944075207,19.974128548106435,3965.8201754761026,19.968632702685717,3997.4274222938034,19.976390383706644,3973.659826034145,19.969639924152233
41,3894.4767552115577,19.97309452968078,4045.893382781742,19.94994301419458,3964.6813944075207,19.967007067525806,3965.8201754761026,19.96156898367331,3997.4274222938034,19.98024673012102,3973.659826034145,19.9663720650391
42,3894.4767552115577,19.960524540643565,4045.893382781742,19.965363268191908,3964.6813944075207,19.97669120798528,3965.8201754761026,19.955224440359302,3997.4274222938034,19.970898060202767,3973.659826034145,19.965740303476565
43,3894.4767552115577,19.97661329229123,4045.893382781742,19.96962641781469,3964.6813944075207,19.976847095574914,3965.8201754761026,19.9546934011863,3997.4274222938034,19.97288831766933,3973.659826034145,19.970133704907294
44,3894.4767552115577,19.959919503480275,4045.893382781742,19.97831849332331,3964.6813944075207,19.95769736293656,3965.8201754761026,19.96610801903573,3997.4274222938034,19.97495797580018,3973.659826034145,19.967400270915213
45,3894.4767552115577,19.962240001554644,4045.893382781742,19.9733040210223,3964.6813944075207,19.968886047996847,3965.8201754761026,19.977520088398776,3997.4274222938034,19.982423437742554,3973.659826034145,19.972874719343025
46,3894.4767552115577,19.949225500362978,4045.893382781742,19.9757545627644,3964.6813944075207,19.97435329683202,3965.8201754761026,19.96643915947896,3997.4274222938034,19.97345317178227,3973.659826034145,19.967845138244126
47,3894.4767552115577,19.948052465941437,4045.893382781742,19.966036189439702,3964.6813944075207,19.978306506302037,3965.8201754761026,19.96558000773821,3997.4274222938034,19.956191440657868,3973.659826034145,19.962833322015847
48,3894.4767552115577,19.944711519804418,4045.893382781742,19.95510407580577,3964.6813944075207,19.974414574557255,3965.8201754761026,19.96950149043066,3997.4274222938034,19.97631937317913,3973.659826034145,19.96401020675545
49,3894.4767552115577,19.954743150873554,4045.893382781742,19.976411808531235,3964.6813944075207,19.96862435299276,3965.8201754761026,19.975931083766536,3997.4274222938034,19.978712925476536,3973.659826034145,19.97088466432813
50,3894.4767552115577,19.96110292220405,4045.893382781742,19.983858248746166,3964.6813944075207,19.97749644453413,3965.8201754761026,19.972799411254226,3997.4274222938034,19.95552871550799,3973.659826034145,19.970157148449314
51,3894.4767552115577,19.973254364810007,4045.893382781742,19.967579676449606,3964.6813944075207,19.977063174149023,3965.8201754761026,19.97344148434431,3997.4274222938034,19.97683690441654,3973.659826034145,19.973635120833897
52,3894.4767552115577,19.973470259901553,4045.893382781742,19.95514925597396,3964.6813944075207,19.962097893340584,3965.8201754761026,19.976061504073765,3997.4274222938034,19.957637541849067,3973.659826034145,19.964883291027785
53,3894.4767552115577,19.963539173449366,4045.893382781742,19.978728935528537,3964.6813944075207,19.97190804414539,3965.8201754761026,19.9613813632022,3997.4274222938034,19.96100047552899,3973.659826034145,19.967311598370898
54,3894.4767552115577,19.96445836225544,4045.893382781742,19.972777358910196,3964.6813944075207,19.95960705696684,3965.8201754761026,19.986239446338658,3997.4274222938034,19.973554533701915,3973.659826034145,19.97132735163461
55,3894.4767552115577,19.966065512379114,4045.893382781742,19.955581313497124,3964.6813944075207,19.938023851607717,3965.8201754761026,19.96934294054232,3997.4274222938034,19.98140497617203,3973.659826034145,19.962083718839658
56,3894.4767552115577,19.968221265755798,4045.893382781742,19.964996181592834,3964.6813944075207,19.96841769195332,3965.8201754761026,19.954161110361095,3997.4274222938034,19.975651972615342,3973.659826034145,19.966289644455678
57,3894.4767552115577,19.9673555286165,4045.893382781742,19.946285465860853,3964.6813944075207,19.963112757653448,3965.8201754761026,19.95626919864917,3997.4274222938034,19.97564082044738,3973.659826034145,19.96173275424547
58,3894.4767552115577,19.97124764823194,4045.893382781742,19.96342422579882,3964.6813944075207,19.97869968328068,3965.8201754761026,19.974466587026175,3997.4274222938034,19.95710247132844,3973.659826034145,19.96898812313321
59,3894.4767552115577,19.97190840256008,4045.893382781742,19.954751383289558,3964.6813944075207,19.960138810487965,3965.8201754761026,19.96896036608228,3997.4274222938034,19.967106143110996,3973.659826034145,19.964573021106176
60,3894.4767552115577,19.97383078382676,4045.893382781742,19.963209871350255,3964.6813944075207,19.98568439766133,3965.8201754761026,19.958933897946544,3997.4274222938034,19.97127277534957,3973.659826034145,19.970586345226895
61,3894.4767552115577,19.979279814255275,4045.893382781742,19.975208379702284,3964.6813944075207,19.980339760416157,3965.8201754761026,19.955347563907097,3997.4274222938034,19.97265089804048,3973.659826034145,19.97256528326426
62,3894.4767552115577,19.963172901597098,4045.893382781742,19.969422663154273,3964.6813944075207,19.97247903143684,3965.8201754761026,19.950484281616713,3997.4274222938034,19.972167390548844,3973.659826034145,19.965545253670754
63,3894.4767552115577,19.97803969441536,4045.893382781742,19.956626867243852,3964.6813944075207,19.969001531946432,3965.8201754761026,19.955729125615285,3997.4274222938034,19.96933812564649,3973.659826034145,19.965747068973485
64,3894.4767552115577,19.98087101402924,4045.893382781742,19.95151681221914,3964.6813944075207,19.957444564831235,3965.8201754761026,19.97203678778914,3997.4274222938034,19.97936320673897,3973.659826034145,19.968246477121546
65,3894.4767552115577,19.98160305749901,4045.893382781742,19.966575558878287,3964.6813944075207,19.959428919567824,3965.8201754761026,19.961771914344773,3997.4274222938034,19.969009034830783,3973.659826034145,19.967677697024136
66,3894.4767552115577,19.960454733486742,4045.893382781742,19.98339261967427,3964.6813944075207,19.96282934849503,3965.8201754761026,19.966774306442474,3997.4274222938034,19.959570090622964,3973.659826034145,19.966604219744294
67,3894.4767552115577,19.964620539357107,4045.893382781742,19.97730314810503,3964.6813944075207,19.969627171010703,3965.8201754761026,19.95684217536372,3997.4274222938034,19.98594071521194,3973.659826034145,19.970866749809698
68,3894.4767552115577,19.958777457768765,4045.893382781742,19.97208526786469,3964.6813944075207,19.960697515856882,3965.8201754761026,19.945049900161173,3997.4274222938034,19.96098053486533,3973.659826034145,19.959518135303366
69,3894.4767552115577,19.96035448835217,4045.893382781742,19.953931089495143,3964.6813944075207,19.97227784995081,3965.8201754761026,19.970088652527604,3997.4274222938034,19.962535964344596,3973.659826034145,19.963837608934064
70,3894.4767552115577,19.974317234362516,4045.893382781742,19.97729037897212,3964.6813944075207,19.95992835301281,3965.8201754761026,19.96956658319137,3997.4274222938034,19.980456271813075,3973.659826034145,19.972311764270376
71,3894.4767552115577,19.967252724673774,4045.893382781742,19.979957288498877,3964.6813944075207,19.94391736567443,3965.8201754761026,19.97305557152327,3997.4274222938034,19.96601898925481,3973.659826034145,19.96604038792503
72,3894.4767552115577,19.968822180044135,4045.893382781742,19.956272542229375,3964.6813944075207,19.973929263068598,3965.8201754761026,19.9617880726894,3997.4274222938034,19.958925683627562,3973.659826034145,19.963947548331817
73,3894.4767552115577,19.952506910034757,4045.893382781742,19.963144112074957,3964.6813944075207,19.968604561010878,3965.8201754761026,19.98441155671589,3997.4274222938034,19.97194203001646,3973.659826034145,19.96812183397059
74,3894.4767552115577,19.974433529753448,4045.893382781742,19.975412629558555,3964.6813944075207,19.95884388938459,3965.8201754761026,19.963375311528292,3988.6464395799726,19.975397262146814,3971.9036294913794,19.96949252447434
75,3894.4767552115577,19.97775184574389,4045.893382781742,19.971601865430664,3964.6813944075207,19.97971458455411,3965.8201754761026,19.966894039536065,3988.6464395799726,19.96924114944079,3971.9036294913794,19.973040696941105
76,3894.4767552115577,19.972099627816256,4045.893382781742,19.97448438501879,3964.6813944075207,19.97754909968229,3965.8201754761026,19.964316486357465,3988.6464395799726,19.96590672247598,3971.9036294913794,19.970871264270155
77,3894.4767552115577,19.964106467668834,4045.893382781742,19.965810104818846,3964.6813944075207,19.95388623633133,3965.8201754761026,19.96839362324444,3988.6464395799726,19.961916867292494,3971.9036294913794,19.962822659871186
78,3894.4767552115577,19.986768861853932,4045.893382781742,19.961685910148006,3964.6813944075207,19.956168174720236,3965.8201754761026,19.96731159535491,3988.6464395799726,19.959817439729257,3971.9036294913794,19.96635039636127
79,3894.4767552115577,19.97693370535368,4045.893382781742,19.97082031181396,3964.6813944075207,19.956776607110047,3965.8201754761026,19.978132026122058,3988.6464395799726,19.946913411944955,3971.9036294913794,19.96591521246894
80,3894.4767552115577,19.96992168368512,4045.893382781742,19.961364705412716,3964.6813944075207,19.9542148493769,3965.8201754761026,19.969720144487777,3975.797810400261,19.959308691106777,3969.3339036554366,19.96290601481386
81,3894.4767552115577,19.966645937816622,4045.893382781742,19.95211376511629,3964.6813944075207,19.95212999935069,3965.8201754761026,19.954755930997056,3975.797810400261,19.972768241665406,3969.3339036554366,19.95968277498921
82,3894.4767552115577,19.96898668563574,4045.893382781742,19.965068963467708,3964.6813944075207,19.958647649673154,3965.8201754761026,19.97075155803234,3975.797810400261,19.96467323287886,3969.3339036554366,19.965625617937558
83,3894.4767552115577,19.978324293600632,4045.893382781742,19.956358686922222,3964.6813944075207,19.97833569170291,3965.8201754761026,19.960570016277476,3975.797810400261,19.966086214800043,3969.3339036554366,19.967934980660655
84,3894.4767552115577,19.97109840552061,4045.893382781742,19.973677306120184,3964.6813944075207,19.963788608271077,3965.8201754761026,19.977039214484943,3975.797810400261,19.973354267662135,3969.3339036554366,19.97179156041179
85,3894.4767552115577,19.97431053244445,4045.893382781742,19.97653295325837,3964.6813944075207,19.953120518396865,3965.8201754761026,19.977931163296525,3975.797810400261,19.965138549674865,3969.3339036554366,19.969406743414215
86,3894.4767552115577,19.973033305394654,4045.893382781742,19.98029913208507,3964.6813944075207,19.956552030872324,3965.8201754761026,19.955498120637237,3975.797810400261,19.95980269711693,3969.3339036554366,19.965037057221245
87,3894.4767552115577,19.960848052639694,4045.893382781742,19.97343129582032,3964.6813944075207,19.967736769069106,3965.8201754761026,19.96295973501623,3975.797810400261,19.965518521526917,3969.3339036554366,19.966098874814453
88,3894.4767552115577,19.98118604859096,4045.893382781742,19.950329500602017,3964.6813944075207,19.97963510710941,3965.8201754761026,19.96880783003946,3975.797810400261,19.96677619026129,3969.3339036554366,19.969346935320626
89,3894.4767552115577,19.97860430071319,4045.893382781742,19.956808197737363,3964.6813944075207,19.972555063061275,3965.8201754761026,19.95752540269891,3975.797810400261,19.968786481679697,3969.3339036554366,19.966855889178085
90,3894.4767552115577,19.97378799001155,4045.893382781742,19.950103818550875,3964.6813944075207,19.96704724118024,3965.8201754761026,19.96004017029573,3975.797810400261,19.98317467270097,3969.3339036554366,19.966830778547873
91,3894.4767552115577,19.96497994609413,4045.893382781742,19.9669905259466,3964.6813944075207,19.9693945424002,3965.8201754761026,19.962331012395357,3975.797810400261,19.980883458536404,3969.3339036554366,19.968915897074538
92,3894.4767552115577,19.97045909198413,4045.893382781742,19.972013358031262,3964.6813944075207,19.97197853761951,3965.8201754761026,19.98573733879824,3975.797810400261,19.968642526496474,3969.3339036554366,19.973766170585925
93,3894.4767552115577,19.97246073893078,4045.893382781742,19.959824614237206,3964.6813944075207,19.961498967697835,3965.8201754761026,19.981683460071796,3975.797810400261,19.962093518801943,3969.3339036554366,19.96751225994791
94,3894.4767552115577,19.972266781686976,4045.893382781742,19.968503566871604,3964.6813944075207,19.973013280186905,3965.8201754761026,19.96969765676451,3975.797810400261,19.958274564920078,3969.3339036554366,19.968351170086013
95,3894.4767552115577,19.95638818158709,4045.893382781742,19.97666630962107,3964.6813944075207,19.97684991462747,3965.8201754761026,19.97463110469886,3975.797810400261,19.963921614461338,3969.3339036554366,19.969691424999166
96,3894.4767552115577,19.96874939960588,4045.893382781742,19.98668697575236,3964.6813944075207,19.968612244766167,3965.8201754761026,19.954235505756753,3975.797810400261,19.978550892088844,3969.3339036554366,19.971367003594004
97,3894.4767552115577,19.962196186878558,4045.893382781742,19.976793177238317,3964.6813944075207,19.980809279407158,3965.8201754761026,19.974290987592436,3975.797810400261,19.97279315601735,3969.3339036554366,19.973376557426764
98,3894.4767552115577,19.968877735232557,4045.893382781742,19.970760865564532,3964.6813944075207,19.980439828312367,3965.8201754761026,19.974274298232057,3975.797810400261,19.957883582470213,3969.3339036554366,19.970447261962345
99,3894.4767552115577,19.95431214761695,4045.893382781742,19.973397559891858,3964.6813944075207,19.980154736154542,3965.8201754761026,19.96600503267279,3975.797810400261,19.97680258994197,3969.3339036554366,19.970134413255625
100,3894.4767552115577,19.963055722204277,4045.893382781742,19.97430100311599,3964.6813944075207,19.970298998779278,3965.8201754761026,19.97343919792031,3975.797810400261,19.981223981914642,3969.3339036554366,19.9724637807869
101,3894.4767552115577,19.95881478611347,4045.893382781742,19.961403699079185,3964.6813944075207,19.970196423525472,3965.8201754761026,19.97692808346513,3975.797810400261,19.981934110398623,3969.3339036554366,19.969855420516375
102,3894.4767552115577,19.967332174420747,4045.893382781742,19.96581269267417,3964.6813944075207,19.96160093293101,3965.8201754761026,19.982102242125748,3975.797810400261,19.95524867939546,3969.3339036554366,19.96641934430943
103,3894.4767552115577,19.96428503683699,4045.893382781742,19.972020680667626,3964.6813944075207,19.959316543866375,3965.8201754761026,19.95931932534952,3975.797810400261,19.96538227322469,3969.3339036554366,19.96406477198904
104,3894.4767552115577,19.979343255549036,4045.893382781742,19.960791100612333,3964.6813944075207,19.970029364211733,3965.8201754761026,19.964801460393925,3975.797810400261,19.977533892246665,3969.3339036554366,19.97049981460274
105,3894.4767552115577,19.962162686658782,4045.893382781742,19.962768992105982,3964.6813944075207,19.95633102656754,3965.8201754761026,19.973065949334533,3975.797810400261,19.971951277454664,3969.3339036554366,19.9652559864243
106,3894.4767552115577,19.975103256800274,4045.893382781742,19.990977847830155,3964.6813944075207,19.98059321220388,3965.8201754761026,19.971786942686037,3975.797810400261,19.98614962315073,3969.3339036554366,19.980922176534214
107,3894.4767552115577,19.96432445730958,4045.893382781742,19.968325196623148,3964.6813944075207,19.97739944204236,3965.8201754761026,19.967240114457887,3975.797810400261,19.98341860180926,3969.3339036554366,19.972141562448446
108,3894.4767552115577,19.96189780491449,4045.893382781742,19.963611713511014,3964.6813944075207,19.976727552738883,3965.8201754761026,19.968474848410285,3975.797810400261,19.96387454166122,3969.3339036554366,19.966917292247178
109,3894.4767552115577,19.97509469788228,4045.893382781742,19.956640442403057,3964.6813944075207,19.972616741826677,3965.8201754761026,19.959716220028582,3975.797810400261,19.964749631688186,3969.3339036554366,19.96576354676576
110,3894.4767552115577,19.965163355294315,4045.893382781742,19.982264458727197,3964.6813944075207,19.979020149387562,3965.8201754761026,19.96670706418298,3975.797810400261,19.964021398634685,3969.3339036554366,19.97143528524535
111,3894.4767552115577,19.974842058873058,4045.893382781742,19.95745505269667,3964.6813944075207,19.976287639413222,3965.8201754761026,19.95496479663545,3975.797810400261,19.96524616514806,3969.3339036554366,19.96575914255329
112,3894.4767552115577,19.964737577195596,4045.893382781742,19.971351020685805,3964.6813944075207,19.978434095605397,3965.8201754761026,19.963824557792037,3975.797810400261,19.96249889848718,3969.3339036554366,19.968169229953205
113,3894.4767552115577,19.966117394323543,4045.893382781742,19.96345557563667,3964.6813944075207,19.96694412630836,3965.8201754761026,19.95947655157745,3975.797810400261,19.966295340832943,3969.3339036554366,19.964457797735793
114,3894.4767552115577,19.957342620215915,4045.893382781742,19.974425254051067,3964.6813944075207,19.952701496166263,3965.8201754761026,19.969124719736243,3975.797810400261,19.97853873788363,3969.3339036554366,19.96642656561062
115,3894.4767552115577,19.98026792465238,4045.893382781742,19.967884701043594,3964.6813944075207,19.975563583558323,3965.8201754761026,19.983985899902503,3975.797810400261,19.971964574790025,3969.3339036554366,19.975933336789364
116,3894.4767552115577,19.98292478336695,4045.893382781742,19.96169749789455,3964.6813944075207,19.97081478024945,3965.8201754761026,19.972763586508524,3975.797810400261,19.967234344421318,3969.3339036554366,19.971086998488158
117,3894.4767552115577,19.962755989484947,4045.893382781742,19.971404529582173,3964.6813944075207,19.964749649534554,3965.8201754761026,19.978480471012826,3975.797810400261,19.97130054981634,3969.3339036554366,19.96973823788617
118,3894.4767552115577,19.96365232310724,4045.893382781742,19.96108777544532,3964.6813944075207,19.970263338414032,3965.8201754761026,19.969967117322064,3975.797810400261,19.95854906517792,3969.3339036554366,19.964703923893314
119,3894.4767552115577,19.9746682709477,4045.893382781742,19.964722405716806,3964.6813944075207,19.979113144040323,3965.8201754761026,19.970058396730916,3975.797810400261,19.961819598231124,3969.3339036554366,19.970076363133376
120,3894.4767552115577,19.977654568896572,4045.893382781742,19.980381786165054,3964.6813944075207,19.969376942356266,3965.8201754761026,19.970558680443794,3975.797810400261,19.97225238010507,3969.3339036554366,19.97404487159335
121,3894.4767552115577,19.982370418126003,4045.893382781742,19.973317828993846,3964.6813944075207,19.967812403894698,3965.8201754761026,19.983712056241405,3975.797810400261,19.983815939363232,3969.3339036554366,19.97820572932384
122,3894.4767552115577,19.974212894009266,4045.893382781742,19.97555813036214,3964.6813944075207,19.954815078048483,3965.8201754761026,19.950260230465464,3975.797810400261,19.98212765623691,3969.3339036554366,19.96739479782445
123,3894.4767552115577,19.97135154725736,4045.893382781742,19.96607685461432,3964.6813944075207,19.96871186839383,3965.8201754761026,19.966482180957485,3975.797810400261,19.96725028937822,3969.3339036554366,19.967974548120242
124,3894.4767552115577,19.9771808407803,4045.893382781742,19.959103048430013,3964.6813944075207,19.973503954358936,3965.8201754761026,19.974956373361426,3975.797810400261,19.972470896345115,3969.3339036554366,19.97144302265516
125,3894.4767552115577,19.963762634743436,4045.893382781742,19.95056197348384,3964.6813944075207,19.962270591321325,3965.8201754761026,19.954673994291078,3975.797810400261,19.95005185700166,3969.3339036554366,19.956264210168268
126,3894.4767552115577,19.959258670904468,4045.893382781742,19.974291761190045,3964.6813944075207,19.965682947455313,3965.8201754761026,19.964607287958824,3975.797810400261,19.98112800146738,3969.3339036554366,19.96899373379521
127,3894.4767552115577,19.972588562261457,4045.893382781742,19.96932910204228,3964.6813944075207,19.964358580227376,3965.8201754761026,19.95458984549835,3975.797810400261,19.98004659251739,3969.3339036554366,19.968182536509367
128,3894.4767552115577,19.960453120449085,4045.893382781742,19.980335830906125,3964.6813944075207,19.960227627754303,3965.8201754761026,19.967928725596234,3975.797810400261,19.97818748283029,3969.3339036554366,19.96942655750721
129,3894.4767552115577,19.97296252593375,4045.893382781742,19.971590693225554,3964.6813944075207,19.9629264085335,3965.8201754761026,19.975819074869058,3975.797810400261,19.97911254288778,3969.3339036554366,19.97248224908993
130,3894.4767552115577,19.98116822924384,4045.893382781742,19.97531186500065,3964.6813944075207,19.9672857754608,3965.8201754761026,19.974443658972458,3975.797810400261,19.971282898642453,3969.3339036554366,19.97389848546404
131,3894.4767552115577,19.979805911077307,4045.893382781742,19.972806973998118,3964.6813944075207,19.970681443376794,3965.8201754761026,19.969813863113078,3975.797810400261,19.976460191431187,3969.3339036554366,19.973913676599295
132,3894.4767552115577,19.98387074239244,4045.893382781742,19.965660531541193,3964.6813944075207,19.960048329985764,3965.8201754761026,19.962017436872575,3975.797810400261,19.983183529927764,3969.3339036554366,19.970956114143945
133,3894.4767552115577,19.957598080279013,4045.893382781742,19.96659798097031,3964.6813944075207,19.969725132664696,3965.8201754761026,19.977746179556192,3975.797810400261,19.973901178915618,3969.3339036554366,19.969113710477167
134,3894.4767552115577,19.958358066577105,4045.893382781742,19.982564219861064,3964.6813944075207,19.962931922463124,3965.8201754761026,19.972929792353398,3975.797810400261,19.973485676938225,3969.3339036554366,19.970053935638582
135,3894.4767552115577,19.961840401497646,4045.893382781742,19.971752121323544,3959.785226232132,19.981862272946792,3965.8201754761026,19.971580722517743,3975.797810400261,19.97314728285751,3968.3546700203588,19.97203656022865
136,3894.4767552115577,19.96896854518707,4045.893382781742,19.966866584230747,3959.785226232132,19.97443570883415,3965.8201754761026,19.970227148454548,3975.797810400261,19.983957017781506,3968.3546700203588,19.972891000897604
137,3894.4767552115577,19.9688709125848,4045.893382781742,19.991970007801893,3959.785226232132,19.972854845731494,3965.8201754761026,19.962993612775247,3975.797810400261,19.972961481767705,3968.3546700203588,19.97393017213223
138,3894.4767552115577,19.961411812946285,4045.893382781742,19.97966672054029,3959.785226232132,19.97157108232829,3965.8201754761026,19.966032384437373,3975.797810400261,19.972651845694884,3968.3546700203588,19.970266769189426
139,3894.4767552115577,19.97450214581373,4045.893382781742,19.97585412113954,3959.785226232132,19.963215659372217,3965.8201754761026,19.95956104770381,3975.797810400261,19.966930042760648,3968.3546700203588,19.96801260335799
140,3894.4767552115577,19.97273682601027,4045.893382781742,19.968850379114087,3959.785226232132,19.969175175411376,3965.8201754761026,19.97231437957221,3975.797810400261,19.982214526517755,3968.3546700203588,19.97305825732514
141,3894.4767552115577,19.975688375227367,4045.893382781742,19.967284316368406,3959.785226232132,19.97737372980569,3965.8201754761026,19.98728105508589,3975.797810400261,19.977150618547075,3968.3546700203588,19.976955619006883
142,3894.4767552115577,19.99009370640868,4045.893382781742,19.958849369429924,3959.785226232132,19.96287793359609,3965.8201754761026,19.97847364521505,3975.797810400261,19.97680107815102,3968.3546700203588,19.97341914656015
143,3894.4767552115577,19.956386108833225,4045.893382781742,19.96570707444484,3959.785226232132,19.97250589296283,3965.8201754761026,19.99146370352741,3975.797810400261,19.963539161177405,3968.3546700203588,19.969920388189145
144,3894.4767552115577,19.972990610385377,4045.893382781742,19.95703770282815,3959.785226232132,19.97387572601368,3965.8201754761026,19.963193667204578,3975.797810400261,19.96586563169817,3968.3546700203588,19.966592667625992
145,3894.4767552115577,19.968635487152984,4045.893382781742,19.98892821330016,3959.785226232132,19.964775523984557,3965.8201754761026,19.966656765250836,3975.797810400261,19.95971332113909,3968.3546700203588,19.969741862165527
146,3894.4767552115577,19.964790146374828,4045.893382781742,19.964573620859742,3959.785226232132,19.96411790021176,3965.8201754761026,19.973071532958414,3975.797810400261,19.951059865597152,3968.3546700203588,19.963522613200382
147,3894.4767552115577,19.97394610270981,4045.893382781742,19.951831313925872,3959.785226232132,19.955827561756887,3965.8201754761026,19.97401305400803,3975.797810400261,19.975554922133504,3968.3546700203588,19.966234590906822
148,3894.4767552115577,19.983439085251973,4045.893382781742,19.958484827858225,3959.785226232132,19.96336924864115,3965.8201754761026,19.966795396617506,3975.797810400261,19.975270850756647,3968.3546700203588,19.9694718818251
149,3894.4767552115577,19.973667014134556,4045.893382781742,19.96137452405377,3959.785226232132,19.972608816004648,3965.8201754761026,19.96145702517883,3975.797810400261,19.972290417555634,3968.3546700203588,19.96827955938549
150,3894.4767552115577,19.97416987953764,4045.893382781742,19.966586879800555,3959.785226232132,19.977326631639276,3965.8201754761026,19.94860082682534,3975.797810400261,19.9631947359343,3968.3546700203588,19.96597579074742
151,3894.4767552115577,19.969925342836998,4045.893382781742,19.966026541444652,3959.785226232132,19.963843237918294,3965.8201754761026,19.970294684440724,3975.797810400261,19.97155799060947,3968.3546700203588,19.968329559450027
152,3894.4767552115577,19.95810672282924,4045.893382781742,19.968411864050694,3959.785226232132,19.977071757321212,3965.8201754761026,19.974966576666763,3975.797810400261,19.96438976749685,3968.3546700203588,19.968589337672952
153,3894.4767552115577,19.960708279687925,4045.893382781742,19.949966776754504,3959.785226232132,19.978847915065447,3965.8201754761026,19.983256445155273,3975.797810400261,19.969984012137935,3968.3546700203588,19.968552685760216
154,3894.4767552115577,19.97192601978176,4045.893382781742,19.94501333726636,3959.785226232132,19.96777241595062,3965.8201754761026,19.983883470781834,3975.797810400261,19.965995551467817,3968.3546700203588,19.966918159049676
155,3894.4767552115577,19.9687506001384,4045.893382781742,19.96023934188669,3959.785226232132,19.97755352381479,3965.8201754761026,19.967150830262884,3975.797810400261,19.987398412595837,3968.3546700203588,19.97221854173972
156,3894.4767552115577,19.97016226979177,4045.893382781742,19.95164930980319,3959.785226232132,19.977460978300304,3965.8201754761026,19.96365696752275,3975.797810400261,19.977312109159854,3968.3546700203588,19.96804832691557
157,3894.4767552115577,19.972109275161767,4045.893382781742,19.98460898912967,3959.785226232132,19.971325899857668,3965.8201754761026,19.978498220513583,3975.797810400261,19.964312036252753,3968.3546700203588,19.97417088418309
158,3894.4767552115577,19.989708022894888,4045.893382781742,19.965276626198847,3959.785226232132,19.96242430196527,3965.8201754761026,19.959629114704494,3975.797810400261,19.970944780171532,3968.3546700203588,19.969596569187008
159,3894.4767552115577,19.97437167041528,4045.893382781742,19.978803782183785,3959.785226232132,19.952513965472612,3965.8201754761026,19.96868681978095,3975.797810400261,19.968293341685563,3968.3546700203588,19.96853391590764
160,3894.4767552115577,19.96623327003245,4045.893382781742,19.968775855760224,3959.785226232132,19.96121699192806,3965.8201754761026,19.972217450825198,3975.797810400261,19.957252621992374,3968.3546700203588,19.96513923810766
161,3894.4767552115577,19.959345245612383,4045.893382781742,19.983347128045363,3959.785226232132,19.963571358832755,3965.8201754761026,19.97139923101135,3975.797810400261,19.97711897579795,3968.3546700203588,19.97095638785996
162,3894.4767552115577,19.98059905093886,4045.893382781742,19.95730609654127,3959.785226232132,19.97383447454114,3965.8201754761026,19.966289860085226,3975.797810400261,19.967644910040402,3968.3546700203588,19.96913487842938
163,3894.4767552115577,19.97123659203896,4045.893382781742,19.96122328238233,3959.785226232132,19.96189132140204,3965.8201754761026,19.959773681769356,3975.797810400261,19.96784033189381,3968.3546700203588,19.9643930418973
164,3894.4767552115577,19.953788285772998,4045.893382781742,19.97031007489919,3959.785226232132,19.96566749362874,3965.8201754761026,19.972197867408536,3975.797810400261,19.970053222903925,3968.3546700203588,19.96640338892268
165,3894.4767552115577,19.981575510555707,4045.893382781742,19.98639498445411,3959.785226232132,19.958728424180322,3965.8201754761026,19.957134572579754,3975.797810400261,19.96815664967283,3968.3546700203588,19.970398028288546
166,3894.4767552115577,19.962151186541888,4045.893382781742,19.98078884824517,3959.785226232132,19.964842792287588,3965.8201754761026,19.970372118116877,3975.797810400261,19.95310330462437,3968.3546700203588,19.966251649963176
167,3894.4767552115577,19.953771496141403,4045.893382781742,19.96804418343338,3959.785226232132,19.96747881939593,3965.8201754761026,19.977441559895542,3975.797810400261,19.965329709519093,3968.3546700203588,19.96641315367707
168,3894.4767552115577,19.958916981723615,4045.893382781742,19.9588446841272,3959.785226232132,19.9771622761118,3965.8201754761026,19.979358966632255,3975.797810400261,19.98434701861704,3968.3546700203588,19.971725985442383
169,3894.4767552115577,19.964993670108402,4045.893382781742,19.966878726138894,3959.785226232132,19.966743667749107,3965.8201754761026,19.966239271281065,3975.797810400261,19.955014957328146,3968.3546700203588,19.963974058521124
170,3894.4767552115577,19.965218973660765,4045.893382781742,19.98116869229394,3959.785226232132,19.971842791031367,3965.8201754761026,19.95755241986517,3975.797810400261,19.95839435261676,3968.3546700203588,19.9668354458936
171,3894.4767552115577,19.960757597811767,4045.893382781742,19.96926911825557,3959.785226232132,19.968115971736577,3965.8201754761026,19.98140269054466,3975.797810400261,19.958015390780698,3968.3546700203588,19.967512153825854
172,3894.4767552115577,19.96323146408893,4045.893382781742,19.961609020243433,3959.785226232132,19.971613846819793,3965.8201754761026,19.965969223264008,3975.797810400261,19.962668868139403,3968.3546700203588,19.965018484511113
173,3894.4767552115577,19.95341158196771,4045.893382781742,19.960561369458294,3959.785226232132,19.97381316964961,3965.8201754761026,19.981209103363504,3975.797810400261,19.963154711009803,3968.3546700203588,19.966429987089786
174,3894.4767552115577,19.9693063129936,4045.893382781742,19.96880421659203,3959.785226232132,19.97243073254852,3965.8201754761026,19.976602650175053,3975.797810400261,19.961190108161414,3968.3546700203588,19.969666804094125
175,3894.4767552115577,19.94972072357109,4045.893382781742,19.954039851531785,3959.785226232132,19.972669793281884,3965.8201754761026,19.966282883976454,3975.797810400261,19.972340839139044,3968.3546700203588,19.963010818300052
176,3894.4767552115577,19.962656778770903,4045.893382781742,19.979667073335676,3959.785226232132,19.982164864976962,3965.8201754761026,19.97969520080649,3975.797810400261,19.971856713335942,3968.3546700203588,19.975208126245196
177,3894.4767552115577,19.989623695521086,4045.893382781742,19.977152471549168,3959.785226232132,19.968522698571817,3965.8201754761026,19.971787604294217,3975.797810400261,19.977015008340747,3968.3546700203588,19.976820295655408
178,3894.4767552115577,19.974620732262668,4045.893382781742,19.947476606742992,3959.785226232132,19.984025124431188,3965.8201754761026,19.96432888151153,3975.797810400261,19.959723328091957,3968.3546700203588,19.966034934608068
179,3894.4767552115577,19.972308088190243,4045.893382781742,19.94597782563993,3959.785226232132,19.979282754005887,3965.8201754761026,19.978616476740548,3975.797810400261,19.959549694739923,3968.3546700203588,19.967146967863307
180,3894.4767552115577,19.98286297844197,4045.893382781742,19.984636678958395,3959.785226232132,19.956898561120205,3965.8201754761026,19.956237129392875,3975.797810400261,19.971159926143617,3968.3546700203588,19.970359054811414
181,3894.4767552115577,19.969597884479075,4045.893382781742,19.97488966417133,3959.785226232132,19.97805103163163,3965.8201754761026,19.974214525759063,3975.797810400261,19.982772609391493,3968.3546700203588,19.975905143086514
182,3894.4767552115577,19.963290107683267,4045.893382781742,19.962814870673974,3959.785226232132,19.975877367487364,3965.8201754761026,19.97679344209393,3975.797810400261,19.976613477983857,3968.3546700203588,19.97107785318448
183,3894.4767552115577,19.97554814326812,4045.893382781742,19.966476739180738,3959.785226232132,19.97479234578261,3965.8201754761026,19.979698113885743,3975.797810400261,19.95341189485132,3968.3546700203588,19.969985447393707
184,3894.4767552115577,19.981521111969766,4045.893382781742,19.962963958040216,3959.785226232132,19.968981249881484,3965.8201754761026,19.97424753771793,3975.797810400261,19.94639892866094,3968.3546700203588,19.96682255725407
185,3894.4767552115577,19.97058176614861,4045.893382781742,19.97163979527206,3959.785226232132,19.97253737800684,3965.8201754761026,19.96935970104511,3975.797810400261,19.980924004005484,3968.3546700203588,19.973008528895623
186,3894.4767552115577,19.956004797429472,4045.893382781742,19.97222064972011,3959.785226232132,19.985719949177174,3965.8201754761026,19.979013469380305,3975.797810400261,19.96222717066471,3968.3546700203588,19.971037207274357
187,3894.4767552115577,19.95656967123986,4045.893382781742,19.94691076299914,3959.785226232132,19.98666276168931,3965.8201754761026,19.971693483969283,3975.797810400261,19.9734243525479,3968.3546700203588,19.967052206489097
188,3894.4767552115577,19.97378613776523,4045.893382781742,19.950647547856637,3959.785226232132,19.96473300804774,3965.8201754761026,19.965584510270364,3975.797810400261,19.95270003690039,3968.3546700203588,19.96149024816807
189,3894.4767552115577,19.955961964679513,4045.893382781742,19.971405147424516,3959.785226232132,19.971592875379837,3965.8201754761026,19.967009736232615,3975.797810400261,19.969511330313566,3968.3546700203588,19.96709621080601
190,3894.4767552115577,19.974096785096187,4045.893382781742,19.972171539356648,3959.785226232132,19.976785273129885,3965.8201754761026,19.97418895783685,3975.797810400261,19.970401163284947,3968.3546700203588,19.973528743740903
191,3894.4767552115577,19.9532831198299,4045.893382781742,19.978590073863423,3959.785226232132,19.961442433655144,3965.8201754761026,19.956853282533146,3975.797810400261,19.962402414173567,3968.3546700203588,19.962514264811034
192,3894.4767552115577,19.95955213550277,4045.893382781742,19.977774856085002,3959.785226232132,19.97405697616026,3965.8201754761026,19.958022703805593,3975.797810400261,19.97315306555123,3968.3546700203588,19.96851194742097
193,3894.4767552115577,19.97916775827768,4045.893382781742,19.9730210847409,3959.785226232132,19.95876405366476,3965.8201754761026,19.960617197274985,3975.797810400261,19.968818386756656,3968.3546700203588,19.968077696142995
194,3894.4767552115577,19.979278792303838,4045.893382781742,19.95957593396605,3959.785226232132,19.979448224987422,3965.8201754761026,19.95543768119302,3975.797810400261,19.97570506922856,3968.3546700203588,19.969889140335777
195,3894.4767552115577,19.96399507962052,4045.893382781742,19.961720735321613,3959.785226232132,19.969981526915312,3965.8201754761026,19.98949053568794,3975.797810400261,19.968864511673946,3968.3546700203588,19.970810477843866
196,3894.4767552115577,19.953240357057688,4045.893382781742,19.967537601043603,3959.785226232132,19.970642107668475,3965.8201754761026,19.985254482228427,3975.797810400261,19.974647295942223,3968.3546700203588,19.970264368788083
197,3894.4767552115577,19.9682119632311,4045.893382781742,19.959302892114508,3959.785226232132,19.981474881673535,3965.8201754761026,19.97275852510425,3975.797810400261,19.970719823083872,3968.3546700203588,19.970493617041452
198,3894.4767552115577,19.977792403313618,4045.893382781742,19.965323430385226,3959.785226232132,19.979668471130875,3965.8201754761026,19.95849692229948,3975.797810400261,19.97547273540307,3968.3546700203588,19.971350792506453
199,3894.4767552115577,19.96335267518049,4045.893382781742,19.97946299526079,3959.785226232132,19.966722469153403,3965.8201754761026,19.968545021050947,3975.797810400261,19.9875107571912,3968.3546700203588,19.973118783567365
200,3894.4767552115577,19.961040747940995,4045.893382781742,19.97687664947577,3959.785226232132,19.96158270267135,3965.8201754761026,19.98542584966923,3975.797810400261,19.974595548322156,3968.3546700203588,19.9719042996159
201,3894.4767552115577,19.952136325927736,4045.893382781742,19.972942375886817,3959.785226232132,19.96345478236292,3965.8201754761026,19.9537429361079,3975.797810400261,19.971957014889107,3968.3546700203588,19.962846687034897
202,3894.4767552115577,19.971405349710007,4045.893382781742,19.97232686070943,3959.785226232132,19.961354693970705,3965.8201754761026,19.95941319397239,3975.797810400261,19.955160059652712,3968.3546700203588,19.96393203160305
203,3894.4767552115577,19.97992203638577,4045.893382781742,19.960322724610425,3959.785226232132,19.983411830651093,3965.8201754761026,19.970439772806387,3975.797810400261,19.965052296723858,3968.3546700203588,19.971829732235506
204,3894.4767552115577,19.972436452387132,4045.893382781742,19.972207204840768,3959.785226232132,19.97559338595979,3965.8201754761026,19.96163056192173,3975.797810400261,19.96637132894667,3968.3546700203588,19.96964778681122
205,3894.4767552115577,19.978290630803414,4045.893382781742,19.957255316916015,3959.785226232132,19.940103290643837,3965.8201754761026,19.953175844692286,3975.797810400261,19.950113386917344,3968.3546700203588,19.95578769399458
206,3894.4767552115577,19.97100351558315,4045.893382781742,19.963311663178235,3959.785226232132,19.96102507287648,3965.8201754761026,19.960093923207282,3975.797810400261,19.98054367491612,3968.3546700203588,19.967195569952253
207,3894.4767552115577,19.969074161775826,4045.893382781742,19.97553417394592,3959.785226232132,19.95839328229035,3965.8201754761026,19.962926022176646,3975.797810400261,19.97214016655333,3968.3546700203588,19.967613561348415
208,3894.4767552115577,19.9799140684206,4045.893382781742,19.946264698490165,3959.785226232132,19.95723619727123,3965.8201754761026,19.96916758241367,3975.797810400261,19.95708523693692,3968.3546700203588,19.96193355670652
209,3894.4767552115577,19.968476247935776,4045.893382781742,19.946386683797137,3959.785226232132,19.967918290498687,3965.8201754761026,19.971608326261318,3975.797810400261,19.97252106670939,3968.3546700203588,19.965382123040463
210,3894.4767552115577,19.956885577232168,4045.893382781742,19.973330352195067,3959.785226232132,19.971862774626587,3965.8201754761026,19.96390435239611,3975.797810400261,19.96395861776539,3968.3546700203588,19.965988334843065
211,3894.4767552115577,19.960634461385276,4045.893382781742,19.96677344607167,3959.785226232132,19.971986487413947,3965.8201754761026,19.95762406772497,3975.797810400261,19.95115366748831,3968.3546700203588,19.961634426016836
212,3894.4767552115577,19.96000729493353,4045.893382781742,19.975341626578277,3959.785226232132,19.974886137631167,3965.8201754761026,19.956719076543088,3975.797810400261,19.964770724450315,3968.3546700203588,19.966344972027276
213,3894.4767552115577,19.94941101791738,4045.893382781742,19.985716037089954,3959.785226232132,19.983123483413323,3965.8201754761026,19.957553932622865,3975.797810400261,19.97795931139685,3968.3546700203588,19.970752756488075
214,3894.4767552115577,19.945580620112366,4045.893382781742,19.96424333453349,3959.785226232132,19.965900891529603,3965.8201754761026,19.952110294170524,3975.797810400261,19.97867961324005,3968.3546700203588,19.961302950717204
215,3894.4767552115577,19.97280176095428,4045.893382781742,19.974112312046604,3959.785226232132,19.9728629937386,3965.8201754761026,19.95059933689488,3975.797810400261,19.9703854795115,3968.3546700203588,19.96815237662917
216,3894.4767552115577,19.98410931501079,4045.893382781742,19.964540387790564,3959.785226232132,19.966727858525182,3965.8201754761026,19.97640550382077,3975.797810400261,19.980662703956,3968.3546700203588,19.974489153820663
217,3894.4767552115577,19.959120402147633,4045.893382781742,19.982551591899625,3959.785226232132,19.966038222168713,3965.8201754761026,19.974220408538383,3975.797810400261,19.9618259670912,3968.3546700203588,19.968751318369108
218,3894.4767552115577,19.969181910406068,4045.893382781742,19.983658473796307,3959.785226232132,19.969442583911615,3965.8201754761026,19.981011364181832,3975.797810400261,19.974832063124335,3968.3546700203588,19.97562527908403
219,3894.4767552115577,19.964567686709472,4045.893382781742,19.977717491509384,3959.785226232132,19.9712569058694,3965.8201754761026,19.95799385314243,3975.797810400261,19.974581100178476,3968.3546700203588,19.96922340748183
220,3894.4767552115577,19.9741994970129,4045.893382781742,19.963748694343582,3959.785226232132,19.983197977069405,3965.8201754761026,19.971427816267727,3975.797810400261,19.974734627300595,3968.3546700203588,19.973461722398845
221,3894.4767552115577,19.96674117849505,4045.893382781742,19.96512279507444,3959.785226232132,19.964275989747243,3965.8201754761026,19.967155519539013,3975.797810400261,19.983755703870273,3968.3546700203588,19.969410237345205
222,3894.4767552115577,19.970852668041395,4045.893382781742,19.971548890682573,3959.785226232132,19.965637266987983,3965.8201754761026,19.969256445587956,3975.797810400261,19.96987751374696,3968.3546700203588,19.969434557009375
223,3894.4767552115577,19.96955434156396,4045.893382781742,19.966647821896263,3959.785226232132,19.95735097599627,3965.8201754761026,19.983413356358394,3975.797810400261,19.96857737969603,3968.3546700203588,19.969108775102182
224,3894.4767552115577,19.98269416827906,4045.893382781742,19.98093896844695,3959.785226232132,19.949390420340233,3965.8201754761026,19.98431666136834,3975.797810400261,19.97352289002968,3968.3546700203588,19.97417262169285
225,3894.4767552115577,19.966622495012594,4045.893382781742,19.96783480777795,3959.785226232132,19.952983983572622,3965.8201754761026,19.977302171996758,3975.797810400261,19.976631848798583,3968.3546700203588,19.9682750614317
226,3894.4767552115577,19.973962344956757,4045.893382781742,19.959196204645192,3959.785226232132,19.966561218807797,3965.8201754761026,19.97370111868186,3975.797810400261,19.977651618811443,3968.3546700203588,19.970214501180614
227,3894.4767552115577,19.96907141567711,4045.893382781742,19.96801953604289,3959.785226232132,19.944540725401424,3965.8201754761026,19.972285991580353,3975.797810400261,19.96649733361719,3968.3546700203588,19.96408300046379
228,3894.4767552115577,19.977480638082177,4045.893382781742,19.985918267653645,3959.785226232132,19.949142083207104,3965.8201754761026,19.9740743803081,3975.797810400261,19.953528799982642,3968.3546700203588,19.968028833846734
229,3894.4767552115577,19.97509823826382,4045.893382781742,19.966289339119896,3959.785226232132,19.959801694339596,3965.8201754761026,19.97574438692431,3975.797810400261,19.97570893379407,3968.3546700203588,19.970528518488337
230,3894.4767552115577,19.974298124852403,4045.893382781742,19.945321890299343,3959.785226232132,19.973430150170365,3965.8201754761026,19.970462672987427,3975.797810400261,19.96303099322237,3968.3546700203588,19.965308766306386
231,3894.4767552115577,19.983895472192184,4045.893382781742,19.964065751733177,3959.785226232132,19.944308305418694,3965.8201754761026,19.98047122855791,3975.797810400261,19.97558161543195,3968.3546700203588,19.969664474666782
232,3894.4767552115577,19.973646646798347,4045.893382781742,19.956079691624158,3959.785226232132,19.978474594097886,3965.8201754761026,19.97019163303367,3975.797810400261,19.96305064394981,3968.3546700203588,19.968288641900777
233,3894.4767552115577,19.964250382394518,4045.893382781742,19.960572416259463,3959.785226232132,19.975071514405084,3965.8201754761026,19.983896553885398,3975.797810400261,19.975558614566687,3968.3546700203588,19.97186989630223
234,3894.4767552115577,19.970393698110023,4045.893382781742,19.976666083067045,3959.785226232132,19.95932713097994,3965.8201754761026,19.972698667436624,3975.797810400261,19.960422096930298,3968.3546700203588,19.967901535304787
235,3894.4767552115577,19.95803344791678,4045.893382781742,19.959700223662814,3959.785226232132,19.972075164971066,3965.8201754761026,19.965013595489616,3975.797810400261,19.970761062464113,3968.3546700203588,19.96511669890088
236,3894.4767552115577,19.97820470994066,4045.893382781742,19.958470309470584,3959.785226232132,19.995308208777516,3965.8201754761026,19.96311818897821,3975.797810400261,19.975487614197835,3968.3546700203588,19.97411780627296
237,3894.4767552115577,19.956673040584498,4045.893382781742,19.96381215439935,3959.785226232132,19.97330908018117,3965.8201754761026,19.965883714772144,3975.797810400261,19.97942654043823,3968.3546700203588,19.96782090607508
238,3894.4767552115577,19.971801094606885,4045.893382781742,19.969387076936748,3959.785226232132,19.96687360122728,3956.327691584562,19.978827312035545,3975.797810400261,19.973561611498734,3966.4561732420507,19.972090139261038
239,3894.4767552115577,19.966999551922406,4045.893382781742,19.967470687993533,3959.785226232132,19.944146724792414,3956.327691584562,19.979029822736766,3975.797810400261,19.973553988402752,3966.4561732420507,19.966240155169576
240,3894.4767552115577,19.964312123739248,4045.893382781742,19.99400539593991,3959.785226232132,19.97821738774397,3956.327691584562,19.968514835974737,3975.797810400261,19.973637030096512,3966.4561732420507,19.97573735469887
241,3894.4767552115577,19.95463638131006,4045.893382781742,19.95862489999388,3959.785226232132,19.964731133766065,3956.327691584562,19.981827919138855,3975.797810400261,19.976520865364282,3966.4561732420507,19.967268239914628
242,3894.4767552115577,19.97490464225751,4045.893382781742,19.984350555196134,3959.785226232132,19.969147458136394,3956.327691584562,19.95918869204176,3975.797810400261,19.951634101652633,3966.4561732420507,19.967845089856887
243,3894.4767552115577,19.976082046280506,4045.893382781742,19.95245996626429,3959.785226232132,19.980109920922,3956.327691584562,19.970147024242262,3975.797810400261,19.954682197156536,3966.4561732420507,19.96669623097312
244,3894.4767552115577,19.953859744014267,4045.893382781742,19.974988128620122,3959.785226232132,19.974931389064718,3956.327691584562,19.962063816673545,3975.797810400261,19.974311857363126,3966.4561732420507,19.96803098714716
245,3894.4767552115577,19.975788310375137,4045.893382781742,19.972444442455433,3959.785226232132,19.971245231351016,3956.327691584562,19.971371956206646,3975.797810400261,19.959846521703636,3966.4561732420507,19.970139292418374
246,3894.4767552115577,19.963003072291325,4045.893382781742,19.97165849420867,3959.785226232132,19.97559909778187,3956.327691584562,19.978638787234793,3975.797810400261,19.966227182568034,3966.4561732420507,19.97102532681694
247,3894.4767552115577,19.95483343008956,4045.893382781742,19.983601470066404,3959.785226232132,19.973959392605163,3956.327691584562,19.961491734074475,3975.797810400261,19.954245906504816,3966.4561732420507,19.965626386668085
248,3894.4767552115577,19.954126678757195,4045.893382781742,19.945804659008434,3959.785226232132,19.96348813311678,3956.327691584562,19.970458011725196,3975.797810400261,19.96413005497128,3966.4561732420507,19.959601507515778
249,3894.4767552115577,19.95965590928483,4045.893382781742,19.96105815072851,3959.785226232132,19.97347969694884,3956.327691584562,19.97646773089562,3975.797810400261,19.97505375647646,3966.4561732420507,19.96914304886685
250,3894.4767552115577,19.956467464716045,4045.893382781742,19.95773155338784,3959.785226232132,19.966728044295415,3956.327691584562,19.97165887622674,3975.797810400261,19.977274320483108,3966.4561732420507,19.96597205182183
251,3894.4767552115577,19.98863610923836,4045.893382781742,19.966114982965564,3959.785226232132,19.9529241794131,3956.327691584562,19.96947296207595,3975.797810400261,19.95946110961013,3966.4561732420507,19.967321868660623
252,3894.4767552115577,19.95920777458252,4045.893382781742,19.97875355906514,3959.785226232132,19.963357126971516,3956.327691584562,19.964809035205572,3975.797810400261,19.982635936113965,3966.4561732420507,19.969752686387743
253,3894.4767552115577,19.96389336870561,4045.893382781742,19.97404848342904,3959.785226232132,19.967719402950593,3956.327691584562,19.97562485153377,3975.797810400261,19.977924625821043,3966.4561732420507,19.97184214648801
254,3894.4767552115577,19.96679675479604,4045.893382781742,19.982578448100398,3959.785226232132,19.97291976505266,3956.327691584562,19.963745209720344,3975.797810400261,19.958069470985937,3966.4561732420507,19.96882192973107
255,3894.4767552115577,19.977674911268064,4045.893382781742,19.967170543749322,3959.785226232132,19.955416995401677,3956.327691584562,19.99029187963954,3975.797810400261,19.96202902292412,3966.4561732420507,19.970516670596545
256,3894.4767552115577,19.96015674555816,4045.893382781742,19.979442347825998,3959.785226232132,19.958824148661005,3956.327691584562,19.96546066914656,3975.797810400261,19.9691732899472,3966.4561732420507,19.966611440227787
257,3894.4767552115577,19.97860804384687,4045.893382781742,19.955609233696304,3959.785226232132,19.96140590615638,3956.327691584562,19.982486545796956,3975.797810400261,19.969072835876855,3966.4561732420507,19.969436513074672
258,3894.4767552115577,19.975460004106434,4045.893382781742,19.964521445736338,3959.785226232132,19.96560153588844,3956.327691584562,19.969524730260485,3975.797810400261,19.9767240156543,3966.4561732420507,19.9703663463292
259,3894.4767552115577,19.97738686630502,4045.893382781742,19.9645091448119,3959.785226232132,19.988577817926092,3956.327691584562,19.97548237616455,3975.797810400261,19.979310995467042,3966.4561732420507,19.97705344013492
260,3894.4767552115577,19.963624315983267,4045.893382781742,19.98701110161253,3959.785226232132,19.966441324838705,3956.327691584562,19.981459901168073,3975.797810400261,19.97040721847758,3966.4561732420507,19.97378877241603
261,3894.4767552115577,19.976979292217866,4045.893382781742,19.9654445998454,3959.785226232132,19.976744577327622,3956.327691584562,19.967812707540705,3975.797810400261,19.970897482654575,3966.4561732420507,19.971575731917234
262,3894.4767552115577,19.960079594722473,4045.893382781742,19.979487097514266,3959.785226232132,19.962530147032087,3956.327691584562,19.953468046205092,3975.797810400261,19.96796496916316,3966.4561732420507,19.964705970927415
263,3894.4767552115577,19.95672648694026,4045.893382781742,19.966634566260502,3959.785226232132,19.948592897669077,3956.327691584562,19.976236488975495,3975.797810400261,19.954656230097548,3966.4561732420507,19.960569333988577
264,3894.4767552115577,19.96987625111863,4045.893382781742,19.954153306104057,3959.785226232132,19.980241946225547,3956.327691584562,19.96801731449327,3975.797810400261,19.968126200490897,3966.4561732420507,19.96808300368648
265,3894.4767552115577,19.96185988995301,4045.893382781742,19.96065526504572,3959.785226232132,19.967865596491674,3956.327691584562,19.960060321633804,3975.797810400261,19.964865242117856,3966.4561732420507,19.963061263048413
266,3894.4767552115577,19.972275597273143,4045.893382781742,19.96590758440159,3959.785226232132,19.968477893866186,3956.327691584562,19.96947603839419,3975.797810400261,19.984848575658134,3966.4561732420507,19.97219713791865
267,3894.4767552115577,19.970969005854528,4045.893382781742,19.946687767711023,3959.785226232132,19.971835846388363,3956.327691584562,19.972777759727542,3975.797810400261,19.967904268130145,3966.4561732420507,19.96603492956232
268,3894.4767552115577,19.98050950801565,4045.893382781742,19.96520486444691,3959.785226232132,19.98206105218614,3956.327691584562,19.96169802125946,3975.797810400261,19.97700074600792,3966.4561732420507,19.973294838383215
269,3894.4767552115577,19.969623826324373,4045.893382781742,19.96802443733252,3959.785226232132,19.951736308141385,3956.327691584562,19.969250485320813,3975.797810400261,19.975304818566865,3966.4561732420507,19.966787975137194
270,3894.4767552115577,19.982144302361753,4045.893382781742,19.952355044059534,3959.785226232132,19.943758711321998,3956.327691584562,19.962489092693716,3975.797810400261,19.96681396855164,3966.4561732420507,19.96151222379773
271,3894.4767552115577,19.962566473263582,4045.893382781742,19.966784765109388,3959.785226232132,19.954230615213525,3956.327691584562,19.9715382274979,3975.797810400261,19.957822337332377,3966.4561732420507,19.962588483683355
272,3894.4767552115577,19.966768809328716,4045.893382781742,19.968966657579475,3959.785226232132,19.96191293611783,3956.327691584562,19.980802666386836,3975.797810400261,19.967993245916524,3966.4561732420507,19.969288863065877
273,3894.4767552115577,19.96113824477833,4045.893382781742,19.977571872006347,3959.785226232132,19.971113182694577,3956.327691584562,19.970487788165222,3975.797810400261,19.975385047020737,3966.4561732420507,19.971139226933044
274,3894.4767552115577,19.968058516257212,4045.893382781742,19.970048215296714,3959.785226232132,19.985752646120694,3956.327691584562,19.964545882385227,3975.797810400261,19.955605101774157,3966.4561732420507,19.968802072366802
275,3894.4767552115577,19.949178653410645,4045.893382781742,19.983233074292066,3959.785226232132,19.971007592026027,3956.327691584562,19.978969775257703,3975.797810400261,19.979244483794353,3966.4561732420507,19.97232671575616
276,3894.4767552115577,19.96823811615368,4045.893382781742,19.97273528718931,3959.785226232132,19.96680135783238,3956.327691584562,19.97705371304822,3975.797810400261,19.96495826527176,3966.4561732420507,19.969957347899072
277,3894.4767552115577,19.979914725234458,4045.893382781742,19.949298841836292,3959.785226232132,19.97946057209515,3956.327691584562,19.97113813324827,3975.797810400261,19.97593264048901,3966.4561732420507,19.971148982580637
278,3894.4767552115577,19.969212580673318,4045.893382781742,19.95945024352007,3959.785226232132,19.98743223816635,3956.327691584562,19.958648939232532,3975.797810400261,19.950729107903484,3966.4561732420507,19.965094621899148
279,3894.4767552115577,19.96266033564105,4045.893382781742,19.976343899281915,3959.785226232132,19.97473290834586,3956.327691584562,19.974955906876637,3975.797810400261,19.961701076107495,3966.4561732420507,19.97007882525059
280,3894.4767552115577,19.95631579377328,4045.893382781742,19.963519403106176,3959.785226232132,19.990031760432615,3956.327691584562,19.983284884801083,3975.797810400261,19.980014679823743,3966.4561732420507,19.97463330438738
281,3894.4767552115577,19.960564963891716,4045.893382781742,19.967012414958507,3959.785226232132,19.9819509606002,3956.327691584562,19.98913075960185,3975.797810400261,19.98060031785766,3966.4561732420507,19.97585188338199
282,3894.4767552115577,19.970130433972145,4045.893382781742,19.956612451416863,3959.785226232132,19.968925283004012,3956.327691584562,19.976574679048447,3975.797810400261,19.985258187364714,3966.4561732420507,19.971500206961235
283,3894.4767552115577,19.960847200372147,4045.893382781742,19.96735206937858,3959.785226232132,19.968161568397118,3956.327691584562,19.9920741002191,3975.797810400261,19.97643600032596,3966.4561732420507,19.97297418773858
284,3894.4767552115577,19.964041717450556,4045.893382781742,19.955878726569658,3959.785226232132,19.96885672309746,3956.327691584562,19.97554810055605,3975.797810400261,19.96964494147914,3966.4561732420507,19.96679404183057
285,3894.4767552115577,19.953208845559516,4045.893382781742,19.962316961332085,3959.785226232132,19.960234227144678,3956.327691584562,19.96227318194561,3975.797810400261,19.963964284971937,3966.4561732420507,19.960399500190764
286,3894.4767552115577,19.960049928061437,4045.893382781742,19.979287094064603,3959.785226232132,19.966086525268807,3956.327691584562,19.965685550151626,3975.797810400261,19.975957139221048,3966.4561732420507,19.969413247353508
287,3894.4767552115577,19.9471799809146,4045.893382781742,19.972782697465163,3959.785226232132,19.971707673251412,3956.327691584562,19.972415048055964,3975.797810400261,19.980513949129996,3966.4561732420507,19.96891986976343
288,3894.4767552115577,19.95294741680672,4045.893382781742,19.94285074369721,3959.785226232132,19.959303613577912,3956.327691584562,19.980791106173616,3975.797810400261,19.968109494564008,3966.4561732420507,19.960800474963893
289,3894.4767552115577,19.966832154459688,4045.893382781742,19.962922424736924,3959.785226232132,19.96331190920894,3956.327691584562,19.96427328629721,3975.797810400261,19.97093162758225,3966.4561732420507,19.965654280457002
290,3894.4767552115577,19.976590342547677,4045.893382781742,19.965627742408696,3959.785226232132,19.975180637282726,3956.327691584562,19.96888958543307,3975.797810400261,19.962784568186482,3966.4561732420507,19.969814575171732
291,3894.4767552115577,19.97866886944404,4045.893382781742,19.977865803136073,3959.785226232132,19.968598360318932,3956.327691584562,19.95721975452803,3975.797810400261,19.95792924622084,3966.4561732420507,19.96805640672958
292,3894.4767552115577,19.966016165375358,4045.893382781742,19.963547684543332,3959.785226232132,19.969774648647967,3956.327691584562,19.95446344668345,3975.797810400261,19.974241104408446,3966.4561732420507,19.965608609931714
293,3894.4767552115577,19.956795522700016,4045.893382781742,19.976530059776554,3959.785226232132,19.980485218116137,3956.327691584562,19.97121674006838,3975.797810400261,19.96489147194659,3966.4561732420507,19.969983802521533
294,3894.4767552115577,19.96878906448001,4045.893382781742,19.97810650061108,3959.785226232132,19.96442925907831,3956.327691584562,19.960128846465864,3975.797810400261,19.972456844972214,3966.4561732420507,19.968782103121494
295,3894.4767552115577,19.969234584172533,4045.893382781742,19.97280964013756,3959.785226232132,19.972473811118693,3956.327691584562,19.97008498506927,3975.797810400261,19.9558862796577,3966.4561732420507,19.96809786003115
296,3894.4767552115577,19.96583652917347,4045.893382781742,19.971562260405346,3959.785226232132,19.96094275463618,3956.327691584562,19.967950933751705,3975.797810400261,19.98171519538741,3966.4561732420507,19.969601534670822
297,3894.4767552115577,19.95918426583522,4045.893382781742,19.972753141381336,3959.785226232132,19.960592643719043,3956.327691584562,19.946941541344827,3975.797810400261,19.96400619541538,3966.4561732420507,19.96069555753916
298,3894.4767552115577,19.960295216001438,4045.893382781742,19.974716903681436,3959.785226232132,19.947258603633635,3956.327691584562,19.970372692969416,3975.797810400261,19.972937567204145,3966.4561732420507,19.965116196698013
299,3894.4767552115577,19.930195455717975,4045.893382781742,19.96916057461367,3959.785226232132,19.958506331994506,3956.327691584562,19.96605681421721,3975.797810400261,19.970978131046593,3966.4561732420507,19.95897946151799
300,3894.4767552115577,19.964868736198227,4045.893382781742,19.980941616358063,3959.785226232132,19.95920978652237,3956.327691584562,19.968293631122158,3975.797810400261,19.965355933609057,3966.4561732420507,19.967733940761974
301,3894.4767552115577,19.974042268078676,4045.893382781742,19.974744804182713,3959.785226232132,19.973471184844392,3956.327691584562,19.96545524745457,3975.797810400261,19.958745613279753,3966.4561732420507,19.96929182356802
302,3894.4767552115577,19.975197979287604,4045.893382781742,19.96071129202523,3959.785226232132,19.967872726959257,3956.327691584562,19.97147712635247,3975.797810400261,19.96598356770626,3966.4561732420507,19.968248538466163
303,3894.4767552115577,19.98607390127146,4045.893382781742,19.962879220261264,3959.785226232132,19.96849917864201,3956.327691584562,19.981017324147683,3975.797810400261,19.98186123346722,3966.4561732420507,19.976066171557925
304,3894.4767552115577,19.975631405445515,4045.893382781742,19.966000989416756,3959.785226232132,19.966480725822088,3956.327691584562,19.993731480561706,3975.797810400261,19.96505222274947,3966.4561732420507,19.973379364799108
305,3894.4767552115577,19.97819939057246,4045.893382781742,19.962907860869414,3959.785226232132,19.970467446276505,3956.327691584562,19.962173639435367,3975.797810400261,19.953395270900295,3966.4561732420507,19.965428721610806
306,3894.4767552115577,19.96223082385393,4045.893382781742,19.947554018294294,3959.785226232132,19.968758663388893,3956.327691584562,19.96778238316321,3975.797810400261,19.967704297440555,3966.4561732420507,19.962806037228177
307,3894.4767552115577,19.966675156467268,4045.893382781742,19.980246708269288,3959.785226232132,19.975294482020896,3956.327691584562,19.971158430069107,3975.797810400261,19.956353932712457,3966.4561732420507,19.969945741907804
308,3894.4767552115577,19.974539405564617,4045.893382781742,19.983271574983878,3959.785226232132,19.983669044167645,3956.327691584562,19.969472606693863,3975.797810400261,19.962251270149746,3966.4561732420507,19.97464078031195
309,3894.4767552115577,19.964544360617133,4045.893382781742,19.989311703551717,3959.785226232132,19.97356446857409,3956.327691584562,19.957344741156216,3975.797810400261,19.972126994706,3966.4561732420507,19.97137845372103
310,3894.4767552115577,19.943504372715896,4045.893382781742,19.968269772133855,3959.785226232132,19.965969185027365,3956.327691584562,19.959328027796914,3975.797810400261,19.973243480770055,3966.4561732420507,19.962062967688816
311,3894.4767552115577,19.970947032684567,4045.893382781742,19.946614808698445,3959.785226232132,19.96258400489935,3956.327691584562,19.971629411668655,3975.797810400261,19.973880162124814,3966.4561732420507,19.965131084015166
312,3894.4767552115577,19.957780710111347,4033.09070119145,19.973941999799802,3959.785226232132,19.981351535434218,3956.327691584562,19.968564562726108,3975.797810400261,19.9659186801296,3963.8956369239922,19.969511497640216
313,3894.4767552115577,19.96489650414479,4033.09070119145,19.97355434718102,3959.785226232132,19.971258455537946,3956.327691584562,19.95513572474805,3975.797810400261,19.973580752492495,3963.8956369239922,19.96768515682086
314,3894.4767552115577,19.965423896662408,4033.09070119145,19.97021669161531,3959.785226232132,19.96846395153083,3956.327691584562,19.961252214486297,3975.797810400261,19.971262017723618,3963.8956369239922,19.967323754403694
315,3894.4767552115577,19.959861889050078,4033.09070119145,19.972257081114762,3959.785226232132,19.96791954005145,3956.327691584562,19.965029133839547,3975.797810400261,19.974369836331245,3963.8956369239922,19.967887496077417
316,3894.4767552115577,19.960489797190203,4033.09070119145,19.95962938432032,3959.785226232132,19.981997280990967,3956.327691584562,19.978671135735702,3975.797810400261,19.96930666237555,3963.8956369239922,19.970018852122546
317,3894.4767552115577,19.96666147297232,4033.09070119145,19.964296884521968,3959.785226232132,19.974305216633905,3956.327691584562,19.977935756952064,3975.797810400261,19.969129269696037,3963.8956369239922,19.97046572015526
318,3894.4767552115577,19.976138478585913,4033.09070119145,19.957039908200024,3959.785226232132,19.97897566861301,3956.327691584562,19.965014689292573,3975.797810400261,19.981840998381617,3963.8956369239922,19.971801948614626
319,3894.4767552115577,19.973990041927184,4033.09070119145,19.95742765643767,3959.785226232132,19.984317893838213,3956.327691584562,19.972853500784975,3975.797810400261,19.9717623910969,3963.8956369239922,19.972070296816987
320,3894.4767552115577,19.958737243010823,4033.09070119145,19.96640191732182,3959.785226232132,19.973710895853777,3956.327691584562,19.968742263162323,3975.797810400261,19.96960574970685,3963.8956369239922,19.96743961381112
321,3894.4767552115577,19.968557593053134,4033.09070119145,19.980591439413264,3959.785226232132,19.96197608920575,3956.327691584562,19.96296795714088,3975.797810400261,19.97514110743813,3963.8956369239922,19.96984683725023
322,3894.4767552115577,19.97640105040558,4033.09070119145,19.967532935448794,3959.785226232132,19.96998025370164,3956.327691584562,19.954962884223587,3975.797810400261,19.977658706901344,3963.8956369239922,19.96930716613619
323,3894.4767552115577,19.973385126410566,4033.09070119145,19.9504945451488,3959.785226232132,19.972729806100123,3956.327691584562,19.95008238037926,3975.797810400261,19.987008785925813,3963.8956369239922,19.96674012879291
324,3894.4767552115577,19.97798005928858,4033.09070119145,19.96147007450939,3959.785226232132,19.954241574068902,3956.327691584562,19.946647847395447,3975.797810400261,19.98512326440959,3963.8956369239922,19.965092563934384
325,3894.4767552115577,19.971307935080077,4033.09070119145,19.959767145173725,3959.785226232132,19.970267926166503,3956.327691584562,19.959285007151557,3975.797810400261,19.972984443518932,3963.8956369239922,19.96672249141816
326,3894.4767552115577,19.969219810309628,4033.09070119145,19.960744137633668,3959.785226232132,19.974902827240683,3956.327691584562,19.97134959538155,3975.797810400261,19.971918967243948,3963.8956369239922,19.969627067561895
327,3894.4767552115577,19.96729493388609,4033.09070119145,19.98079579691845,3959.785226232132,19.97372539471466,3956.327691584562,19.95455259242802,3975.797810400261,19.964127348829262,3963.8956369239922,19.968099213355295
328,3894.4767552115577,19.983673034715352,4033.09070119145,19.974298951678886,3959.785226232132,19.967924036370274,3956.327691584562,19.972395705128537,3975.797810400261,19.98832388008008,3963.8956369239922,19.97732312159463
329,3894.4767552115577,19.9808546502282,4033.09070119145,19.970549827144662,3959.785226232132,19.96010660832233,3956.327691584562,19.975600187799404,3975.797810400261,19.99168043765063,3963.8956369239922,19.975758342229046
330,3894.4767552115577,19.96003590779108,4033.09070119145,19.979281594885922,3959.785226232132,19.973377120933755,3956.327691584562,19.975745722910023,3975.797810400261,19.990723314387104,3963.8956369239922,19.97583273218158
331,3894.4767552115577,19.985437079054932,4033.09070119145,19.963647805330016,3959.785226232132,19.976767452861864,3956.327691584562,19.972249751989402,3975.797810400261,19.974036928979565,3963.8956369239922,19.974427803643152
332,3894.4767552115577,19.97162203519903,4033.09070119145,19.94683327528721,3959.785226232132,19.979247588627384,3956.327691584562,19.97146243907299,3975.797810400261,19.986308901285515,3963.8956369239922,19.971094847894427
333,3894.4767552115577,19.957425194499955,4033.09070119145,19.972440964182827,3959.785226232132,19.967167459719658,3956.327691584562,19.968900796614072,3975.797810400261,19.981977517854276,3963.8956369239922,19.969582386574157
334,3894.4767552115577,19.96530761718938,4033.09070119145,19.95731857938259,3959.785226232132,19.962791027156,3956.327691584562,19.9656094379027,3975.797810400261,19.978345171408844,3963.8956369239922,19.965874366607903
335,3894.4767552115577,19.95874352172576,4033.09070119145,19.958672347310017,3959.785226232132,19.974244893363927,3956.327691584562,19.96765696142814,3975.797810400261,19.95407313062135,3963.8956369239922,19.962678170889838
336,3894.4767552115577,19.96045427591506,4033.09070119145,19.952644483526644,3959.785226232132,19.974167466376905,3956.327691584562,19.96290058847433,3975.797810400261,19.97455460047417,3963.8956369239922,19.96494428295342
337,3894.4767552115577,19.963888053037504,4033.09070119145,19.97312164291598,3959.785226232132,19.97371795626898,3956.327691584562,19.971680896813652,3975.797810400261,19.97268204678621,3963.8956369239922,19.971018119164466
338,3894.4767552115577,19.964537661383947,4033.09070119145,19.95193204606747,3959.785226232132,19.97360115068633,3956.327691584562,19.979926275908092,3975.797810400261,19.95799851511296,3963.8956369239922,19.96559912983176
339,3894.4767552115577,19.95579149810522,4033.09070119145,19.96181567709166,3959.785226232132,19.964948540883185,3956.327691584562,19.967061602763344,3975.797810400261,19.968290710283462,3963.8956369239922,19.963581605825375
340,3894.4767552115577,19.968955065811418,4033.09070119145,19.965284591163723,3959.785226232132,19.965088452438042,3956.327691584562,19.96878374241427,3975.797810400261,19.971112330772815,3963.8956369239922,19.96784483652005
341,3894.4767552115577,19.965033684288244,4033.09070119145,19.966131944145737,3959.785226232132,19.969464561875956,3956.327691584562,19.962610263640997,3975.797810400261,19.972870588914382,3963.8956369239922,19.967222208573066
342,3894.4767552115577,19.95765663893282,4033.09070119145,19.97507388621003,3959.785226232132,19.96751420631821,3956.327691584562,19.972955464579712,3975.797810400261,19.963131713357388,3963.8956369239922,19.967266381879632
343,3894.4767552115577,19.96485034237019,4033.09070119145,19.951803808470533,3959.785226232132,19.970274956853633,3956.327691584562,19.98303218993114,3975.797810400261,19.9653675490245,3963.8956369239922,19.96706576933
344,3894.4767552115577,19.98618143919838,4033.09070119145,19.978442815377935,3959.785226232132,19.96866194188422,3956.327691584562,19.972129082504622,3975.797810400261,19.969311991742938,3963.8956369239922,19.974945454141622
345,3894.4767552115577,19.975015739721602,4033.09070119145,19.9801778594294,3959.785226232132,19.96253671524657,3956.327691584562,19.95772273413328,3975.797810400261,19.964726163588377,3963.8956369239922,19.96803584242385
346,3894.4767552115577,19.97087593809558,4033.09070119145,19.968823235555735,3959.785226232132,19.981839535738214,3956.327691584562,19.959516007905076,3975.797810400261,19.968127196442918,3963.8956369239922,19.96983638274751
347,3894.4767552115577,19.970398627700536,4033.09070119145,19.962278878490697,3959.785226232132,19.95699645135617,3956.327691584562,19.965795787315674,3975.797810400261,19.976342909795658,3963.8956369239922,19.966362530931747
348,3894.4767552115577,19.971264676547325,4033.09070119145,19.971669691491453,3959.785226232132,19.95651064455278,3956.327691584562,19.97823006786043,3975.797810400261,19.965761462112066,3963.8956369239922,19.96868730851281
349,3894.4767552115577,19.971435970477444,4033.09070119145,19.97107549887635,3959.785226232132,19.965051345094768,3956.327691584562,19.951656640800145,3975.797810400261,19.950852525746573,3963.8956369239922,19.962014396199056
350,3894.4767552115577,19.977042895604594,4033.09070119145,19.96199796840575,3959.785226232132,19.954272950744745,3956.327691584562,19.966125727588153,3975.797810400261,19.954188795251522,3963.8956369239922,19.962725667518953
351,3894.4767552115577,19.962223430106793,4033.09070119145,19.96458984170494,3959.785226232132,19.968084771565657,3956.327691584562,19.97407631983186,3975.797810400261,19.982178639502862,3963.8956369239922,19.970230600542422
352,3894.4767552115577,19.973478101233045,4033.09070119145,19.9792392337197,3959.785226232132,19.971149330553907,3956.327691584562,19.945018112513697,3975.797810400261,19.979829953431633,3963.8956369239922,19.969742946290395
353,3894.4767552115577,19.95932091119805,4033.09070119145,19.96595034546699,3959.785226232132,19.97094570315774,3956.327691584562,19.96551853479148,3975.797810400261,19.968045806938164,3963.8956369239922,19.965956260310485
354,3894.4767552115577,19.98047343525482,4033.09070119145,19.96181994213835,3959.785226232132,19.97744909705121,3956.327691584562,19.97164015359387,3975.797810400261,19.993330264227843,3963.8956369239922,19.97694257845322
355,3894.4767552115577,19.970989186435176,4033.09070119145,19.968994782612544,3959.785226232132,19.969052174616674,3956.327691584562,19.96880282929833,3975.797810400261,19.982524780764237,3963.8956369239922,19.97207275074539
356,3894.4767552115577,19.952795854574827,4033.09070119145,19.973735090732106,3959.785226232132,19.970829780706833,3956.327691584562,19.97880709446562,3975.797810400261,19.97007969953005,3963.8956369239922,19.969249504001887
357,3894.4767552115577,19.9699077693252,4033.09070119145,19.95761049652482,3959.785226232132,19.957300850152627,3956.327691584562,19.972666584847673,3975.797810400261,19.97010865673093,3963.8956369239922,19.96551887151625
358,3894.4767552115577,19.97209547317236,4033.09070119145,19.98379168262539,3959.785226232132,19.962558371359464,3956.327691584562,19.972032629332634,3975.797810400261,19.976941020344157,3963.8956369239922,19.9734838353668
359,3894.4767552115577,19.972699299854717,4033.09070119145,19.96520845548223,3959.785226232132,19.96885455236232,3956.327691584562,19.964112697745474,3975.797810400261,19.97195996468302,3963.8956369239922,19.968566994025554
360,3894.4767552115577,19.962798400670554,4033.09070119145,19.974913654750914,3959.785226232132,19.963806883299718,3956.327691584562,19.956264142218185,3975.797810400261,19.95391948662406,3963.8956369239922,19.962340513512686
361,3894.4767552115577,19.977980511184366,4033.09070119145,19.96617446919382,3959.785226232132,19.97191293546628,3956.327691584562,19.958347006093557,3975.797810400261,19.96286103931745,3963.8956369239922,19.967455192251094
362,3894.4767552115577,19.97203509495763,4033.09070119145,19.97602009130312,3959.785226232132,19.969239688115323,3956.327691584562,19.970216071309817,3975.797810400261,19.972264125401338,3963.8956369239922,19.971955014217446
363,3894.4767552115577,19.9743067460174,4033.09070119145,19.989426147380417,3959.785226232132,19.96729501312459,3956.327691584562,19.967676615081594,3975.797810400261,19.971223329077425,3963.8956369239922,19.973985570136286
364,3894.4767552115577,19.982025043917304,4033.09070119145,19.967690837563193,3959.785226232132,19.951380711015634,3956.327691584562,19.97415083255454,3975.797810400261,19.9644525364671,3963.8956369239922,19.967939992303553
365,3894.4767552115577,19.964162751105555,4033.09070119145,19.971344016084107,3959.785226232132,19.970698317874437,3956.327691584562,19.976474524895913,3975.797810400261,19.977479438799616,3963.8956369239922,19.972031809751925
366,3894.4767552115577,19.96738893453581,4033.09070119145,19.981477306785173,3959.785226232132,19.958582577119245,3956.327691584562,19.968374150761946,3975.797810400261,19.970012468890857,3963.8956369239922,19.969167087618608
367,3894.4767552115577,19.97737337756913,4033.09070119145,19.97263238381722,3959.785226232132,19.976497700206874,3956.327691584562,19.965661756122053,3975.797810400261,19.97413595767741,3963.8956369239922,19.973260235078538
368,3894.4767552115577,19.972156652443346,4033.09070119145,19.98134276968084,3959.785226232132,19.97654619156222,3956.327691584562,19.95638092713081,3975.797810400261,19.980647842225277,3963.8956369239922,19.973414876608498
369,3894.4767552115577,19.976311930163067,4033.09070119145,19.972313385349715,3959.785226232132,19.970473886435855,3956.327691584562,19.96508237701672,3975.797810400261,19.96349535003991,3963.8956369239922,19.969535385801052
370,3894.4767552115577,19.957589940925047,4033.09070119145,19.970380229221025,3959.785226232132,19.979783589215504,3956.327691584562,19.9656864727703,3975.797810400261,19.949264370680364,3963.8956369239922,19.96454092056245
371,3894.4767552115577,19.968465462425723,4033.09070119145,19.961292599646278,3959.785226232132,19.979231178420747,3956.327691584562,19.97393192094186,3975.797810400261,19.966243766926173,3963.8956369239922,19.969832985672156
372,3894.4767552115577,19.966582439312567,4033.09070119145,19.968018763363503,3959.785226232132,19.988742222131012,3956.327691584562,19.962507187309384,3975.797810400261,19.955820215244227,3963.8956369239922,19.96833416547214
373,3894.4767552115577,19.97764874623936,4033.09070119145,19.968045266472494,3959.785226232132,19.96165349078832,3956.327691584562,19.961208038641438,3975.797810400261,19.966991220951822,3963.8956369239922,19.96710935261869
374,3894.4767552115577,19.97529718492363,4033.09070119145,19.972643140449417,3959.785226232132,19.967241174776458,3956.327691584562,19.957740736898888,3975.797810400261,19.966312080920872,3963.8956369239922,19.967846863593852
375,3894.4767552115577,19.97006328253954,4033.09070119145,19.96950260709018,3959.785226232132,19.973558119867395,3956.327691584562,19.964826783948684,3975.797810400261,19.950029314584366,3963.8956369239922,19.965596021606032
376,3894.4767552115577,19.97783395118537,4033.09070119145,19.966817381188754,3959.785226232132,19.965160999554957,3956.327691584562,19.981088984857664,3975.797810400261,19.962610246253973,3963.8956369239922,19.970702312608143
377,3894.4767552115577,19.978305197446012,4033.09070119145,19.9713556030007,3959.785226232132,19.965901143656776,3956.327691584562,19.9508845154196,3975.797810400261,19.962858097648105,3963.8956369239922,19.96586091143424
378,3894.4767552115577,19.984135749776794,4033.09070119145,19.974806594996956,3959.785226232132,19.965123462811555,3956.327691584562,19.963908566742035,3975.797810400261,19.96038989596145,3963.8956369239922,19.969672854057755
379,3894.4767552115577,19.964771549274612,4033.09070119145,19.97266213171613,3959.785226232132,19.96654650801489,3956.327691584562,19.982533548325968,3975.797810400261,19.968078298606603,3963.8956369239922,19.97091840718764
380,3894.4767552115577,19.973110761219978,4033.09070119145,19.973938188000126,3959.785226232132,19.97764876577407,3956.327691584562,19.964350517792084,3975.797810400261,19.967012933313622,3963.8956369239922,19.971212233219976
381,3894.4767552115577,19.97154224699647,4033.09070119145,19.959177350880353,3959.785226232132,19.975687437298536,3956.327691584562,19.955009499376686,3975.797810400261,19.981782827357108,3963.8956369239922,19.968639872381832
382,3894.4767552115577,19.964983089611977,4033.09070119145,19.96597790042559,3959.785226232132,19.952914147399376,3956.327691584562,19.975945244670356,3975.797810400261,19.971902278817918,3963.8956369239922,19.966344532185044
383,3894.4767552115577,19.98775070067537,4033.09070119145,19.977494764190542,3959.785226232132,19.97233427083539,3956.327691584562,19.958411926127173,3975.797810400261,19.95374917479038,3963.8956369239922,19.96994816732377
384,3894.4767552115577,19.958809867356884,4033.09070119145,19.976879977165048,3959.785226232132,19.96438145361882,3956.327691584562,19.954226890685337,3975.797810400261,19.968026619046178,3963.8956369239922,19.964464961574453
385,3894.4767552115577,19.986730612847214,4033.09070119145,19.96642220914033,3959.785226232132,19.96901349108023,3956.327691584562,19.97038724409022,3975.797810400261,19.947248027523354,3963.8956369239922,19.96796031693627
386,3894.4767552115577,19.981581324547296,4033.09070119145,19.95896046046279,3959.785226232132,19.969428053814713,3956.327691584562,19.96887300738856,3975.797810400261,19.961367542875617,3963.8956369239922,19.968042077817795
387,3894.4767552115577,19.974455448712746,4033.09070119145,19.961332406228678,3959.785226232132,19.970499938794966,3956.327691584562,19.975680984378368,3969.2090729259353,19.961817286606905,3962.5778894291275,19.968757212944332
388,3894.4767552115577,19.977320788222425,4033.09070119145,19.959022055139094,3959.785226232132,19.964158458953904,3956.327691584562,19.976837585971783,3969.2090729259353,19.959930921639117,3962.5778894291275,19.967453961985264
389,3894.4767552115577,19.975122039660622,4033.09070119145,19.970726711378262,3959.785226232132,19.97008343141338,3956.327691584562,19.983937064680028,3969.2090729259353,19.96201441996703,3962.5778894291275,19.972376733419864
390,3894.4767552115577,19.974450959693517,4033.09070119145,19.97564992507882,3959.785226232132,19.974798957417153,3956.327691584562,19.963239917402447,3969.2090729259353,19.974172317819637,3962.5778894291275,19.972462415482315
391,3894.4767552115577,19.97034504497536,4033.09070119145,19.981578991545337,3959.785226232132,19.95969540044186,3956.327691584562,19.976565653624977,3969.2090729259353,19.958796347739177,3962.5778894291275,19.96939628766534
392,3894.4767552115577,19.97104643068973,4033.09070119145,19.967713696873897,3959.785226232132,19.965139822221918,3956.327691584562,19.958053877016496,3969.2090729259353,19.97105350130297,3962.5778894291275,19.966601465621
393,3894.4767552115577,19.959397365825957,4033.09070119145,19.960529361375364,3959.785226232132,19.965065066108842,3956.327691584562,19.97891189244971,3969.2090729259353,19.956298962894145,3962.5778894291275,19.964040529730806
394,3894.4767552115577,19.97169497173648,4033.09070119145,19.96234257780496,3959.785226232132,19.978676224530076,3956.327691584562,19.97407705087385,3969.2090729259353,19.965974361704543,3962.5778894291275,19.97055303732998
395,3894.4767552115577,19.958524030001225,4033.09070119145,19.9809866694393,3959.785226232132,19.975520723445094,3956.327691584562,19.983688613362663,3969.2090729259353,19.97267805627843,3962.5778894291275,19.974279618505342
396,3894.4767552115577,19.96651724978341,4033.09070119145,19.973640722426577,3959.785226232132,19.972525384828057,3956.327691584562,19.96217794750382,3969.2090729259353,19.972669878762826,3962.5778894291275,19.96950623666094
397,3894.4767552115577,19.96441337058209,4033.09070119145,19.967779087502862,3959.785226232132,19.96445962850254,3956.327691584562,19.976359167986097,3969.2090729259353,19.96142650570369,3962.5778894291275,19.966887552055454
398,3894.4767552115577,19.970495668121988,4033.09070119145,19.961001364913262,3959.785226232132,19.966443248671577,3956.327691584562,19.970521348422672,3969.2090729259353,19.97887578138247,3962.5778894291275,19.969467482302395
399,3894.4767552115577,19.95471939875584,4033.09070119145,19.965953021588845,3959.785226232132,19.955717543091144,3956.327691584562,19.98052202677471,3969.2090729259353,19.97766162371485,3962.5778894291275,19.966914722785077
400,3894.4767552115577,19.945765174048788,4033.09070119145,19.98346831139236,3959.785226232132,19.958963392277553,3956.327691584562,19.975958577377657,3969.2090729259353,19.960232425974212,3962.5778894291275,19.964877576214114
401,3894.4767552115577,19.95864780885577,4033.09070119145,19.979652479076584,3959.785226232132,19.970230875121583,3956.327691584562,19.964673089598804,3969.2090729259353,19.971552807358666,3962.5778894291275,19.96895141200228
402,3894.4767552115577,19.985906149686368,4033.09070119145,19.9704730524326,3959.785226232132,19.956574899953857,3956.327691584562,19.96485155940515,3969.2090729259353,19.96722566179578,3962.5778894291275,19.96900626465475
403,3894.4767552115577,19.96388528523152,4033.09070119145,19.983017285092966,3959.785226232132,19.97451760088414,3956.327691584562,19.960750219404083,3969.2090729259353,19.982729375040268,3962.5778894291275,19.972979953130597
404,3894.4767552115577,19.962631231030116,4033.09070119145,19.970507305802514,3959.785226232132,19.962640274264423,3956.327691584562,19.971033562921193,3969.2090729259353,19.981349616459603,3962.5778894291275,19.96963239809557
405,3894.4767552115577,19.95899847342942,4033.09070119145,19.97713535598296,3959.785226232132,19.96676525717723,3956.327691584562,19.961190003372636,3969.2090729259353,19.959211945824297,3962.5778894291275,19.96466020715731
406,3894.4767552115577,19.981524121944982,4033.09070119145,19.972902915811943,3959.785226232132,19.95671913306439,3956.327691584562,19.955619672373206,3969.2090729259353,19.962077511364946,3962.5778894291275,19.965768670911892
407,3894.4767552115577,19.9689918897992,4033.09070119145,19.986270631611617,3959.785226232132,19.980222544704823,3956.327691584562,19.97478447181857,3969.2090729259353,19.949571994351516,3962.5778894291275,19.971968306457146
408,3894.4767552115577,19.974573569227207,4033.09070119145,19.968649074561768,3959.785226232132,19.96415127435803,3956.327691584562,19.974337505729657,3969.2090729259353,19.97337375849582,3962.5778894291275,19.971017036474496
409,3894.4767552115577,19.978586342598142,4033.09070119145,19.975789800386504,3959.785226232132,19.97478567978477,3956.327691584562,19.972683023119128,3969.2090729259353,19.971759034644574,3962.5778894291275,19.974720776106626
410,3894.4767552115577,19.982752249834125,4033.09070119145,19.97898827576498,3959.785226232132,19.948021811627118,3956.327691584562,19.96884566325403,3969.2090729259353,19.951614029784235,3962.5778894291275,19.966044406052898
411,3894.4767552115577,19.966211307731925,4033.09070119145,19.960198754727056,3959.785226232132,19.96408440171983,3956.327691584562,19.987614631543135,3969.2090729259353,19.974910663149377,3962.5778894291275,19.970603951774265
412,3894.4767552115577,19.95525698517339,4033.09070119145,19.968435437572317,3959.785226232132,19.954500953858904,3956.327691584562,19.97058927729246,3969.2090729259353,19.960790920958647,3962.5778894291275,19.961914714971144
413,3894.4767552115577,19.975337347613486,4033.09070119145,19.951003038253923,3959.785226232132,19.985497073323135,3956.327691584562,19.98359728416805,3969.2090729259353,19.973107856282876,3962.5778894291275,19.97370851992829
414,3894.4767552115577,19.966352091959997,4033.09070119145,19.973646191952355,3959.785226232132,19.98445731534917,3956.327691584562,19.967201589772905,3969.2090729259353,19.984591899435465,3962.5778894291275,19.975249817693975
415,3894.4767552115577,19.962326605065545,4033.09070119145,19.962998821146005,3959.785226232132,19.968061319186287,3956.327691584562,19.96275026303512,3969.2090729259353,19.971891092600774,3962.5778894291275,19.965605620206745
416,3894.4767552115577,19.971317703862617,4033.09070119145,19.972960159000706,3959.785226232132,19.979027684439767,3956.327691584562,19.960880777540616,3969.2090729259353,19.972662429574715,3962.5778894291275,19.971369750883685
417,3894.4767552115577,19.976948760901326,4033.09070119145,19.962907272198134,3959.785226232132,19.97460639320816,3956.327691584562,19.93130509210596,3969.2090729259353,19.971423330563283,3962.5778894291275,19.963438169795374
418,3894.4767552115577,19.976040561786284,4033.09070119145,19.968518173224698,3959.785226232132,19.962292017607687,3956.327691584562,19.942951291942304,3969.2090729259353,19.98348207870785,3962.5778894291275,19.966656824653764
419,3894.4767552115577,19.9548639440837,4033.09070119145,19.965975061239412,3959.785226232132,19.971806822538603,3956.327691584562,19.97405497896307,3969.2090729259353,19.975233173193416,3962.5778894291275,19.968386796003642
420,3894.4767552115577,19.973130290942944,4033.09070119145,19.975789305828958,3959.785226232132,19.969839384171074,3956.327691584562,19.992040861816953,3969.2090729259353,19.953608325270313,3962.5778894291275,19.972881633606047
421,3894.4767552115577,19.97050602959665,4033.09070119145,19.977830881167918,3959.785226232132,19.96115920498023,3956.327691584562,19.989627673976347,3969.2090729259353,19.94727595604559,3962.5778894291275,19.969279949153346
422,3894.4767552115577,19.980411932276233,4033.09070119145,19.975578307839633,3959.785226232132,19.960238615493576,3956.327691584562,19.971598566388582,3969.2090729259353,19.95938701561244,3962.5778894291275,19.969442887522092
423,3894.4767552115577,19.984894096992193,4033.09070119145,19.966209854171606,3959.785226232132,19.979586360038866,3956.327691584562,19.974379081156652,3969.2090729259353,19.94976297853196,3962.5778894291275,19.970966474178258
424,3894.4767552115577,19.98671353484883,4033.09070119145,19.959788636128224,3959.785226232132,19.967451795129357,3956.327691584562,19.983311418493702,3969.2090729259353,19.956631097364387,3962.5778894291275,19.9707792963929
425,3894.4767552115577,19.969651841507524,4033.09070119145,19.957962706371617,3959.785226232132,19.962711758031066,3956.327691584562,19.967674718255974,3969.2090729259353,19.97308507844511,3962.5778894291275,19.96621722052226
426,3894.4767552115577,19.970818277368696,4033.09070119145,19.9676451304193,3959.785226232132,19.966687073158088,3956.327691584562,19.9657744716622,3969.2090729259353,19.970158771209437,3962.5778894291275,19.968216744763545
427,3894.4767552115577,19.970413891766665,4033.09070119145,19.97143118411951,3959.785226232132,19.978896671266693,3956.327691584562,19.962306862264192,3969.2090729259353,19.98257732175926,3962.5778894291275,19.97312518623527
428,3894.4767552115577,19.965877867945764,4033.09070119145,19.981791771706444,3959.785226232132,19.976519162293773,3956.327691584562,19.975582048633523,3969.2090729259353,19.963755252533186,3962.5778894291275,19.972705220622537
429,3894.4767552115577,19.96416038495022,4033.09070119145,19.976208532548988,3959.785226232132,19.967366735062893,3956.327691584562,19.947203047466274,3969.2090729259353,19.965756295043697,3962.5778894291275,19.964138999014416
430,3894.4767552115577,19.962545277555254,4033.09070119145,19.953168911659564,3959.785226232132,19.971519516299427,3956.327691584562,19.97287791647785,3969.2090729259353,19.96914419343948,3962.5778894291275,19.965851163086317
431,3894.4767552115577,19.96137111447182,4033.09070119145,19.967854313467246,3959.785226232132,19.970841553116905,3956.327691584562,19.965606644690972,3969.2090729259353,19.97374927114763,3962.5778894291275,19.967884579378914
432,3894.4767552115577,19.96418471677456,4033.09070119145,19.97364682621989,3959.785226232132,19.963882098679996,3956.327691584562,19.98142628234429,3969.2090729259353,19.95623142442211,3962.5778894291275,19.96787426968817
433,3894.4767552115577,19.960556613027222,4033.09070119145,19.973502638306677,3959.785226232132,19.958581755004825,3956.327691584562,19.967388871466618,3969.2090729259353,19.94772588533339,3962.5778894291275,19.96155115262775
434,3894.4767552115577,19.977207876641213,4033.09070119145,19.963024416156774,3959.785226232132,19.965513173117625,3956.327691584562,19.988540037620574,3969.2090729259353,19.95103895520747,3962.5778894291275,19.969064891748733
435,3894.4767552115577,19.980882716624212,4033.09070119145,19.963119000958596,3959.785226232132,19.962514795774897,3956.327691584562,19.960836770300595,3969.2090729259353,19.967246399958878,3962.5778894291275,19.966919936723436
436,3894.4767552115577,19.965459801098575,4033.09070119145,19.952429588711695,3959.785226232132,19.961615053686213,3956.327691584562,19.941605432001676,3969.2090729259353,19.96370739751968,3962.5778894291275,19.95696345460357
437,3894.4767552115577,19.97130181993032,4033.09070119145,19.966466688932055,3959.785226232132,19.955113304178237,3956.327691584562,19.96145500865664,3969.2090729259353,19.96462759589366,3962.5778894291275,19.963792883518185
438,3894.4767552115577,19.979022931042078,4033.09070119145,19.967578127949814,3959.785226232132,19.955868464219687,3956.327691584562,19.978725551780087,3969.2090729259353,19.944029773314096,3962.5778894291275,19.965044969661154
439,3894.4767552115577,19.976902628212866,4033.09070119145,19.958359797133014,3959.785226232132,19.971733604014506,3956.327691584562,19.965390349173422,3969.2090729259353,19.977390443649792,3962.5778894291275,19.96995536443672
440,3894.4767552115577,19.987945485092595,4033.09070119145,19.95704888164932,3959.785226232132,19.96493695167957,3956.327691584562,19.955443857193572,3969.2090729259353,19.966717506852145,3962.5778894291275,19.966418536493443
441,3894.4767552115577,19.964560931584916,4033.09070119145,19.969059575379333,3959.785226232132,19.971269119658096,3956.327691584562,19.962724286422354,3969.2090729259353,19.964051245588045,3962.5778894291275,19.96633303172655
442,3894.4767552115577,19.98555384949736,4033.09070119145,19.972437731459838,3959.785226232132,19.96495400689442,3956.327691584562,19.974661635144038,3969.2090729259353,19.967376151724896,3962.5778894291275,19.972996674944106
443,3894.4767552115577,19.971902273837646,4033.09070119145,19.97761078563772,3959.785226232132,19.968604392256704,3956.327691584562,19.948386848354062,3969.2090729259353,19.95809304120909,3962.5778894291275,19.964919468259048
444,3894.4767552115577,19.963758945029507,4033.09070119145,19.965187316711166,3959.785226232132,19.97329550442356,3956.327691584562,19.957615440172777,3969.2090729259353,19.96851088991317,3962.5778894291275,19.965673619250037
445,3894.4767552115577,19.95684451656686,4033.09070119145,19.97012973550517,3959.785226232132,19.940508465261345,3956.327691584562,19.965133830981266,3969.2090729259353,19.976881533748738,3962.5778894291275,19.961899616412673
446,3894.4767552115577,19.985999131268617,4033.09070119145,19.95894211791244,3959.785226232132,19.969958048180235,3956.327691584562,19.981793236864398,3969.2090729259353,19.96737045955954,3962.5778894291275,19.97281259875704
447,3894.4767552115577,19.97598552044398,4033.09070119145,19.97073269351289,3959.785226232132,19.975882476575308,3956.327691584562,19.971693064807866,3969.2090729259353,19.966099967870637,3962.5778894291275,19.972078744642136
448,3894.4767552115577,19.965846039914176,4033.09070119145,19.97063353359873,3959.785226232132,19.964713561088512,3956.327691584562,19.97214215653217,3969.2090729259353,19.97126391745947,3962.5778894291275,19.96891984171861
449,3894.4767552115577,19.97308430087113,4033.09070119145,19.978651067816163,3959.785226232132,19.973782325471852,3956.327691584562,19.97792572404604,3969.2090729259353,19.964125892865603,3962.5778894291275,19.973513862214155
450,3894.4767552115577,19.971399204875866,4033.09070119145,19.9820796531701,3959.785226232132,19.96854782564066,3956.327691584562,19.984823924757347,3969.2090729259353,19.97304305967619,3962.5778894291275,19.975978733624032
451,3894.4767552115577,19.969092811204394,4033.09070119145,19.980967764615876,3959.785226232132,19.961390988359483,3956.327691584562,19.971193795202282,3969.2090729259353,19.971355541561255,3962.5778894291275,19.970800180188657
452,3894.4767552115577,19.975623333493594,4033.09070119145,19.974000784553933,3959.785226232132,19.962796056121935,3956.327691584562,19.97130632097275,3969.2090729259353,19.958825236620246,3962.5778894291275,19.968510346352492
453,3894.4767552115577,19.976758335338967,4033.09070119145,19.972764862749013,3959.785226232132,19.96931214030976,3956.327691584562,19.94809176911414,3969.2090729259353,19.961561842403114,3962.5778894291275,19.965697789983
454,3894.4767552115577,19.948082774123435,4033.09070119145,19.970388602346475,3959.785226232132,19.971595574905248,3956.327691584562,19.967469771704593,3969.2090729259353,19.959166951659924,3962.5778894291275,19.963340734947938
455,3894.4767552115577,19.969105566379287,4033.09070119145,19.9690902451906,3959.785226232132,19.97058700328916,3956.327691584562,19.974149399996776,3969.2090729259353,19.96713425897477,3962.5778894291275,19.97001329476612
456,3894.4767552115577,19.969763809210036,4033.09070119145,19.96351896145897,3959.785226232132,19.98658048955954,3956.327691584562,19.961860277113257,3969.2090729259353,19.963235372236905,3962.5778894291275,19.968991781915744
457,3894.4767552115577,19.958408882169756,4033.09070119145,19.96391506078435,3959.785226232132,19.969232668299668,3956.327691584562,19.964917803865866,3969.2090729259353,19.980990670052616,3962.5778894291275,19.96749301703445
458,3894.4767552115577,19.965082902687296,4033.09070119145,19.977878706176636,3959.785226232132,19.965165550311752,3956.327691584562,19.955858306626542,3969.2090729259353,19.969701567194864,3962.5778894291275,19.966737406599417
459,3894.4767552115577,19.96527916873103,4033.09070119145,19.95867391976622,3959.785226232132,19.95538556375639,3956.327691584562,19.957419315616715,3969.2090729259353,19.971328579528468,3962.5778894291275,19.961617309479767
460,3894.4767552115577,19.948917709179096,4033.09070119145,19.98218988395883,3959.785226232132,19.967334301845206,3956.327691584562,19.949166805915524,3969.2090729259353,19.962641286228944,3962.5778894291275,19.96204999742552
461,3894.4767552115577,19.973950473192378,4033.09070119145,19.95784225666789,3959.785226232132,19.954752487565905,3956.327691584562,19.9481686858312,3969.2090729259353,19.97478471772571,3962.5778894291275,19.96189972419662
462,3894.4767552115577,19.970281121794144,4033.09070119145,19.97313044363685,3959.785226232132,19.965545260439185,3956.327691584562,19.967093853399522,3969.2090729259353,19.96728876788137,3962.5778894291275,19.968667889430215
463,3894.4767552115577,19.988668336574293,4033.09070119145,19.981575153316154,3959.785226232132,19.979328292980775,3956.327691584562,19.960111599988256,3969.2090729259353,19.973793486638503,3962.5778894291275,19.976695373899595
464,3894.4767552115577,19.992641416953276,4033.09070119145,19.972481046300068,3959.785226232132,19.95440173392278,3956.327691584562,19.961990159646653,3969.2090729259353,19.96646042247073,3962.5778894291275,19.969594955858703
465,3894.4767552115577,19.976382485989134,4033.09070119145,19.970883154530753,3959.785226232132,19.95981106526746,3956.327691584562,19.9653068597678,3969.2090729259353,19.961079599106316,3962.5778894291275,19.96669263293229
466,3894.4767552115577,19.960145332026077,4033.09070119145,19.95146425633239,3959.785226232132,19.97706108465618,3956.327691584562,19.968315258310653,3969.2090729259353,19.979755757778694,3962.5778894291275,19.9673483378208
467,3894.4767552115577,19.956888148480093,4033.09070119145,19.969169556360605,3959.785226232132,19.976412276872704,3956.327691584562,19.964338934665925,3969.2090729259353,19.9620093752762,3962.5778894291275,19.965763658331106
468,3894.4767552115577,19.969207204796906,4033.09070119145,19.960870694479514,3959.785226232132,19.9751095772182,3956.327691584562,19.976877695116812,3969.2090729259353,19.950288872861474,3962.5778894291275,19.96647080889458
469,3894.4767552115577,19.957708984891497,4033.09070119145,19.970339277010947,3959.785226232132,19.96761944143964,3956.327691584562,19.967860214719238,3969.2090729259353,19.976202622426616,3962.5778894291275,19.967946108097586
470,3894.4767552115577,19.96205038915,4033.09070119145,19.966658382815186,3959.785226232132,19.964617529922904,3956.327691584562,19.97296345420922,3969.2090729259353,19.967982692777202,3962.5778894291275,19.966854489774903
471,3894.4767552115577,19.97141037317725,4033.09070119145,19.976386031413167,3959.785226232132,19.969952288091076,3956.327691584562,19.984637496554768,3969.2090729259353,19.960829128010815,3962.5778894291275,19.972643063449418
472,3894.4767552115577,19.985581269483298,4033.09070119145,19.969959276564435,3959.785226232132,19.966315953504704,3956.327691584562,19.962918345041547,3969.2090729259353,19.988270358459204,3962.5778894291275,19.974609040610638
473,3894.4767552115577,19.980031633743803,4033.09070119145,19.975325190882444,3959.785226232132,19.954262331694938,3956.327691584562,19.953124432492558,3969.2090729259353,19.964858578063257,3962.5778894291275,19.9655204333754
474,3894.4767552115577,19.96449038761288,4033.09070119145,19.95534163653452,3959.785226232132,19.97998374378428,3956.327691584562,19.966351443022056,3969.2090729259353,19.975169989476214,3962.5778894291275,19.968267440085988
475,3894.4767552115577,19.953496450818776,4033.09070119145,19.959820353900476,3959.785226232132,19.977600396316852,3956.327691584562,19.960887165384065,3969.2090729259353,19.96622463544858,3962.5778894291275,19.96360580037375
476,3894.4767552115577,19.961035937724937,4033.09070119145,19.976344479059883,3959.785226232132,19.984065003131526,3956.327691584562,19.97149519733354,3969.2090729259353,19.958375099935818,3962.5778894291275,19.97026314343714
477,3894.4767552115577,19.953946482462072,4033.09070119145,19.97037620309134,3959.785226232132,19.975263057277218,3956.327691584562,19.96583505612482,3969.2090729259353,19.964670589565323,3962.5778894291275,19.966018277704155
478,3894.4767552115577,19.962163182579708,4033.09070119145,19.964688879603884,3959.785226232132,19.970502747254976,3956.327691584562,19.961851912237783,3969.2090729259353,19.969357915180098,3962.5778894291275,19.96571292737129
479,3894.4767552115577,19.973373827973578,4033.09070119145,19.968846247006923,3959.785226232132,19.966705213710558,3956.327691584562,19.98276278084888,3969.2090729259353,19.965513062361765,3962.5778894291275,19.971440226380338
480,3894.4767552115577,19.97396444213102,4033.09070119145,19.962811299838968,3959.785226232132,19.967368087961855,3956.327691584562,19.970332854408156,3969.2090729259353,19.962857344395964,3962.5778894291275,19.967466805747193
481,3894.4767552115577,19.974368123014255,4033.09070119145,19.951609219438748,3959.785226232132,19.957548614950994,3956.327691584562,19.981477910137023,3969.2090729259353,19.989357215548925,3962.5778894291275,19.970872216617988
482,3894.4767552115577,19.952597749535823,4033.09070119145,19.959667436630046,3959.785226232132,19.966248932963904,3956.327691584562,19.962565687225727,3969.2090729259353,19.980092409881095,3962.5778894291275,19.96423444324732
483,3894.4767552115577,19.975216933274716,4033.09070119145,19.979138336619805,3959.785226232132,19.958274865434078,3956.327691584562,19.96649166923543,3969.2090729259353,19.97902524505611,3962.5778894291275,19.971629409924027
484,3894.4767552115577,19.965876416742127,4033.09070119145,19.975636145839278,3959.785226232132,19.968015319514326,3956.327691584562,19.954727538354966,3969.2090729259353,19.96571242288325,3962.5778894291275,19.96599356866679
485,3894.4767552115577,19.969836169282996,4033.09070119145,19.968583454635766,3959.785226232132,19.981413686263252,3956.327691584562,19.963109342633572,3969.2090729259353,19.97588267037668,3962.5778894291275,19.971765064638454
486,3894.4767552115577,19.971783242211902,4033.09070119145,19.994013158807334,3959.785226232132,19.963484377783022,3956.327691584562,19.942053687089405,3969.2090729259353,19.96744418458457,3962.5778894291275,19.967755730095245
487,3894.4767552115577,19.970957519363825,4033.09070119145,19.96903759723497,3959.785226232132,19.989005650731684,3956.327691584562,19.970022753013286,3969.2090729259353,19.95097751346341,3962.5778894291275,19.970000206761434
488,3894.4767552115577,19.974222532263983,4033.09070119145,19.97876503792397,3959.785226232132,19.982107076983375,3956.327691584562,19.980747231450515,3969.2090729259353,19.97884632344477,3962.5778894291275,19.978937640413324
489,3894.4767552115577,19.960886183793313,4033.09070119145,19.973921658401615,3959.785226232132,19.978003523217296,3956.327691584562,19.944108724058584,3969.2090729259353,19.98110187477465,3962.5778894291275,19.96760439284909
490,3894.4767552115577,19.962528501755504,4033.09070119145,19.98016828476464,3959.785226232132,19.978294961104357,3956.327691584562,19.962009846866625,3969.2090729259353,19.96305868541652,3962.5778894291275,19.96921205598153
491,3894.4767552115577,19.950181873307294,4033.09070119145,19.97152644519799,3959.785226232132,19.95807360945016,3956.327691584562,19.965044122839277,3969.2090729259353,19.960515487598144,3962.5778894291275,19.961068307678573
492,3894.4767552115577,19.959714320398053,4033.09070119145,19.965269925486208,3959.785226232132,19.9635886734909,3956.327691584562,19.966886739258314,3969.2090729259353,19.962360976509775,3962.5778894291275,19.96356412702865
493,3894.4767552115577,19.977813351861975,4033.09070119145,19.967755496407307,3959.785226232132,19.97431216560738,3956.327691584562,19.972156572407577,3969.2090729259353,19.96391130941378,3962.5778894291275,19.971189779139603
494,3894.4767552115577,19.960254589089082,4033.09070119145,19.965921201653245,3959.785226232132,19.94727957706025,3956.327691584562,19.979046227477603,3969.2090729259353,19.96565919218031,3962.5778894291275,19.9636321574921
495,3894.4767552115577,19.96324128310716,4033.09070119145,19.97282200425437,3959.785226232132,19.96851610198974,3956.327691584562,19.96915520328314,3969.2090729259353,19.97123383075536,3962.5778894291275,19.96899368467795
496,3894.4767552115577,19.97353180614739,4033.09070119145,19.969135880110393,3959.785226232132,19.961042704874675,3956.327691584562,19.945878952847227,3969.2090729259353,19.97159027878368,3962.5778894291275,19.96423592455267
497,3894.4767552115577,19.979918913671817,4033.09070119145,19.965701794689448,3959.785226232132,19.971376901389878,3956.327691584562,19.96768979780418,3969.2090729259353,19.9573152590483,3962.5778894291275,19.968400533320725
498,3894.4767552115577,19.95518542935536,4033.09070119145,19.976248821595604,3959.785226232132,19.966670366695322,3956.327691584562,19.984318674080082,3969.2090729259353,19.984823000944676,3962.5778894291275,19.97344925853421
499,3894.4767552115577,19.96133627572901,4033.09070119145,19.973308666539076,3959.785226232132,19.96526500475814,3956.327691584562,19.96294651035395,3969.2090729259353,19.951268273644203,3962.5778894291275,19.96282494620488
500,3894.4767552115577,19.988646809323512,4033.09070119145,19.97602744283691,3959.785226232132,19.972121676029577,3956.327691584562,19.96916006473829,3969.2090729259353,19.95650195393328,3962.5778894291275,19.972491589372314
